2 0.493229 0.315278 0.027083 0.262037
2 0.187240 0.688426 0.106771 0.082407
2 0.462760 0.916667 0.031771 0.161111
0 0.085156 0.726389 0.038021 0.034259
0 0.167708 0.642130 0.038542 0.037963
0 0.221354 0.615741 0.037500 0.035185
0 0.139323 0.550000 0.040104 0.044444
0 0.422396 0.498148 0.015625 0.062963
0 0.496354 0.569444 0.017708 0.061111
0 0.461458 0.271296 0.015625 0.066667
0 0.403385 0.288426 0.018229 0.067593
0 0.507552 0.776389 0.013021 0.069444
0 0.702083 0.482407 0.037500 0.033333
0 0.763281 0.491667 0.041146 0.031481
0 0.827344 0.509722 0.038021 0.028704
0 0.896354 0.528704 0.040625 0.033333
