0 0.338542 0.435648 0.034375 0.060185
0 0.195833 0.556481 0.043750 0.048148
0 0.238542 0.631481 0.040625 0.038889
0 0.436458 0.630093 0.020833 0.069444
0 0.481250 0.660648 0.017708 0.060185
0 0.374219 0.193519 0.016146 0.064815
0 0.508333 0.220833 0.019792 0.067593
0 0.461198 0.106481 0.016146 0.061111
0 0.712500 0.450926 0.039583 0.029630
0 0.708854 0.496296 0.038542 0.027778
0 0.701042 0.540278 0.036458 0.030556
0 0.758854 0.546296 0.039583 0.029630
0 0.819792 0.559722 0.037500 0.030556
0 0.833854 0.513426 0.040625 0.036111
0 0.881771 0.519444 0.040625 0.035185
0 0.767969 0.504167 0.038021 0.030556
2 0.134115 0.742130 0.109896 0.087963
0 0.046354 0.775000 0.039583 0.037037
0 0.076823 0.712500 0.042188 0.043519
0 0.135156 0.686111 0.038021 0.035185
0 0.192448 0.659722 0.040104 0.043519
0 0.222917 0.703241 0.039583 0.043519
0 0.414583 0.769444 0.018750 0.074074
0 0.491667 0.852315 0.018750 0.071296
0 0.447656 0.926852 0.019271 0.074074
0 0.469010 0.957407 0.019271 0.072222
