2 0.406510 0.617130 0.100521 0.226852
2 0.186458 0.685185 0.105208 0.083333
2 0.462240 0.900463 0.030729 0.195370
0 0.783333 0.632407 0.038542 0.031481
0 0.723698 0.531481 0.039062 0.037037
0 0.701823 0.478704 0.038021 0.029630
0 0.763021 0.488889 0.041667 0.033333
0 0.814583 0.503704 0.039583 0.031481
0 0.898438 0.522222 0.039583 0.033333
0 0.941927 0.481481 0.038021 0.033333
0 0.167448 0.641667 0.038021 0.037037
0 0.221354 0.614815 0.036458 0.035185
0 0.084896 0.729630 0.039583 0.035185
0 0.028125 0.761111 0.039583 0.042593
0 0.368229 0.112500 0.015625 0.065741
0 0.396094 0.105093 0.016146 0.071296
0 0.417969 0.081019 0.016146 0.065741
