0 0.080208 0.652315 0.038542 0.043519
0 0.363542 0.309722 0.016667 0.062037
0 0.396615 0.343056 0.018229 0.065741
0 0.411198 0.034722 0.016146 0.067593
0 0.453125 0.088889 0.017708 0.064815
0 0.474740 0.227778 0.016146 0.064815
0 0.511458 0.214352 0.018750 0.071296
0 0.425000 0.434722 0.017708 0.069444
0 0.406250 0.543981 0.017708 0.063889
0 0.474479 0.493981 0.017708 0.063889
0 0.413021 0.704630 0.017708 0.066667
0 0.432292 0.661574 0.016667 0.065741
0 0.487760 0.781481 0.020313 0.075926
0 0.104427 0.769444 0.039062 0.040741
0 0.154427 0.745370 0.035937 0.038889
0 0.215365 0.718519 0.044271 0.040741
0 0.143490 0.696759 0.036979 0.039815
2 0.057292 0.741667 0.111458 0.092593
2 0.314583 0.730556 0.104167 0.051852
2 0.413542 0.913889 0.033333 0.164815
0 0.476823 0.943981 0.022396 0.073148
0 0.704948 0.535185 0.038021 0.033333
