0 0.419792 0.093981 0.017708 0.073148
0 0.395833 0.165741 0.018750 0.061111
0 0.423958 0.293981 0.015625 0.065741
0 0.402344 0.331481 0.019271 0.064815
0 0.491927 0.390741 0.018229 0.064815
0 0.545573 0.377315 0.034896 0.052778
0 0.599479 0.419907 0.039583 0.037963
0 0.706510 0.494907 0.038021 0.032407
0 0.697917 0.538889 0.036458 0.029630
0 0.840365 0.559259 0.039062 0.029630
0 0.821354 0.514352 0.039583 0.030556
0 0.787240 0.452315 0.036979 0.028704
0 0.410677 0.658333 0.018229 0.072222
0 0.433333 0.601852 0.016667 0.062963
0 0.477083 0.605556 0.016667 0.068519
0 0.484115 0.785185 0.018229 0.066667
0 0.512760 0.911574 0.019271 0.071296
0 0.467708 0.954167 0.019792 0.075000
0 0.136458 0.681019 0.038542 0.036111
0 0.192448 0.656019 0.038021 0.043519
0 0.238542 0.627778 0.039583 0.038889
0 0.222396 0.698148 0.038542 0.040741
0 0.287500 0.490278 0.033333 0.050926
0 0.505990 0.706481 0.019271 0.070370
