0 0.022135 0.733333 0.042188 0.046296
0 0.039323 0.774074 0.039062 0.042593
2 0.127865 0.742130 0.109896 0.086111
0 0.136458 0.681944 0.038542 0.034259
0 0.193490 0.656481 0.039062 0.040741
0 0.239062 0.629630 0.039583 0.038889
0 0.222656 0.698611 0.041146 0.041667
0 0.262240 0.506481 0.035937 0.042593
0 0.397917 0.372685 0.016667 0.063889
0 0.422656 0.263426 0.016146 0.067593
0 0.475260 0.064815 0.018229 0.068519
0 0.520312 0.310185 0.027083 0.064815
0 0.477344 0.400000 0.016146 0.064815
0 0.600260 0.411574 0.034896 0.036111
0 0.677344 0.435648 0.038021 0.030556
0 0.741927 0.455556 0.040104 0.031481
0 0.707292 0.494907 0.037500 0.030556
0 0.765104 0.503241 0.037500 0.028704
0 0.756771 0.546759 0.040625 0.028704
0 0.698698 0.539815 0.035937 0.029630
0 0.819531 0.559259 0.041146 0.027778
0 0.830990 0.511111 0.040104 0.029630
0 0.878646 0.519444 0.041667 0.031481
0 0.667448 0.611111 0.038021 0.029630
0 0.573958 0.609259 0.040625 0.048148
0 0.482552 0.606481 0.018229 0.066667
0 0.434635 0.663889 0.019271 0.077778
0 0.411198 0.822685 0.019271 0.067593
0 0.442448 0.893981 0.018229 0.069444
0 0.486979 0.811574 0.018750 0.067593
0 0.468750 0.957407 0.020833 0.077778
