0 0.405990 0.326389 0.017188 0.063889
0 0.429427 0.288426 0.017188 0.065741
0 0.469010 0.256944 0.017188 0.067593
0 0.429167 0.464815 0.015625 0.068519
0 0.468229 0.510648 0.017708 0.067593
0 0.430469 0.631481 0.016146 0.066667
0 0.495833 0.624074 0.017708 0.061111
0 0.407812 0.581944 0.017708 0.071296
0 0.222135 0.622222 0.039062 0.038889
0 0.223958 0.669444 0.038542 0.037037
0 0.344792 0.707407 0.036458 0.040741
0 0.476823 0.752778 0.019271 0.070370
0 0.426042 0.829167 0.017708 0.067593
0 0.507292 0.968519 0.016667 0.059259
1 0.458333 0.947685 0.026042 0.100926
2 0.510677 0.393519 0.024479 0.250000
2 0.778646 0.458333 0.098958 0.057407
0 0.380990 0.112500 0.017188 0.065741
0 0.699479 0.498148 0.039583 0.033333
0 0.706771 0.544444 0.035417 0.029630
0 0.755729 0.551852 0.039583 0.031481
0 0.762240 0.505556 0.038021 0.031481
0 0.828646 0.522685 0.032292 0.032407
0 0.854687 0.482407 0.039583 0.037037
0 0.900521 0.489815 0.035417 0.029630
0 0.941927 0.545833 0.041146 0.036111
