0 0.182292 0.522222 0.039583 0.040741
0 0.079167 0.728704 0.042708 0.040741
0 0.138021 0.698148 0.036458 0.037037
0 0.185156 0.679167 0.041146 0.039815
0 0.135677 0.645833 0.040104 0.041667
0 0.260417 0.581481 0.040625 0.040741
0 0.383854 0.528241 0.036458 0.039815
0 0.413542 0.464352 0.042708 0.039815
0 0.491667 0.550926 0.036458 0.037037
0 0.340365 0.657870 0.041146 0.043519
0 0.488021 0.882407 0.017708 0.070370
0 0.516667 0.906481 0.018750 0.068519
0 0.546615 0.485648 0.041146 0.026852
0 0.614583 0.525000 0.038542 0.029630
0 0.594271 0.605556 0.036458 0.031481
0 0.719271 0.485185 0.039583 0.027778
0 0.900000 0.511111 0.042708 0.031481
0 0.793750 0.588889 0.036458 0.031481
2 0.907031 0.695833 0.109896 0.071296
0 0.386458 0.138889 0.017708 0.062963
0 0.409896 0.132870 0.016667 0.069444
0 0.980729 0.635185 0.035417 0.035185
0 0.911979 0.593519 0.041667 0.035185
