0 0.398698 0.136111 0.015104 0.064815
0 0.474219 0.423611 0.016146 0.065741
0 0.428385 0.331481 0.016146 0.057407
0 0.363021 0.356944 0.023958 0.063889
0 0.407292 0.481944 0.016667 0.060185
0 0.430990 0.589352 0.016146 0.065741
0 0.480729 0.701852 0.017708 0.057407
0 0.412500 0.736574 0.017708 0.067593
0 0.260156 0.499074 0.034896 0.038889
0 0.223177 0.623148 0.038021 0.037037
0 0.223698 0.671296 0.038021 0.033333
1 0.459115 0.948611 0.028646 0.097222
0 0.410417 0.967593 0.017708 0.062963
0 0.700000 0.501389 0.039583 0.032407
0 0.761979 0.506944 0.037500 0.034259
0 0.814844 0.520370 0.034896 0.033333
0 0.757292 0.554167 0.039583 0.032407
0 0.707292 0.546296 0.035417 0.031481
0 0.771875 0.616667 0.033333 0.031481
0 0.900260 0.539815 0.042188 0.033333
0 0.854948 0.485185 0.038021 0.033333
0 0.901302 0.492593 0.035937 0.029630
2 0.779427 0.460648 0.100521 0.058333
0 0.957552 0.512500 0.036979 0.036111
0 0.969792 0.554630 0.044792 0.038889
