0 0.580750 0.416889 0.014500 0.041778
0 0.564250 0.419111 0.013500 0.043556
0 0.575250 0.481111 0.014000 0.045778
0 0.553875 0.538000 0.015250 0.039556
0 0.574375 0.528222 0.013250 0.040444
0 0.572250 0.575778 0.015000 0.044889
0 0.550250 0.598000 0.017500 0.047556
0 0.567750 0.628889 0.014500 0.043556
0 0.546500 0.656000 0.014500 0.054222
0 0.566000 0.683778 0.014500 0.052000
0 0.584375 0.685111 0.015750 0.057333
0 0.539625 0.718889 0.016250 0.058222
0 0.561250 0.771111 0.015500 0.060444
0 0.583750 0.758000 0.014500 0.053778
0 0.536625 0.792222 0.016250 0.057333
0 0.556250 0.844222 0.016000 0.052000
0 0.581500 0.843111 0.018000 0.061333
0 0.533750 0.861111 0.016000 0.063556
0 0.640875 0.060889 0.010250 0.029333
