0 0.058854 0.493519 0.048958 0.037037
0 0.267188 0.512500 0.045833 0.032407
2 0.327865 0.692593 0.168229 0.055556
2 0.578646 0.556481 0.029167 0.185185
0 0.640625 0.438889 0.036458 0.042593
0 0.699479 0.656019 0.040625 0.045370
0 0.756510 0.506019 0.041146 0.034259
0 0.844010 0.502315 0.040104 0.032407
0 0.959635 0.494907 0.043229 0.032407
0 0.586719 0.800000 0.022396 0.079630
0 0.490885 0.856481 0.031771 0.075926
0 0.560677 0.911574 0.025521 0.082407
0 0.623698 0.865278 0.022396 0.080556
0 0.516146 0.055556 0.021875 0.083333
