0 0.096875 0.567778 0.042250 0.035111
0 0.124125 0.467111 0.035250 0.032000
0 0.365875 0.450000 0.033250 0.030667
0 0.447250 0.444222 0.034000 0.045778
0 0.541500 0.396000 0.017500 0.052444
0 0.545875 0.191111 0.015750 0.058667
0 0.655375 0.554222 0.034750 0.036444
0 0.725625 0.573111 0.031750 0.028889
0 0.417125 0.648889 0.036250 0.025778
0 0.337750 0.650000 0.037500 0.027111
0 0.317000 0.570000 0.034000 0.027111
0 0.602750 0.908889 0.021500 0.064889
0 0.738625 0.530889 0.031750 0.028889
0 0.777625 0.528889 0.035250 0.031111
0 0.736500 0.494000 0.031000 0.024444
0 0.776500 0.490222 0.034000 0.032000
0 0.816500 0.490222 0.034500 0.025778
0 0.860000 0.488889 0.037500 0.025778
0 0.901750 0.483778 0.037000 0.028889
0 0.739250 0.456000 0.034000 0.028444
0 0.781500 0.456000 0.034500 0.031111
0 0.825375 0.456000 0.038250 0.028444
0 0.864125 0.453778 0.035250 0.025778
0 0.951750 0.482222 0.041000 0.031111
0 0.918000 0.518000 0.034000 0.028000
0 0.961250 0.513778 0.036500 0.027556
1 0.503750 0.324222 0.037000 0.092000
2 0.851000 0.526000 0.088500 0.038667
2 0.322625 0.610222 0.110250 0.042667
