0 0.103646 0.746759 0.043750 0.039815
0 0.145573 0.674074 0.046354 0.044444
2 0.685156 0.568981 0.109896 0.058333
0 0.591667 0.518981 0.040625 0.034259
0 0.488802 0.549074 0.038021 0.033333
0 0.788021 0.377778 0.043750 0.035185
0 0.789583 0.431019 0.047917 0.041667
0 0.780990 0.488426 0.041146 0.034259
0 0.831510 0.494907 0.041146 0.034259
0 0.845052 0.453241 0.043229 0.037963
0 0.885417 0.409259 0.051042 0.040741
0 0.900000 0.457870 0.042708 0.036111
0 0.833073 0.390741 0.038021 0.037037
0 0.941927 0.418519 0.043229 0.038889
0 0.960156 0.476852 0.047396 0.040741
1 0.966667 0.531019 0.064583 0.050926
0 0.527083 0.933333 0.018750 0.075926
