2 0.141146 0.633796 0.176042 0.054630
0 0.211458 0.576852 0.040625 0.037037
0 0.266406 0.581481 0.041146 0.035185
0 0.263542 0.634259 0.042708 0.033333
0 0.472917 0.298611 0.018750 0.075000
0 0.534115 0.436111 0.023438 0.081481
0 0.599219 0.368981 0.031771 0.054630
0 0.521354 0.728241 0.022917 0.078704
0 0.508854 0.191667 0.017708 0.068519
0 0.519792 0.032407 0.020833 0.064815
0 0.631510 0.772685 0.024479 0.069444
0 0.754687 0.456481 0.042708 0.035185
0 0.753385 0.493981 0.041146 0.034259
0 0.763542 0.539352 0.043750 0.036111
0 0.817187 0.490741 0.039583 0.035185
0 0.814583 0.450000 0.042708 0.033333
0 0.885937 0.482407 0.042708 0.035185
0 0.942708 0.490741 0.043750 0.035185
