2 0.492448 0.375926 0.097396 0.040741
2 0.643229 0.397685 0.164583 0.047222
0 0.110677 0.353704 0.030729 0.024074
0 0.189323 0.353704 0.031771 0.024074
0 0.332813 0.326852 0.030208 0.025926
0 0.096875 0.492130 0.036458 0.023148
0 0.225260 0.518519 0.033854 0.025926
0 0.331510 0.483796 0.028646 0.026852
0 0.327083 0.516667 0.034375 0.024074
0 0.425781 0.478704 0.031771 0.025926
0 0.451042 0.658796 0.019792 0.050926
0 0.513802 0.598611 0.015104 0.045370
0 0.444792 0.820370 0.013542 0.061111
0 0.534375 0.478704 0.033333 0.024074
0 0.626823 0.468056 0.028646 0.026852
0 0.706771 0.498148 0.029167 0.027778
0 0.566927 0.323148 0.032813 0.025926
0 0.659115 0.296296 0.029687 0.025926
0 0.704688 0.270370 0.030208 0.022222
0 0.701302 0.294907 0.030729 0.026852
0 0.908594 0.423611 0.028646 0.025000
0 0.839323 0.425926 0.030729 0.024074
0 0.852344 0.464352 0.031771 0.023148
