2 0.321125 0.607778 0.109750 0.039556
2 0.503250 0.659111 0.034500 0.159111
2 0.849000 0.522889 0.088000 0.034222
0 0.468000 0.420000 0.030500 0.056889
0 0.533750 0.357111 0.017500 0.052000
0 0.561000 0.466889 0.021000 0.058222
0 0.537250 0.560000 0.017500 0.064000
0 0.556250 0.743111 0.021000 0.065778
0 0.601500 0.908000 0.021500 0.065778
0 0.313125 0.568000 0.035750 0.020444
0 0.514500 0.240000 0.018000 0.060444
0 0.527875 0.080222 0.019750 0.064444
0 0.557750 0.339111 0.015500 0.064889
0 0.583875 0.348000 0.019250 0.064000
0 0.733625 0.492222 0.029750 0.028000
0 0.737750 0.456222 0.034500 0.023556
0 0.778250 0.455778 0.033000 0.029778
0 0.822750 0.453111 0.034000 0.022667
0 0.861750 0.453778 0.036500 0.027556
0 0.735625 0.527778 0.032750 0.028889
0 0.777125 0.528889 0.035250 0.024889
0 0.739250 0.599111 0.036500 0.032889
0 0.857000 0.486889 0.035000 0.024444
0 0.812875 0.488000 0.035750 0.025778
0 0.775000 0.488889 0.034500 0.026667
0 0.899250 0.482000 0.037000 0.028000
0 0.948500 0.478889 0.039500 0.028000
0 0.915000 0.517778 0.031500 0.032000
0 0.959750 0.514889 0.036000 0.023556
0 0.017750 0.641111 0.034500 0.027111
