0 0.464323 0.318056 0.016146 0.073148
0 0.490885 0.269907 0.017188 0.069444
0 0.536198 0.315741 0.020313 0.079630
0 0.572917 0.256019 0.019792 0.075000
0 0.491667 0.406019 0.019792 0.071296
0 0.288281 0.563889 0.044271 0.044444
0 0.165104 0.628241 0.044792 0.060185
0 0.222135 0.594907 0.041146 0.041667
0 0.206771 0.651852 0.038542 0.044444
0 0.257552 0.626389 0.046354 0.047222
0 0.404948 0.672685 0.045312 0.052778
0 0.544271 0.656481 0.019792 0.068519
2 0.464323 0.534722 0.026562 0.184259
2 0.581510 0.888426 0.030729 0.219444
0 0.553646 0.895833 0.019792 0.076852
0 0.528125 0.913889 0.017708 0.075926
0 0.502865 0.953704 0.020313 0.079630
