2 0.160677 0.642593 0.119271 0.053704
0 0.285156 0.643519 0.044271 0.033333
0 0.289583 0.597222 0.046875 0.035185
0 0.223437 0.590741 0.045833 0.038889
0 0.162760 0.585648 0.041146 0.034259
0 0.333073 0.459259 0.041146 0.044444
0 0.571354 0.458333 0.018750 0.059259
0 0.531510 0.442130 0.018229 0.075000
0 0.432812 0.370833 0.036458 0.075000
0 0.470052 0.252778 0.023438 0.070370
0 0.492188 0.062500 0.020833 0.073148
0 0.162760 0.689352 0.047396 0.036111
0 0.682552 0.611111 0.040104 0.037037
0 0.756510 0.567593 0.041146 0.031481
0 0.730729 0.520833 0.040625 0.034259
0 0.749479 0.480093 0.039583 0.030556
0 0.799479 0.481481 0.042708 0.031481
0 0.793229 0.518981 0.043750 0.032407
0 0.849479 0.519907 0.045833 0.034259
0 0.907031 0.518519 0.044271 0.033333
