0 0.041146 0.495833 0.050000 0.037963
0 0.197396 0.436574 0.046875 0.045370
0 0.341146 0.477315 0.042708 0.043519
0 0.437240 0.556944 0.044271 0.065741
0 0.269010 0.594444 0.044271 0.033333
0 0.275000 0.641667 0.042708 0.037037
0 0.487760 0.893056 0.029687 0.073148
0 0.605469 0.428241 0.041146 0.060185
0 0.751302 0.476389 0.046354 0.036111
0 0.751823 0.522685 0.046354 0.036111
0 0.808073 0.513426 0.043229 0.032407
0 0.832812 0.471759 0.042708 0.034259
0 0.862760 0.518519 0.044271 0.033333
0 0.930729 0.515741 0.042708 0.033333
0 0.485417 0.059722 0.021875 0.073148
0 0.516927 0.087963 0.022396 0.074074
