0 0.245573 0.468519 0.048438 0.037037
0 0.272396 0.593056 0.044792 0.032407
0 0.276302 0.640278 0.043229 0.036111
0 0.353646 0.432870 0.046875 0.045370
0 0.501563 0.529167 0.020833 0.073148
0 0.402344 0.709722 0.044271 0.047222
0 0.515365 0.743981 0.024479 0.078704
0 0.751823 0.469444 0.047396 0.037037
0 0.754427 0.518519 0.047396 0.037037
0 0.810417 0.506481 0.043750 0.031481
0 0.813021 0.467130 0.043750 0.034259
0 0.877083 0.468056 0.047917 0.036111
0 0.865885 0.510648 0.043229 0.036111
0 0.919010 0.508333 0.042188 0.031481
0 0.919531 0.556019 0.044271 0.032407
2 0.825521 0.556944 0.112500 0.045370
0 0.954688 0.467130 0.045833 0.037963
0 0.969531 0.512500 0.047396 0.039815
