2 0.390104 0.712500 0.164583 0.093519
2 0.578385 0.418519 0.028646 0.187037
0 0.516406 0.057870 0.022396 0.080556
0 0.058073 0.500926 0.047396 0.031481
0 0.086198 0.578241 0.044271 0.034259
0 0.516667 0.668519 0.033333 0.075926
0 0.576823 0.623611 0.021354 0.076852
0 0.650260 0.702778 0.036979 0.072222
0 0.593229 0.861574 0.023958 0.078704
0 0.903385 0.494444 0.044271 0.033333
0 0.816667 0.634722 0.043750 0.032407
0 0.818229 0.501389 0.040625 0.034259
0 0.750260 0.505556 0.041146 0.033333
0 0.641406 0.435648 0.034896 0.039815
