0 0.033073 0.459259 0.044271 0.035185
0 0.271354 0.596296 0.042708 0.033333
0 0.273698 0.643519 0.043229 0.037037
0 0.570052 0.671296 0.021354 0.075926
0 0.647917 0.718519 0.033333 0.061111
0 0.525000 0.413889 0.017708 0.072222
0 0.506771 0.201389 0.019792 0.075000
0 0.483333 0.089352 0.021875 0.076852
0 0.513542 0.069444 0.020833 0.072222
0 0.618490 0.836111 0.022396 0.081481
0 0.733073 0.645833 0.047396 0.041667
0 0.750521 0.475926 0.045833 0.038889
0 0.752865 0.523148 0.047396 0.035185
0 0.809375 0.513426 0.042708 0.032407
0 0.811458 0.471296 0.042708 0.033333
0 0.874219 0.473611 0.047396 0.034259
0 0.864583 0.517130 0.043750 0.036111
0 0.917708 0.516204 0.041667 0.030556
0 0.968229 0.518981 0.045833 0.036111
