0 0.139750 0.341111 0.037000 0.062667
0 0.076000 0.504889 0.047000 0.030222
0 0.084125 0.564222 0.041750 0.045778
0 0.176375 0.546889 0.041750 0.033333
0 0.189375 0.440000 0.041750 0.033778
0 0.188875 0.494000 0.046250 0.032444
0 0.283250 0.550000 0.041000 0.036000
0 0.250750 0.636889 0.046000 0.039111
0 0.425125 0.531111 0.042750 0.037333
0 0.341875 0.515778 0.044750 0.038667
0 0.481875 0.491111 0.039250 0.032889
0 0.498875 0.544000 0.042250 0.036444
0 0.501125 0.594000 0.042250 0.035111
0 0.570125 0.519111 0.038250 0.037333
0 0.575500 0.563778 0.039500 0.040444
0 0.693625 0.600222 0.041250 0.039556
0 0.968375 0.685778 0.044750 0.043556
1 0.393750 0.574889 0.059500 0.047556
0 0.080500 0.964222 0.019000 0.068889
0 0.103875 0.953111 0.022250 0.079556
0 0.026375 0.093111 0.023250 0.081333
