2 0.138542 0.632407 0.177083 0.051852
0 0.209635 0.575926 0.042188 0.035185
0 0.266146 0.581019 0.042708 0.034259
0 0.263021 0.635648 0.043750 0.037963
0 0.503385 0.423148 0.019271 0.075926
0 0.507292 0.680093 0.027083 0.082407
0 0.530990 0.305093 0.020313 0.078704
0 0.628906 0.416667 0.038021 0.050000
0 0.502604 0.893981 0.029167 0.078704
0 0.754427 0.458333 0.041146 0.038889
0 0.752344 0.496296 0.041146 0.035185
0 0.815104 0.493981 0.041667 0.032407
0 0.814063 0.451389 0.042708 0.030556
0 0.884375 0.485185 0.045833 0.035185
0 0.761979 0.541667 0.042708 0.035185
0 0.941146 0.493056 0.044792 0.036111
0 0.630469 0.952778 0.022396 0.068519
