0 0.077604 0.328704 0.033333 0.025926
0 0.129948 0.307870 0.031771 0.023148
0 0.294010 0.306481 0.028646 0.024074
0 0.383073 0.335185 0.024479 0.025926
0 0.451823 0.381944 0.022396 0.037963
0 0.425521 0.550000 0.014583 0.053704
0 0.383594 0.517130 0.031771 0.030556
0 0.368229 0.476389 0.032292 0.028704
0 0.324740 0.475000 0.032813 0.022222
0 0.274479 0.477315 0.032292 0.026852
0 0.229167 0.480093 0.034375 0.026852
0 0.187240 0.481019 0.032813 0.026852
0 0.205208 0.518519 0.034375 0.027778
0 0.258073 0.518056 0.034896 0.026852
0 0.303646 0.508333 0.032292 0.025926
0 0.347917 0.508333 0.031250 0.025926
2 0.673698 0.365278 0.100521 0.041667
0 0.842969 0.294444 0.031771 0.024074
0 0.842448 0.495370 0.028646 0.027778
0 0.489583 0.788426 0.015625 0.063889
0 0.490104 0.697685 0.015625 0.058333
