0 0.018750 0.505093 0.036458 0.025000
0 0.136979 0.495370 0.036458 0.027778
0 0.338542 0.521759 0.033333 0.026852
0 0.351823 0.486574 0.031771 0.026852
0 0.437240 0.481481 0.031771 0.025926
0 0.556510 0.475926 0.031771 0.027778
0 0.526823 0.538426 0.024479 0.045370
0 0.426042 0.593056 0.023958 0.050926
0 0.454427 0.735185 0.017188 0.064815
0 0.483073 0.729630 0.017188 0.061111
0 0.486719 0.819907 0.016146 0.060185
0 0.492448 0.957870 0.016146 0.063889
0 0.903385 0.419907 0.029687 0.026852
0 0.843490 0.427315 0.030729 0.023148
0 0.747917 0.431019 0.032292 0.023148
0 0.682813 0.435648 0.036458 0.030556
2 0.559896 0.403704 0.098958 0.044444
