0 0.443500 0.645111 0.038000 0.057333
0 0.511500 0.832000 0.023000 0.075556
0 0.779750 0.540000 0.045000 0.044444
0 0.456125 0.161111 0.019750 0.068000
0 0.481000 0.126889 0.021000 0.080444
0 0.481125 0.023111 0.022250 0.046222
0 0.050375 0.761111 0.048750 0.044889
0 0.061875 0.812222 0.044750 0.044889
0 0.124125 0.786889 0.048250 0.050222
0 0.125125 0.734000 0.043750 0.045778
0 0.178875 0.708889 0.041750 0.042667
0 0.190875 0.754000 0.048250 0.043111
1 0.256000 0.732222 0.069500 0.064444
0 0.261750 0.678889 0.043000 0.044889
2 0.236500 0.793778 0.165500 0.112000
2 0.415250 0.786889 0.105000 0.120444
