0 0.532292 0.458796 0.023958 0.075000
0 0.730729 0.523148 0.042708 0.038889
0 0.748958 0.481481 0.041667 0.033333
0 0.575521 0.218056 0.020833 0.065741
0 0.451042 0.336574 0.033333 0.069444
0 0.388802 0.427315 0.045312 0.056481
0 0.264062 0.468519 0.041667 0.037037
0 0.223958 0.590741 0.046875 0.037037
0 0.290104 0.598611 0.045833 0.034259
0 0.090365 0.585648 0.053646 0.039815
0 0.163802 0.587500 0.041146 0.036111
0 0.158594 0.502315 0.053646 0.039815
2 0.160677 0.643056 0.119271 0.050926
2 0.286198 0.643519 0.044271 0.033333
2 0.247135 0.693056 0.047396 0.037963
0 0.482812 0.153241 0.020833 0.075000
0 0.755208 0.567130 0.044792 0.032407
0 0.792969 0.519907 0.044271 0.030556
0 0.848698 0.521759 0.046354 0.037963
0 0.739323 0.618519 0.039062 0.033333
0 0.906510 0.518981 0.044271 0.034259
0 0.975521 0.520370 0.046875 0.035185
