2 0.140365 0.633333 0.176563 0.053704
0 0.210677 0.575926 0.041146 0.035185
0 0.265625 0.581481 0.042708 0.035185
0 0.263542 0.636111 0.042708 0.033333
0 0.508333 0.566204 0.020833 0.076852
0 0.529948 0.381481 0.018229 0.079630
0 0.618229 0.402778 0.036458 0.050000
0 0.476823 0.181944 0.019271 0.078704
0 0.512500 0.118519 0.017708 0.072222
0 0.754167 0.456019 0.040625 0.032407
0 0.752865 0.496296 0.042188 0.029630
0 0.762760 0.540278 0.043229 0.032407
0 0.816406 0.493056 0.041146 0.034259
0 0.815104 0.452315 0.041667 0.036111
0 0.941927 0.492130 0.043229 0.036111
0 0.885677 0.484259 0.044271 0.033333
0 0.624479 0.856944 0.021875 0.071296
0 0.537760 0.921296 0.025521 0.083333
0 0.516146 0.965741 0.026042 0.066667
