2 0.354427 0.433333 0.109896 0.057407
0 0.584375 0.355556 0.030208 0.075926
0 0.431510 0.526389 0.041146 0.032407
0 0.205990 0.591204 0.047396 0.032407
0 0.466406 0.606019 0.038021 0.034259
0 0.565885 0.611111 0.039062 0.033333
0 0.175521 0.501852 0.045833 0.037037
0 0.132292 0.683796 0.042708 0.034259
0 0.040365 0.625000 0.042188 0.029630
0 0.731771 0.632407 0.037500 0.031481
0 0.645573 0.650926 0.041146 0.033333
0 0.745313 0.569444 0.042708 0.031481
0 0.827604 0.522685 0.043750 0.030556
0 0.630208 0.526852 0.041667 0.033333
0 0.830729 0.617593 0.039583 0.031481
2 0.914844 0.669907 0.116146 0.045370
0 0.520052 0.092130 0.020313 0.071296
