0 0.041927 0.308333 0.036979 0.027778
2 0.168229 0.368981 0.108333 0.041667
0 0.137760 0.472222 0.034896 0.025926
0 0.175781 0.500926 0.034896 0.027778
0 0.275781 0.471296 0.031771 0.025926
0 0.317448 0.501389 0.034896 0.028704
0 0.359896 0.468519 0.032292 0.025926
0 0.395573 0.515741 0.034896 0.035185
0 0.444792 0.601852 0.020833 0.046296
0 0.441667 0.754630 0.015625 0.062963
0 0.489063 0.666667 0.014583 0.051852
0 0.490885 0.760648 0.015104 0.058333
0 0.495312 0.843056 0.014583 0.065741
0 0.498698 0.940278 0.019271 0.084259
0 0.547396 0.511111 0.028125 0.048148
0 0.526823 0.439815 0.031771 0.027778
0 0.492708 0.333796 0.027083 0.039815
0 0.868229 0.419907 0.028125 0.028704
0 0.825781 0.418981 0.031771 0.023148
0 0.812240 0.455093 0.031771 0.025000
0 0.698177 0.459259 0.035937 0.025926
0 0.721875 0.429167 0.027083 0.023148
2 0.829948 0.355093 0.100521 0.039815
0 0.813542 0.306481 0.030208 0.022222
