2 0.067187 0.710648 0.120833 0.093519
2 0.387760 0.462963 0.157812 0.148148
0 0.097917 0.638426 0.048958 0.047222
0 0.164844 0.609722 0.041146 0.043519
0 0.158333 0.668056 0.045833 0.045370
0 0.222917 0.639352 0.042708 0.041667
0 0.240104 0.585185 0.043750 0.044444
0 0.309115 0.546759 0.042188 0.041667
0 0.277604 0.618519 0.036458 0.040741
0 0.505208 0.638426 0.027083 0.062037
0 0.556771 0.220370 0.018750 0.070370
0 0.787760 0.487500 0.043229 0.039815
0 0.838542 0.491204 0.042708 0.036111
0 0.438542 0.044444 0.020833 0.072222
