0 0.296000 0.800222 0.037000 0.028889
0 0.436000 0.801778 0.037500 0.037333
0 0.150625 0.938000 0.035250 0.027111
0 0.301625 0.942222 0.039750 0.036444
0 0.359625 0.944889 0.044750 0.037333
0 0.317375 0.898889 0.035750 0.036000
0 0.364375 0.902222 0.032750 0.031111
0 0.802250 0.799111 0.040500 0.031111
0 0.605125 0.516889 0.015750 0.048000
0 0.630250 0.278889 0.018500 0.051111
0 0.582625 0.455778 0.016750 0.059111
0 0.556250 0.457778 0.015000 0.048889
0 0.534875 0.473111 0.016250 0.056444
0 0.539000 0.406889 0.017500 0.052889
0 0.563375 0.386889 0.018750 0.057333
0 0.586250 0.374222 0.014500 0.052444
0 0.588250 0.305778 0.017500 0.058667
0 0.543750 0.336000 0.017500 0.058667
0 0.550625 0.272000 0.016750 0.054222
0 0.573750 0.246000 0.017000 0.046667
0 0.555375 0.212000 0.015750 0.052444
0 0.579250 0.188000 0.015000 0.043556
0 0.570250 0.301111 0.014500 0.050222
0 0.560125 0.146889 0.015750 0.047556
0 0.583750 0.137111 0.018000 0.045778
0 0.585250 0.085111 0.017500 0.048444
0 0.590000 0.028000 0.015000 0.055111
2 0.786875 0.842000 0.091250 0.040444
