0 0.272656 0.592130 0.044271 0.032407
0 0.276042 0.639352 0.042708 0.036111
0 0.282292 0.682870 0.043750 0.032407
0 0.751302 0.468981 0.047396 0.037963
0 0.811979 0.465741 0.042708 0.035185
0 0.875260 0.466667 0.048438 0.037037
0 0.953385 0.466204 0.045312 0.034259
0 0.968750 0.509722 0.045833 0.036111
0 0.918750 0.555556 0.042708 0.029630
2 0.824740 0.556019 0.111979 0.043519
0 0.810417 0.506019 0.042708 0.030556
0 0.753385 0.517593 0.045312 0.035185
0 0.865104 0.508796 0.042708 0.034259
0 0.917969 0.506944 0.041146 0.030556
