0 0.018141 0.622093 0.020408 0.044186
0 0.086451 0.083721 0.009637 0.093023
0 0.390590 0.700000 0.019274 0.051163
0 0.640590 0.679070 0.022676 0.041860
0 0.722789 0.731395 0.022676 0.044186
0 0.202381 0.445349 0.023810 0.053488
0 0.702098 0.731395 0.013039 0.034884
0 0.209467 0.496512 0.018707 0.044186
0 0.205782 0.556977 0.020408 0.039535
0 0.242630 0.515116 0.017007 0.039535
0 0.235828 0.563953 0.023810 0.048837
0 0.111678 0.954651 0.010204 0.090698
0 0.270975 0.573256 0.021542 0.044186
0 0.300737 0.575581 0.018707 0.039535
0 0.274093 0.512791 0.025510 0.048837
0 0.302438 0.452326 0.022109 0.048837
0 0.358560 0.465116 0.020975 0.046512
0 0.395692 0.468605 0.023810 0.053488
0 0.420068 0.473256 0.015873 0.039535
0 0.450113 0.474419 0.020408 0.041860
0 0.492630 0.480233 0.021542 0.044186
0 0.689626 0.113953 0.009637 0.074419
0 0.766156 0.198837 0.018707 0.081395
0 0.682540 0.777907 0.018141 0.039535
0 0.703798 0.776744 0.018707 0.037209
0 0.729025 0.781395 0.017007 0.041860
0 0.759070 0.780233 0.022676 0.039535
0 0.785998 0.783721 0.020975 0.037209
0 0.808107 0.789535 0.017574 0.039535
0 0.939059 0.802326 0.017574 0.041860
0 0.985544 0.476744 0.018707 0.037209
0 0.963152 0.474419 0.020408 0.037209
0 0.936508 0.472093 0.019274 0.037209
0 0.911848 0.466279 0.017574 0.039535
0 0.887472 0.463953 0.022109 0.048837
0 0.858844 0.461628 0.017007 0.039535
0 0.830215 0.458140 0.020975 0.041860
0 0.764456 0.452326 0.018707 0.034884
0 0.623299 0.446512 0.019841 0.037209
0 0.604025 0.446512 0.016440 0.037209
0 0.581349 0.441860 0.020975 0.046512
0 0.555556 0.443023 0.020408 0.039535
0 0.534297 0.438372 0.013039 0.039535
0 0.512472 0.436047 0.018141 0.039535
0 0.488662 0.431395 0.020408 0.039535
0 0.460601 0.429070 0.019841 0.039535
0 0.435941 0.424419 0.019274 0.039535
0 0.413265 0.422093 0.018141 0.039535
0 0.389739 0.422093 0.016440 0.039535
0 0.366780 0.417442 0.019274 0.039535
0 0.343537 0.412791 0.015873 0.039535
0 0.321429 0.409302 0.019274 0.037209
0 0.515306 0.679070 0.018141 0.041860
2 0.253685 0.437209 0.057256 0.079070
