0 0.033163 0.611628 0.018707 0.041860
0 0.086168 0.103488 0.010204 0.086047
0 0.467971 0.665116 0.018707 0.037209
0 0.903912 0.663953 0.023243 0.044186
0 0.938776 0.718605 0.021542 0.046512
0 0.196712 0.424419 0.020408 0.044186
0 0.917800 0.717442 0.012472 0.034884
0 0.203515 0.475581 0.018141 0.044186
0 0.197279 0.536047 0.019274 0.039535
0 0.239229 0.488372 0.017007 0.037209
0 0.231293 0.538372 0.023810 0.044186
0 0.111395 0.938372 0.010771 0.090698
0 0.269841 0.544186 0.021542 0.037209
0 0.300454 0.547674 0.018141 0.039535
0 0.271825 0.484884 0.024376 0.044186
0 0.301871 0.425581 0.022109 0.041860
0 0.357426 0.434884 0.019841 0.041860
0 0.395692 0.438372 0.023810 0.044186
0 0.420068 0.441860 0.015873 0.041860
0 0.449830 0.440698 0.019841 0.039535
0 0.492347 0.443023 0.023243 0.044186
0 0.688776 0.072093 0.010204 0.079070
0 0.765306 0.162791 0.019274 0.079070
0 0.682256 0.745349 0.018707 0.039535
0 0.703798 0.745349 0.018707 0.039535
0 0.729025 0.748837 0.017007 0.041860
0 0.758787 0.756977 0.023243 0.034884
0 0.784864 0.759302 0.020975 0.039535
0 0.807256 0.763953 0.018141 0.039535
0 0.831916 0.761628 0.019841 0.039535
0 0.937642 0.770930 0.019274 0.039535
0 0.960034 0.773256 0.016440 0.034884
0 0.984127 0.439535 0.019274 0.037209
0 0.961451 0.434884 0.020408 0.037209
0 0.935941 0.432558 0.020408 0.037209
0 0.910431 0.429070 0.017007 0.039535
0 0.886621 0.430233 0.022676 0.041860
0 0.857710 0.427907 0.017007 0.037209
0 0.829649 0.423256 0.020975 0.041860
0 0.763039 0.420930 0.019274 0.037209
0 0.623299 0.405814 0.018707 0.034884
0 0.604308 0.405814 0.017007 0.039535
0 0.581066 0.402326 0.021542 0.041860
0 0.555272 0.402326 0.019841 0.041860
0 0.534014 0.401163 0.013605 0.034884
0 0.512188 0.397674 0.017574 0.032558
0 0.487812 0.395349 0.020975 0.037209
0 0.460034 0.394186 0.019841 0.034884
0 0.435658 0.390698 0.018707 0.037209
0 0.412982 0.391860 0.017574 0.034884
0 0.389456 0.388372 0.017007 0.032558
0 0.366497 0.387209 0.018707 0.034884
0 0.342971 0.382558 0.015873 0.034884
0 0.321145 0.381395 0.018707 0.037209
0 0.732993 0.654651 0.018141 0.044186
2 0.253118 0.419767 0.057256 0.072093
