0 0.017007 0.611628 0.020408 0.041860
0 0.085884 0.093023 0.009637 0.088372
0 0.406179 0.680233 0.019841 0.039535
0 0.700680 0.663953 0.023810 0.039535
0 0.775227 0.719767 0.022109 0.044186
0 0.200964 0.429070 0.022109 0.053488
0 0.754252 0.719767 0.011905 0.034884
0 0.208617 0.484884 0.019274 0.044186
0 0.204649 0.546512 0.020408 0.037209
0 0.242347 0.498837 0.017574 0.039535
0 0.234977 0.550000 0.023243 0.044186
0 0.110544 0.944186 0.010204 0.093023
0 0.270125 0.556977 0.020975 0.039535
0 0.299887 0.561628 0.018141 0.039535
0 0.273243 0.496512 0.024943 0.044186
0 0.301020 0.438372 0.022676 0.048837
0 0.357426 0.451163 0.022109 0.046512
0 0.394841 0.454651 0.023243 0.048837
0 0.419501 0.459302 0.014739 0.044186
0 0.448980 0.460465 0.020408 0.041860
0 0.491780 0.465116 0.022109 0.046512
0 0.688776 0.095349 0.010204 0.079070
0 0.765306 0.180233 0.019274 0.081395
0 0.681689 0.763953 0.018707 0.039535
0 0.702948 0.763953 0.018141 0.034884
0 0.727891 0.765116 0.017007 0.041860
0 0.758220 0.765116 0.023243 0.041860
0 0.785147 0.770930 0.020408 0.039535
0 0.806973 0.774419 0.017574 0.037209
0 0.937925 0.784884 0.017574 0.044186
0 0.984127 0.459302 0.019274 0.039535
0 0.961735 0.455814 0.020975 0.037209
0 0.935658 0.451163 0.019841 0.037209
0 0.911281 0.447674 0.017574 0.039535
0 0.886621 0.446512 0.022676 0.046512
0 0.857426 0.444186 0.017574 0.037209
0 0.829365 0.439535 0.020408 0.041860
0 0.763039 0.434884 0.019274 0.037209
0 0.622732 0.429070 0.019841 0.034884
0 0.603458 0.431395 0.017574 0.039535
0 0.580499 0.425581 0.021542 0.046512
0 0.554422 0.425581 0.020408 0.037209
0 0.533447 0.422093 0.013605 0.034884
0 0.511621 0.418605 0.017574 0.037209
0 0.487245 0.417442 0.020975 0.039535
0 0.459184 0.413953 0.020408 0.037209
0 0.435091 0.409302 0.018707 0.037209
0 0.412698 0.408140 0.018141 0.039535
0 0.388605 0.405814 0.016440 0.039535
0 0.365930 0.402326 0.018707 0.037209
0 0.342687 0.397674 0.016440 0.037209
0 0.320295 0.395349 0.019274 0.037209
0 0.568311 0.665116 0.017574 0.041860
2 0.252551 0.423256 0.057256 0.079070
