0 0.018707 0.622093 0.020408 0.044186
0 0.086451 0.048837 0.010771 0.093023
0 0.376701 0.723256 0.018707 0.074419
0 0.580499 0.681395 0.023810 0.041860
0 0.668934 0.730233 0.022676 0.041860
0 0.202098 0.445349 0.022109 0.048837
0 0.647959 0.731395 0.012472 0.034884
0 0.210317 0.500000 0.020408 0.046512
0 0.206066 0.558140 0.019841 0.041860
0 0.243481 0.513953 0.016440 0.041860
0 0.236111 0.563953 0.023243 0.048837
0 0.111678 0.953488 0.010204 0.088372
0 0.271542 0.573256 0.021542 0.039535
0 0.301020 0.575581 0.018141 0.044186
0 0.274660 0.513953 0.024376 0.046512
0 0.302438 0.453488 0.022109 0.051163
0 0.359410 0.469767 0.021542 0.046512
0 0.396825 0.470930 0.023810 0.053488
0 0.420918 0.477907 0.016440 0.039535
0 0.450397 0.479070 0.020975 0.041860
0 0.492914 0.483721 0.022109 0.046512
0 0.689909 0.123256 0.010204 0.074419
0 0.766440 0.205814 0.018141 0.076744
0 0.683107 0.781395 0.018141 0.041860
0 0.704365 0.782558 0.018707 0.039535
0 0.729308 0.782558 0.017574 0.044186
0 0.759921 0.783721 0.023243 0.041860
0 0.786281 0.789535 0.021542 0.039535
0 0.808107 0.793023 0.018707 0.041860
0 0.939059 0.806977 0.018707 0.041860
0 0.985544 0.484884 0.018707 0.039535
0 0.963435 0.481395 0.020975 0.037209
0 0.936791 0.477907 0.019841 0.039535
0 0.912132 0.473256 0.018141 0.039535
0 0.888039 0.469767 0.022109 0.051163
0 0.858844 0.468605 0.018141 0.039535
0 0.830782 0.463953 0.020975 0.039535
0 0.764172 0.455814 0.019274 0.041860
0 0.623583 0.451163 0.019274 0.037209
0 0.604592 0.452326 0.016440 0.039535
0 0.581916 0.445349 0.022109 0.048837
0 0.555839 0.447674 0.020975 0.039535
0 0.534580 0.443023 0.013605 0.039535
0 0.513322 0.438372 0.017574 0.039535
0 0.488946 0.436047 0.020975 0.044186
0 0.460884 0.432558 0.019274 0.037209
0 0.436508 0.429070 0.019274 0.039535
0 0.414116 0.426744 0.017574 0.039535
0 0.389739 0.423256 0.016440 0.041860
0 0.367063 0.420930 0.018707 0.041860
0 0.344104 0.416279 0.015873 0.041860
0 0.322279 0.411628 0.017574 0.041860
0 0.463152 0.680233 0.017007 0.039535
2 0.253968 0.437209 0.057823 0.088372
