0 0.019558 0.626744 0.019841 0.044186
0 0.365079 0.848837 0.009070 0.083721
0 0.367914 0.698837 0.023810 0.053488
0 0.465420 0.738372 0.022676 0.053488
0 0.202664 0.459302 0.023243 0.048837
0 0.445011 0.743023 0.013605 0.044186
0 0.210884 0.517442 0.019274 0.048837
0 0.207200 0.573256 0.020975 0.053488
0 0.244048 0.532558 0.017574 0.046512
0 0.237528 0.580233 0.022676 0.058140
0 0.113095 0.958140 0.008503 0.083721
0 0.272392 0.591860 0.022109 0.048837
0 0.302154 0.597674 0.018141 0.041860
0 0.274943 0.533721 0.023810 0.048837
0 0.303288 0.473256 0.021542 0.058140
0 0.359410 0.494186 0.020408 0.048837
0 0.397392 0.495349 0.023810 0.055814
0 0.421202 0.502326 0.015873 0.041860
0 0.451247 0.504651 0.020408 0.046512
0 0.494615 0.512791 0.023243 0.048837
0 0.690760 0.163953 0.009637 0.067442
0 0.767574 0.243023 0.019274 0.081395
0 0.683107 0.805814 0.018141 0.044186
0 0.704932 0.804651 0.018707 0.041860
0 0.729875 0.808140 0.016440 0.044186
0 0.760204 0.806977 0.023810 0.046512
0 0.786848 0.815116 0.021542 0.044186
0 0.808673 0.820930 0.017574 0.046512
0 0.985544 0.522093 0.018707 0.048837
0 0.964002 0.517442 0.020975 0.044186
0 0.937358 0.512791 0.019841 0.044186
0 0.912698 0.510465 0.017007 0.044186
0 0.888322 0.504651 0.021542 0.051163
0 0.859694 0.502326 0.018707 0.046512
0 0.831349 0.498837 0.020975 0.044186
0 0.765306 0.489535 0.019274 0.048837
0 0.624717 0.483721 0.019274 0.041860
0 0.605442 0.483721 0.015873 0.046512
0 0.582483 0.474419 0.022109 0.055814
0 0.556689 0.479070 0.020408 0.041860
0 0.535998 0.473256 0.013039 0.044186
0 0.513889 0.469767 0.017574 0.041860
0 0.489796 0.463953 0.021542 0.053488
0 0.462018 0.458140 0.020408 0.046512
0 0.437358 0.454651 0.019841 0.044186
0 0.414683 0.451163 0.018707 0.046512
0 0.390590 0.447674 0.017007 0.048837
0 0.368197 0.443023 0.018707 0.044186
0 0.345238 0.438372 0.015873 0.048837
0 0.322562 0.433721 0.018141 0.044186
0 0.279478 0.697674 0.018141 0.046512
2 0.254819 0.452326 0.057256 0.100000
