0 0.018707 0.632558 0.020408 0.046512
0 0.364512 0.824419 0.011338 0.081395
0 0.443027 0.695349 0.023243 0.046512
0 0.537982 0.744186 0.022676 0.051163
0 0.201814 0.459302 0.022676 0.048837
0 0.517290 0.745349 0.011905 0.034884
0 0.209751 0.518605 0.019274 0.046512
0 0.206349 0.573256 0.020408 0.048837
0 0.243481 0.533721 0.017574 0.044186
0 0.236111 0.580233 0.023243 0.058140
0 0.111961 0.959302 0.009637 0.081395
0 0.270975 0.593023 0.021542 0.046512
0 0.301304 0.596512 0.018707 0.044186
0 0.273810 0.532558 0.022676 0.046512
0 0.302438 0.474419 0.022109 0.055814
0 0.358277 0.491860 0.021542 0.044186
0 0.396259 0.493023 0.023810 0.051163
0 0.420351 0.500000 0.015306 0.037209
0 0.449830 0.502326 0.020975 0.041860
0 0.492914 0.506977 0.022109 0.046512
0 0.689909 0.156977 0.009070 0.067442
0 0.766440 0.234884 0.019274 0.079070
0 0.683107 0.802326 0.018141 0.046512
0 0.703798 0.802326 0.019841 0.041860
0 0.728741 0.805814 0.016440 0.044186
0 0.759070 0.805814 0.023810 0.044186
0 0.785714 0.812791 0.021542 0.044186
0 0.808107 0.816279 0.017574 0.041860
0 0.936791 0.832558 0.020975 0.041860
0 0.984977 0.515116 0.018707 0.044186
0 0.962868 0.509302 0.020975 0.046512
0 0.936791 0.506977 0.019841 0.041860
0 0.911848 0.502326 0.017574 0.041860
0 0.887472 0.498837 0.022109 0.053488
0 0.858844 0.495349 0.018141 0.041860
0 0.830215 0.494186 0.020975 0.044186
0 0.764739 0.483721 0.019274 0.046512
0 0.623583 0.477907 0.019274 0.044186
0 0.604592 0.477907 0.016440 0.044186
0 0.581633 0.469767 0.021542 0.051163
0 0.555556 0.473256 0.021542 0.044186
0 0.534580 0.467442 0.013605 0.046512
0 0.512755 0.462791 0.017574 0.037209
0 0.488946 0.460465 0.020975 0.046512
0 0.460884 0.455814 0.020408 0.041860
0 0.436224 0.451163 0.018707 0.041860
0 0.413832 0.447674 0.018141 0.044186
0 0.389172 0.445349 0.016440 0.044186
0 0.367063 0.441860 0.018707 0.041860
0 0.343821 0.437209 0.016440 0.041860
0 0.321429 0.432558 0.018141 0.041860
0 0.343821 0.703488 0.018707 0.044186
2 0.253401 0.452326 0.057823 0.090698
