0 0.018707 0.619767 0.020408 0.044186
0 0.087018 0.091860 0.009637 0.090698
0 0.398526 0.690698 0.019274 0.046512
0 0.670635 0.673256 0.023810 0.039535
0 0.750000 0.729070 0.022676 0.044186
0 0.201814 0.439535 0.022676 0.051163
0 0.729025 0.726744 0.012472 0.034884
0 0.210034 0.493023 0.019841 0.046512
0 0.206349 0.553488 0.020408 0.041860
0 0.243197 0.508140 0.017007 0.039535
0 0.235828 0.558140 0.022676 0.046512
0 0.111678 0.951163 0.010204 0.093023
0 0.271259 0.566279 0.022109 0.039535
0 0.301020 0.570930 0.018141 0.039535
0 0.273526 0.508140 0.023243 0.044186
0 0.302438 0.447674 0.022109 0.048837
0 0.358560 0.461628 0.020975 0.044186
0 0.396542 0.462791 0.023243 0.051163
0 0.420635 0.469767 0.015873 0.041860
0 0.450397 0.469767 0.020975 0.041860
0 0.493481 0.473256 0.022109 0.044186
0 0.689626 0.106977 0.010771 0.074419
0 0.766440 0.191860 0.019274 0.081395
0 0.682823 0.772093 0.018707 0.041860
0 0.704365 0.773256 0.018707 0.039535
0 0.729025 0.775581 0.017007 0.039535
0 0.759637 0.774419 0.023810 0.041860
0 0.785998 0.779070 0.020975 0.041860
0 0.808390 0.782558 0.018141 0.039535
0 0.938776 0.794186 0.018141 0.044186
0 0.984977 0.469767 0.018707 0.041860
0 0.963152 0.467442 0.020408 0.037209
0 0.936508 0.462791 0.019274 0.037209
0 0.912132 0.458140 0.017007 0.037209
0 0.887472 0.455814 0.022109 0.046512
0 0.858844 0.454651 0.017007 0.039535
0 0.830499 0.451163 0.020408 0.041860
0 0.764172 0.445349 0.019274 0.039535
0 0.623583 0.438372 0.019274 0.034884
0 0.604308 0.439535 0.017007 0.037209
0 0.581916 0.437209 0.020975 0.046512
0 0.556122 0.436047 0.020408 0.039535
0 0.534297 0.430233 0.013039 0.037209
0 0.512755 0.427907 0.017574 0.037209
0 0.488379 0.427907 0.020975 0.037209
0 0.460601 0.423256 0.019841 0.037209
0 0.436224 0.419767 0.019841 0.039535
0 0.413832 0.417442 0.018141 0.039535
0 0.390023 0.415116 0.017007 0.044186
0 0.366780 0.411628 0.019274 0.041860
0 0.343537 0.406977 0.015873 0.037209
0 0.321712 0.403488 0.018707 0.039535
0 0.542517 0.673256 0.018141 0.044186
2 0.253968 0.433721 0.057823 0.086047
