0 0.019841 0.626744 0.019274 0.048837
0 0.364512 0.894186 0.013605 0.086047
0 0.297336 0.702326 0.024376 0.051163
0 0.395975 0.745349 0.022109 0.058140
0 0.203231 0.462791 0.023243 0.051163
0 0.375850 0.750000 0.014739 0.044186
0 0.211168 0.519767 0.018707 0.048837
0 0.207766 0.575581 0.019841 0.053488
0 0.244898 0.536047 0.017007 0.044186
0 0.238095 0.583721 0.023810 0.055814
0 0.113662 0.959302 0.009637 0.081395
0 0.272109 0.595349 0.021542 0.051163
0 0.302154 0.603488 0.018141 0.044186
0 0.275227 0.538372 0.024376 0.048837
0 0.304138 0.480233 0.022109 0.062791
0 0.359694 0.500000 0.020975 0.046512
0 0.397392 0.503488 0.023810 0.058140
0 0.421769 0.509302 0.014739 0.041860
0 0.451531 0.511628 0.020975 0.046512
0 0.494331 0.518605 0.023810 0.051163
0 0.691610 0.177907 0.009070 0.067442
0 0.767574 0.253488 0.019274 0.079070
0 0.683673 0.810465 0.018141 0.044186
0 0.704932 0.811628 0.018707 0.041860
0 0.730159 0.812791 0.017007 0.044186
0 0.760488 0.815116 0.023243 0.048837
0 0.787132 0.820930 0.020975 0.046512
0 0.809240 0.825581 0.017574 0.046512
0 0.986395 0.532558 0.018141 0.046512
0 0.964002 0.527907 0.020975 0.046512
0 0.938209 0.523256 0.020408 0.046512
0 0.913549 0.519767 0.017574 0.048837
0 0.888322 0.512791 0.022676 0.058140
0 0.859694 0.511628 0.018707 0.046512
0 0.831916 0.510465 0.019841 0.044186
0 0.765873 0.497674 0.019274 0.046512
0 0.625000 0.490698 0.019841 0.041860
0 0.605726 0.489535 0.016440 0.044186
0 0.582766 0.483721 0.021542 0.055814
0 0.556973 0.484884 0.020975 0.044186
0 0.536281 0.479070 0.013605 0.041860
0 0.514456 0.475581 0.016440 0.039535
0 0.490079 0.469767 0.020975 0.046512
0 0.462018 0.465116 0.019274 0.051163
0 0.437925 0.461628 0.018707 0.048837
0 0.414966 0.456977 0.018141 0.048837
0 0.391440 0.453488 0.016440 0.046512
0 0.368197 0.447674 0.018707 0.044186
0 0.345238 0.444186 0.014739 0.041860
0 0.323129 0.439535 0.018141 0.041860
0 0.217404 0.694186 0.018707 0.053488
2 0.255102 0.455814 0.057823 0.102326
