0 0.017574 0.616279 0.020408 0.046512
0 0.370465 0.738372 0.017574 0.081395
0 0.550737 0.674419 0.024376 0.046512
0 0.641156 0.726744 0.022676 0.044186
0 0.200680 0.438372 0.021542 0.048837
0 0.620181 0.730233 0.012472 0.037209
0 0.209184 0.496512 0.019274 0.048837
0 0.205215 0.552326 0.020408 0.044186
0 0.242347 0.509302 0.017574 0.041860
0 0.234977 0.558140 0.023243 0.051163
0 0.111111 0.946512 0.010204 0.093023
0 0.270408 0.572093 0.021542 0.041860
0 0.300170 0.573256 0.018707 0.039535
0 0.273526 0.509302 0.024376 0.051163
0 0.301871 0.450000 0.022109 0.053488
0 0.358277 0.467442 0.021542 0.046512
0 0.395408 0.467442 0.023243 0.051163
0 0.419785 0.476744 0.016440 0.041860
0 0.449263 0.476744 0.020975 0.041860
0 0.492063 0.480233 0.022676 0.044186
0 0.689059 0.122093 0.009637 0.072093
0 0.765590 0.202326 0.018707 0.079070
0 0.681973 0.777907 0.019274 0.044186
0 0.702948 0.777907 0.019274 0.039535
0 0.728175 0.779070 0.016440 0.046512
0 0.758220 0.781395 0.023243 0.041860
0 0.785147 0.786047 0.021542 0.041860
0 0.807256 0.789535 0.018141 0.039535
0 0.937075 0.804651 0.019274 0.041860
0 0.984410 0.482558 0.018707 0.039535
0 0.962302 0.479070 0.020975 0.041860
0 0.935658 0.476744 0.019841 0.037209
0 0.910998 0.472093 0.017007 0.041860
0 0.886905 0.468605 0.022109 0.053488
0 0.857710 0.466279 0.018141 0.039535
0 0.829649 0.462791 0.020975 0.041860
0 0.763322 0.454651 0.018707 0.039535
0 0.622449 0.448837 0.019274 0.037209
0 0.603741 0.450000 0.015873 0.039535
0 0.580782 0.443023 0.022109 0.044186
0 0.554705 0.444186 0.020975 0.037209
0 0.533447 0.440698 0.013605 0.039535
0 0.512472 0.436047 0.018141 0.039535
0 0.488095 0.433721 0.021542 0.044186
0 0.460317 0.430233 0.020408 0.037209
0 0.435658 0.425581 0.018707 0.041860
0 0.413265 0.422093 0.018141 0.044186
0 0.388605 0.419767 0.016440 0.044186
0 0.365930 0.416279 0.018707 0.041860
0 0.342971 0.410465 0.017007 0.044186
0 0.320578 0.408140 0.017574 0.039535
0 0.436508 0.677907 0.018141 0.039535
2 0.252268 0.434884 0.057823 0.088372
