0 0.018141 0.617442 0.020408 0.044186
0 0.086735 0.062791 0.010204 0.093023
0 0.383503 0.703488 0.019841 0.067442
0 0.609694 0.675581 0.024376 0.044186
0 0.695578 0.726744 0.022676 0.044186
0 0.201814 0.439535 0.022676 0.051163
0 0.675170 0.726744 0.012472 0.034884
0 0.209751 0.494186 0.019274 0.053488
0 0.205782 0.553488 0.020408 0.041860
0 0.242630 0.509302 0.017007 0.041860
0 0.236395 0.558140 0.023810 0.051163
0 0.111395 0.948837 0.009637 0.093023
0 0.270975 0.567442 0.021542 0.041860
0 0.300737 0.572093 0.018707 0.041860
0 0.273810 0.506977 0.024943 0.046512
0 0.302438 0.448837 0.022109 0.051163
0 0.358560 0.462791 0.020975 0.041860
0 0.395692 0.462791 0.023810 0.051163
0 0.420351 0.470930 0.016440 0.039535
0 0.450113 0.474419 0.020408 0.041860
0 0.492914 0.476744 0.022109 0.041860
0 0.689909 0.113953 0.010204 0.074419
0 0.766156 0.195349 0.018707 0.074419
0 0.682823 0.774419 0.017574 0.041860
0 0.703798 0.775581 0.018707 0.039535
0 0.729025 0.777907 0.017007 0.044186
0 0.759070 0.776744 0.022676 0.041860
0 0.785998 0.781395 0.020975 0.041860
0 0.807823 0.786047 0.018141 0.037209
0 0.938776 0.798837 0.018141 0.044186
0 0.985544 0.475581 0.018707 0.039535
0 0.962868 0.470930 0.020975 0.034884
0 0.936508 0.469767 0.020408 0.037209
0 0.911848 0.465116 0.017574 0.037209
0 0.887188 0.460465 0.021542 0.051163
0 0.858844 0.459302 0.018141 0.039535
0 0.829932 0.456977 0.021542 0.039535
0 0.764172 0.450000 0.019274 0.039535
0 0.623016 0.443023 0.019274 0.039535
0 0.604025 0.443023 0.017574 0.039535
0 0.581633 0.439535 0.021542 0.046512
0 0.555556 0.440698 0.021542 0.039535
0 0.534014 0.436047 0.013605 0.039535
0 0.512755 0.432558 0.017574 0.037209
0 0.488379 0.429070 0.020975 0.039535
0 0.460601 0.425581 0.019841 0.037209
0 0.436508 0.423256 0.020408 0.037209
0 0.413832 0.418605 0.018141 0.041860
0 0.389739 0.416279 0.016440 0.041860
0 0.366497 0.411628 0.018707 0.041860
0 0.343821 0.408140 0.016440 0.039535
0 0.321429 0.404651 0.018141 0.041860
0 0.488379 0.674419 0.017574 0.041860
2 0.253401 0.433721 0.056689 0.086047
