0 0.018707 0.622093 0.020408 0.048837
0 0.366213 0.786047 0.012472 0.083721
0 0.496315 0.682558 0.024376 0.044186
0 0.589002 0.736047 0.022676 0.044186
0 0.201531 0.447674 0.022109 0.053488
0 0.568594 0.734884 0.012472 0.037209
0 0.210317 0.504651 0.019274 0.051163
0 0.206066 0.560465 0.019841 0.041860
0 0.243481 0.517442 0.017574 0.039535
0 0.235828 0.566279 0.023810 0.053488
0 0.111678 0.953488 0.010204 0.093023
0 0.270975 0.579070 0.021542 0.041860
0 0.301020 0.582558 0.019274 0.044186
0 0.273810 0.517442 0.023810 0.048837
0 0.302438 0.459302 0.022109 0.053488
0 0.358844 0.475581 0.022676 0.044186
0 0.396542 0.477907 0.023243 0.053488
0 0.420351 0.486047 0.015306 0.041860
0 0.449830 0.486047 0.020975 0.041860
0 0.492914 0.491860 0.022109 0.044186
0 0.689909 0.136047 0.010204 0.072093
0 0.767007 0.216279 0.019274 0.079070
0 0.682540 0.787209 0.018141 0.044186
0 0.703798 0.789535 0.018707 0.039535
0 0.729025 0.790698 0.017007 0.046512
0 0.759354 0.791860 0.023243 0.044186
0 0.785714 0.795349 0.021542 0.041860
0 0.807823 0.802326 0.018141 0.041860
0 0.938492 0.815116 0.018707 0.039535
0 0.985544 0.494186 0.018707 0.039535
0 0.962585 0.490698 0.020408 0.041860
0 0.936224 0.488372 0.019841 0.041860
0 0.911848 0.484884 0.017574 0.039535
0 0.887188 0.480233 0.022676 0.048837
0 0.858560 0.477907 0.018707 0.039535
0 0.830499 0.475581 0.020408 0.044186
0 0.764172 0.465116 0.019274 0.041860
0 0.623866 0.461628 0.020975 0.039535
0 0.604308 0.460465 0.017007 0.041860
0 0.581916 0.454651 0.022109 0.053488
0 0.555556 0.456977 0.021542 0.039535
0 0.534014 0.451163 0.012472 0.041860
0 0.512755 0.447674 0.017574 0.039535
0 0.488379 0.444186 0.020975 0.046512
0 0.460884 0.439535 0.020408 0.041860
0 0.436508 0.437209 0.020408 0.041860
0 0.413549 0.431395 0.017574 0.044186
0 0.389172 0.430233 0.016440 0.041860
0 0.366780 0.426744 0.019274 0.039535
0 0.343821 0.420930 0.016440 0.041860
0 0.321429 0.416279 0.017007 0.041860
0 0.389456 0.688372 0.018141 0.041860
2 0.253685 0.441860 0.057256 0.088372
