0 0.026361 0.605814 0.019841 0.044186
0 0.085601 0.097674 0.009070 0.083721
0 0.457766 0.662791 0.019841 0.041860
0 0.866780 0.660465 0.023810 0.041860
0 0.910147 0.715116 0.022109 0.048837
0 0.198129 0.419767 0.020975 0.044186
0 0.889739 0.715116 0.011905 0.034884
0 0.205782 0.472093 0.019274 0.041860
0 0.199546 0.532558 0.020408 0.041860
0 0.240646 0.486047 0.016440 0.037209
0 0.231859 0.532558 0.022676 0.046512
0 0.110544 0.933721 0.010204 0.090698
0 0.269841 0.541860 0.021542 0.037209
0 0.299887 0.545349 0.018141 0.039535
0 0.272392 0.481395 0.024376 0.046512
0 0.301020 0.420930 0.022676 0.046512
0 0.356859 0.432558 0.020975 0.041860
0 0.395125 0.434884 0.023810 0.046512
0 0.419501 0.438372 0.015873 0.044186
0 0.448696 0.439535 0.020975 0.041860
0 0.491780 0.443023 0.023243 0.039535
0 0.687642 0.070930 0.010204 0.081395
0 0.765306 0.162791 0.019274 0.079070
0 0.681122 0.752326 0.018707 0.039535
0 0.702381 0.754651 0.019274 0.039535
0 0.727608 0.755814 0.016440 0.041860
0 0.757653 0.756977 0.023243 0.039535
0 0.784580 0.758140 0.021542 0.041860
0 0.806689 0.761628 0.018141 0.039535
0 0.831066 0.762791 0.020408 0.037209
0 0.937642 0.769767 0.018141 0.041860
0 0.959184 0.770930 0.017007 0.034884
0 0.983560 0.438372 0.019274 0.039535
0 0.961168 0.434884 0.020975 0.037209
0 0.935091 0.432558 0.019841 0.037209
0 0.909864 0.429070 0.017007 0.039535
0 0.886054 0.427907 0.022676 0.037209
0 0.857143 0.429070 0.017007 0.034884
0 0.828515 0.423256 0.019841 0.041860
0 0.762472 0.418605 0.019274 0.041860
0 0.622449 0.404651 0.019274 0.032558
0 0.603175 0.404651 0.017007 0.037209
0 0.580499 0.401163 0.021542 0.044186
0 0.554705 0.401163 0.019841 0.039535
0 0.533163 0.398837 0.013039 0.034884
0 0.511621 0.394186 0.016440 0.034884
0 0.486961 0.394186 0.020408 0.039535
0 0.459467 0.391860 0.019841 0.034884
0 0.435374 0.388372 0.019274 0.037209
0 0.411848 0.387209 0.016440 0.034884
0 0.388322 0.387209 0.017007 0.039535
0 0.365930 0.383721 0.018707 0.037209
0 0.342687 0.380233 0.016440 0.034884
0 0.320011 0.379070 0.018707 0.037209
0 0.705782 0.655814 0.017007 0.037209
2 0.253118 0.412791 0.057256 0.072093
