0 0.016723 0.615116 0.019841 0.044186
0 0.085601 0.100000 0.009070 0.088372
0 0.415533 0.680233 0.019274 0.039535
0 0.732426 0.667442 0.022676 0.041860
0 0.801304 0.722093 0.022109 0.044186
0 0.199546 0.433721 0.020408 0.048837
0 0.781179 0.722093 0.012472 0.034884
0 0.208050 0.487209 0.019274 0.044186
0 0.204649 0.547674 0.020408 0.039535
0 0.242063 0.500000 0.017007 0.037209
0 0.234127 0.552326 0.021542 0.044186
0 0.110261 0.946512 0.009637 0.093023
0 0.269841 0.559302 0.021542 0.039535
0 0.299603 0.562791 0.017574 0.037209
0 0.272392 0.500000 0.024376 0.046512
0 0.300737 0.437209 0.020975 0.046512
0 0.356576 0.452326 0.021542 0.044186
0 0.394841 0.456977 0.023243 0.048837
0 0.418651 0.460465 0.015306 0.041860
0 0.448980 0.461628 0.020408 0.039535
0 0.491780 0.463953 0.022109 0.044186
0 0.688209 0.091860 0.010204 0.076744
0 0.765023 0.179070 0.018707 0.079070
0 0.681122 0.763953 0.018707 0.039535
0 0.702381 0.763953 0.019274 0.039535
0 0.727608 0.766279 0.016440 0.039535
0 0.757653 0.765116 0.023243 0.037209
0 0.784864 0.768605 0.020975 0.039535
0 0.806689 0.774419 0.018141 0.041860
0 0.937075 0.783721 0.019274 0.041860
0 0.960034 0.786047 0.016440 0.037209
0 0.983844 0.456977 0.019841 0.039535
0 0.961451 0.453488 0.020408 0.037209
0 0.935658 0.451163 0.019841 0.037209
0 0.910714 0.446512 0.016440 0.037209
0 0.886054 0.445349 0.021542 0.044186
0 0.857143 0.443023 0.017007 0.039535
0 0.829082 0.438372 0.019841 0.039535
0 0.762472 0.433721 0.019274 0.034884
0 0.622732 0.429070 0.019841 0.034884
0 0.603175 0.430233 0.017007 0.037209
0 0.580215 0.426744 0.022109 0.044186
0 0.554422 0.426744 0.020408 0.039535
0 0.533163 0.420930 0.013039 0.037209
0 0.511621 0.417442 0.017574 0.039535
0 0.486678 0.417442 0.020975 0.039535
0 0.459467 0.413953 0.020975 0.037209
0 0.434807 0.409302 0.019274 0.037209
0 0.412415 0.409302 0.017574 0.037209
0 0.388605 0.404651 0.016440 0.041860
0 0.365646 0.403488 0.018141 0.039535
0 0.342687 0.397674 0.016440 0.037209
0 0.320295 0.396512 0.019274 0.034884
0 0.595805 0.666279 0.018141 0.044186
2 0.252834 0.431395 0.056689 0.076744
