0 0.022109 0.609302 0.020408 0.041860
0 0.086451 0.098837 0.009637 0.086047
0 0.447846 0.668605 0.019274 0.039535
0 0.832766 0.662791 0.023810 0.041860
0 0.882653 0.717442 0.022676 0.044186
0 0.199830 0.424419 0.020975 0.048837
0 0.862528 0.717442 0.011905 0.034884
0 0.208333 0.475581 0.019841 0.044186
0 0.202664 0.538372 0.019841 0.039535
0 0.242063 0.490698 0.017007 0.037209
0 0.233844 0.539535 0.023243 0.046512
0 0.111111 0.939535 0.010204 0.093023
0 0.270692 0.547674 0.022109 0.039535
0 0.300170 0.551163 0.017574 0.037209
0 0.272959 0.487209 0.023243 0.044186
0 0.301587 0.427907 0.022676 0.046512
0 0.357993 0.438372 0.020975 0.044186
0 0.395692 0.443023 0.024943 0.048837
0 0.419785 0.445349 0.015306 0.044186
0 0.449546 0.446512 0.020408 0.041860
0 0.492630 0.448837 0.022676 0.041860
0 0.688209 0.075581 0.010204 0.076744
0 0.765306 0.165116 0.019274 0.079070
0 0.681689 0.754651 0.018707 0.039535
0 0.703231 0.755814 0.019841 0.041860
0 0.728175 0.758140 0.016440 0.041860
0 0.758503 0.759302 0.023810 0.039535
0 0.785147 0.759302 0.021542 0.039535
0 0.806973 0.763953 0.017574 0.039535
0 0.937925 0.773256 0.017574 0.039535
0 0.960034 0.774419 0.016440 0.037209
0 0.984410 0.443023 0.019841 0.034884
0 0.961735 0.439535 0.020975 0.037209
0 0.935941 0.437209 0.020408 0.037209
0 0.910714 0.433721 0.017574 0.039535
0 0.886338 0.432558 0.023243 0.041860
0 0.857710 0.432558 0.018141 0.037209
0 0.829082 0.426744 0.019841 0.039535
0 0.763322 0.422093 0.018707 0.034884
0 0.622732 0.417442 0.019841 0.034884
0 0.603175 0.418605 0.017007 0.037209
0 0.580499 0.415116 0.021542 0.044186
0 0.555272 0.409302 0.019841 0.037209
0 0.533730 0.404651 0.013039 0.037209
0 0.511905 0.401163 0.017007 0.034884
0 0.487812 0.401163 0.020975 0.039535
0 0.460034 0.397674 0.019841 0.037209
0 0.435658 0.395349 0.018707 0.037209
0 0.412698 0.395349 0.017007 0.037209
0 0.389456 0.393023 0.017007 0.037209
0 0.366213 0.390698 0.019274 0.037209
0 0.342971 0.384884 0.015873 0.034884
0 0.320578 0.384884 0.018707 0.034884
0 0.679422 0.659302 0.017574 0.039535
2 0.253685 0.419767 0.058390 0.072093
