0 0.018707 0.605814 0.019274 0.044186
0 0.085884 0.093023 0.009637 0.088372
0 0.435941 0.673256 0.019274 0.039535
0 0.797619 0.660465 0.023810 0.041860
0 0.854592 0.715116 0.023243 0.044186
0 0.199263 0.419767 0.020975 0.048837
0 0.834467 0.715116 0.012472 0.034884
0 0.208333 0.473256 0.019841 0.044186
0 0.202948 0.533721 0.020408 0.039535
0 0.242063 0.486047 0.018141 0.037209
0 0.233844 0.537209 0.022109 0.046512
0 0.110544 0.933721 0.010204 0.090698
0 0.269841 0.544186 0.021542 0.037209
0 0.299603 0.547674 0.017574 0.039535
0 0.272676 0.484884 0.023810 0.044186
0 0.301020 0.424419 0.021542 0.044186
0 0.357143 0.443023 0.021542 0.039535
0 0.394274 0.446512 0.023243 0.046512
0 0.418651 0.451163 0.015306 0.041860
0 0.448413 0.451163 0.020408 0.041860
0 0.491213 0.453488 0.022109 0.041860
0 0.688209 0.077907 0.010204 0.076744
0 0.765306 0.166279 0.019274 0.081395
0 0.681122 0.754651 0.018707 0.039535
0 0.702664 0.754651 0.018707 0.039535
0 0.727608 0.758140 0.016440 0.041860
0 0.757370 0.758140 0.023810 0.041860
0 0.784297 0.759302 0.020975 0.039535
0 0.806122 0.763953 0.018141 0.039535
0 0.937642 0.772093 0.018141 0.041860
0 0.959467 0.773256 0.016440 0.034884
0 0.983560 0.444186 0.019274 0.037209
0 0.961451 0.439535 0.020408 0.037209
0 0.935091 0.437209 0.019841 0.037209
0 0.909864 0.433721 0.018141 0.039535
0 0.886054 0.431395 0.022676 0.044186
0 0.856859 0.431395 0.016440 0.034884
0 0.828515 0.427907 0.020975 0.041860
0 0.762755 0.423256 0.018707 0.037209
0 0.621882 0.419767 0.019274 0.034884
0 0.602891 0.419767 0.017574 0.039535
0 0.580215 0.413953 0.022109 0.046512
0 0.553855 0.413953 0.020408 0.037209
0 0.532596 0.410465 0.013039 0.034884
0 0.511054 0.408140 0.017574 0.034884
0 0.486961 0.406977 0.020408 0.037209
0 0.458900 0.404651 0.019841 0.037209
0 0.434807 0.401163 0.019274 0.039535
0 0.411848 0.400000 0.017574 0.037209
0 0.388322 0.398837 0.017007 0.039535
0 0.365363 0.395349 0.018707 0.037209
0 0.341837 0.390698 0.015873 0.037209
0 0.320011 0.386047 0.018707 0.037209
0 0.651361 0.658140 0.018141 0.037209
2 0.253118 0.411628 0.057256 0.074419
