0 0.020692 0.630233 0.019841 0.051163
0 0.365646 0.879070 0.010204 0.083721
0 0.320578 0.704651 0.024376 0.055814
0 0.419501 0.747674 0.022676 0.053488
0 0.203515 0.461628 0.022676 0.048837
0 0.398526 0.750000 0.013605 0.044186
0 0.211735 0.522093 0.018707 0.044186
0 0.207766 0.577907 0.019841 0.058140
0 0.245465 0.538372 0.017007 0.048837
0 0.238095 0.584884 0.023810 0.058140
0 0.113946 0.960465 0.009070 0.079070
0 0.272959 0.598837 0.022109 0.048837
0 0.302438 0.604651 0.017574 0.046512
0 0.275227 0.539535 0.024376 0.051163
0 0.304138 0.481395 0.022109 0.060465
0 0.360261 0.501163 0.020975 0.048837
0 0.398243 0.503488 0.023243 0.053488
0 0.422336 0.510465 0.015873 0.044186
0 0.451531 0.513953 0.022109 0.046512
0 0.494615 0.520930 0.023243 0.051163
0 0.691610 0.176744 0.010204 0.069767
0 0.768424 0.252326 0.019841 0.081395
0 0.684240 0.809302 0.018141 0.046512
0 0.705499 0.810465 0.018707 0.044186
0 0.730442 0.812791 0.016440 0.048837
0 0.760771 0.813953 0.022676 0.046512
0 0.787698 0.820930 0.020975 0.046512
0 0.809524 0.825581 0.018141 0.046512
0 0.986961 0.531395 0.019274 0.048837
0 0.964286 0.525581 0.020408 0.046512
0 0.938209 0.522093 0.019274 0.048837
0 0.913832 0.518605 0.017007 0.046512
0 0.888605 0.512791 0.022109 0.053488
0 0.860261 0.511628 0.018707 0.046512
0 0.831916 0.509302 0.019841 0.041860
0 0.765873 0.498837 0.019274 0.048837
0 0.625567 0.490698 0.019841 0.041860
0 0.606009 0.489535 0.015873 0.044186
0 0.583333 0.482558 0.022676 0.053488
0 0.557540 0.486047 0.020975 0.041860
0 0.536281 0.479070 0.013605 0.046512
0 0.514739 0.475581 0.017007 0.039535
0 0.490079 0.469767 0.020975 0.051163
0 0.462868 0.465116 0.019841 0.046512
0 0.438492 0.462791 0.018707 0.041860
0 0.415249 0.456977 0.018707 0.048837
0 0.391723 0.454651 0.017007 0.048837
0 0.368764 0.451163 0.018707 0.041860
0 0.345805 0.445349 0.015873 0.048837
0 0.323129 0.440698 0.018141 0.044186
0 0.237528 0.698837 0.018141 0.048837
2 0.254819 0.454651 0.058390 0.100000
