0 0.018424 0.623256 0.019841 0.046512
0 0.367914 0.766279 0.014739 0.086047
0 0.523810 0.681395 0.023810 0.046512
0 0.615079 0.733721 0.022676 0.044186
0 0.201247 0.447674 0.021542 0.048837
0 0.594388 0.736047 0.013039 0.034884
0 0.210034 0.503488 0.019841 0.048837
0 0.206349 0.560465 0.020408 0.041860
0 0.243197 0.518605 0.018141 0.041860
0 0.235261 0.566279 0.023810 0.053488
0 0.111678 0.954651 0.010204 0.090698
0 0.270975 0.579070 0.021542 0.041860
0 0.301020 0.582558 0.018141 0.044186
0 0.273810 0.517442 0.023810 0.044186
0 0.302154 0.458140 0.022676 0.055814
0 0.358844 0.474419 0.021542 0.046512
0 0.395975 0.476744 0.023243 0.051163
0 0.420635 0.484884 0.015873 0.039535
0 0.449830 0.486047 0.020975 0.041860
0 0.493197 0.490698 0.022676 0.041860
0 0.689626 0.133721 0.009637 0.072093
0 0.767007 0.212791 0.019274 0.081395
0 0.682540 0.786047 0.018141 0.041860
0 0.704082 0.787209 0.019274 0.039535
0 0.729025 0.788372 0.018141 0.046512
0 0.759354 0.788372 0.023243 0.046512
0 0.785998 0.795349 0.020975 0.037209
0 0.807823 0.798837 0.018141 0.039535
0 0.938209 0.812791 0.018141 0.039535
0 0.985261 0.491860 0.018141 0.039535
0 0.963152 0.488372 0.020408 0.041860
0 0.936508 0.484884 0.020408 0.039535
0 0.911848 0.481395 0.017574 0.041860
0 0.887472 0.476744 0.022109 0.051163
0 0.858844 0.475581 0.018141 0.039535
0 0.830215 0.470930 0.020975 0.039535
0 0.764456 0.465116 0.018707 0.041860
0 0.623299 0.459302 0.019841 0.039535
0 0.604308 0.458140 0.017007 0.041860
0 0.581633 0.452326 0.021542 0.048837
0 0.555272 0.453488 0.020975 0.037209
0 0.534580 0.450000 0.013605 0.039535
0 0.512755 0.445349 0.017574 0.039535
0 0.488379 0.441860 0.020975 0.041860
0 0.460601 0.436047 0.019841 0.039535
0 0.436224 0.434884 0.018707 0.041860
0 0.413832 0.431395 0.018141 0.039535
0 0.389456 0.429070 0.017007 0.044186
0 0.366497 0.425581 0.018707 0.041860
0 0.343821 0.419767 0.016440 0.044186
0 0.321712 0.416279 0.017574 0.041860
0 0.413265 0.687209 0.018141 0.039535
2 0.253968 0.444186 0.057823 0.093023
