0 0.019558 0.630233 0.019841 0.046512
0 0.364512 0.843023 0.010204 0.081395
0 0.392290 0.700000 0.023810 0.051163
0 0.488946 0.744186 0.023243 0.055814
0 0.202098 0.462791 0.023243 0.051163
0 0.468537 0.741860 0.013039 0.041860
0 0.210601 0.520930 0.018707 0.046512
0 0.207483 0.576744 0.020408 0.051163
0 0.244331 0.534884 0.017007 0.046512
0 0.237245 0.582558 0.023243 0.058140
0 0.112528 0.960465 0.009637 0.079070
0 0.272109 0.596512 0.021542 0.044186
0 0.301871 0.600000 0.018707 0.046512
0 0.274376 0.534884 0.023810 0.046512
0 0.302721 0.475581 0.021542 0.058140
0 0.359127 0.495349 0.020975 0.046512
0 0.397109 0.498837 0.024376 0.058140
0 0.420635 0.504651 0.015873 0.041860
0 0.450397 0.506977 0.020975 0.041860
0 0.493481 0.512791 0.023243 0.048837
0 0.690760 0.165116 0.009637 0.069767
0 0.767290 0.243023 0.018707 0.076744
0 0.683107 0.805814 0.018141 0.044186
0 0.703798 0.806977 0.018707 0.041860
0 0.729592 0.808140 0.017007 0.048837
0 0.759637 0.808140 0.023810 0.048837
0 0.786565 0.815116 0.022109 0.044186
0 0.808673 0.819767 0.017574 0.044186
0 0.985828 0.520930 0.019274 0.041860
0 0.964002 0.515116 0.020975 0.048837
0 0.937075 0.512791 0.019274 0.044186
0 0.912415 0.510465 0.017574 0.044186
0 0.888039 0.503488 0.022109 0.053488
0 0.859410 0.502326 0.018141 0.041860
0 0.831349 0.498837 0.020975 0.044186
0 0.765023 0.488372 0.018707 0.046512
0 0.624150 0.483721 0.019274 0.041860
0 0.605159 0.482558 0.016440 0.044186
0 0.582483 0.475581 0.022109 0.053488
0 0.556406 0.479070 0.020975 0.041860
0 0.535714 0.472093 0.013605 0.041860
0 0.513889 0.467442 0.017574 0.041860
0 0.489229 0.463953 0.020408 0.048837
0 0.461735 0.460465 0.019841 0.041860
0 0.436791 0.456977 0.019841 0.044186
0 0.414399 0.453488 0.018141 0.046512
0 0.389739 0.448837 0.016440 0.046512
0 0.367347 0.445349 0.018141 0.044186
0 0.344388 0.439535 0.016440 0.046512
0 0.322279 0.434884 0.017574 0.041860
0 0.300454 0.703488 0.018141 0.048837
2 0.254819 0.454651 0.057256 0.100000
