0 0.017857 0.612791 0.019841 0.044186
0 0.085884 0.097674 0.009637 0.088372
0 0.425737 0.675581 0.019274 0.039535
0 0.765306 0.662791 0.023810 0.041860
0 0.829082 0.716279 0.023243 0.046512
0 0.200397 0.429070 0.020975 0.048837
0 0.808390 0.717442 0.012472 0.034884
0 0.208617 0.482558 0.019274 0.044186
0 0.204082 0.545349 0.020408 0.039535
0 0.242063 0.497674 0.017007 0.037209
0 0.234410 0.547674 0.023243 0.044186
0 0.110828 0.940698 0.009637 0.090698
0 0.270125 0.554651 0.020975 0.039535
0 0.300454 0.558140 0.018141 0.037209
0 0.272676 0.495349 0.023810 0.041860
0 0.301587 0.433721 0.021542 0.048837
0 0.357710 0.447674 0.021542 0.039535
0 0.395125 0.451163 0.023810 0.051163
0 0.419501 0.454651 0.015873 0.044186
0 0.449263 0.454651 0.020975 0.039535
0 0.492063 0.458140 0.022676 0.041860
0 0.688492 0.084884 0.010771 0.076744
0 0.765023 0.170930 0.018707 0.076744
0 0.681689 0.756977 0.018707 0.039535
0 0.703231 0.759302 0.018707 0.039535
0 0.728458 0.760465 0.017007 0.041860
0 0.758220 0.761628 0.024376 0.039535
0 0.785431 0.761628 0.022109 0.039535
0 0.807256 0.767442 0.018141 0.037209
0 0.938209 0.776744 0.018141 0.041860
0 0.960317 0.777907 0.015873 0.034884
0 0.984410 0.448837 0.019841 0.037209
0 0.962018 0.444186 0.020408 0.037209
0 0.936224 0.441860 0.019841 0.037209
0 0.910998 0.439535 0.017007 0.041860
0 0.886621 0.438372 0.022676 0.044186
0 0.857710 0.434884 0.017007 0.037209
0 0.829365 0.431395 0.020408 0.039535
0 0.763322 0.427907 0.018707 0.037209
0 0.622732 0.422093 0.019841 0.034884
0 0.603458 0.420930 0.017574 0.037209
0 0.580782 0.418605 0.022109 0.041860
0 0.554705 0.418605 0.019841 0.037209
0 0.533447 0.415116 0.012472 0.034884
0 0.512188 0.410465 0.017574 0.034884
0 0.487812 0.411628 0.020975 0.037209
0 0.459751 0.408140 0.020408 0.039535
0 0.435091 0.403488 0.018707 0.039535
0 0.412698 0.403488 0.018141 0.034884
0 0.388889 0.401163 0.017007 0.039535
0 0.365646 0.397674 0.019274 0.037209
0 0.342687 0.393023 0.016440 0.037209
0 0.320578 0.391860 0.018707 0.034884
0 0.624150 0.660465 0.018141 0.041860
2 0.252834 0.426744 0.057823 0.076744
