0 0.019274 0.630233 0.020408 0.051163
0 0.364796 0.863953 0.010771 0.081395
0 0.342971 0.703488 0.023810 0.053488
0 0.441610 0.741860 0.022676 0.055814
0 0.202664 0.462791 0.022109 0.046512
0 0.420918 0.747674 0.014172 0.044186
0 0.210317 0.522093 0.019274 0.044186
0 0.206916 0.575581 0.019274 0.053488
0 0.244898 0.536047 0.017007 0.044186
0 0.237812 0.582558 0.024376 0.062791
0 0.113095 0.960465 0.009637 0.079070
0 0.272109 0.595349 0.022676 0.051163
0 0.302154 0.603488 0.018141 0.044186
0 0.274660 0.538372 0.024376 0.048837
0 0.303005 0.479070 0.022109 0.060465
0 0.359694 0.498837 0.020975 0.048837
0 0.397109 0.501163 0.023243 0.058140
0 0.422052 0.508140 0.016440 0.044186
0 0.450964 0.510465 0.020975 0.044186
0 0.494331 0.517442 0.023810 0.048837
0 0.691043 0.172093 0.009070 0.069767
0 0.767574 0.248837 0.019274 0.079070
0 0.683107 0.809302 0.018141 0.041860
0 0.704365 0.809302 0.018707 0.041860
0 0.729592 0.811628 0.017007 0.046512
0 0.759921 0.813953 0.023243 0.046512
0 0.786565 0.818605 0.020975 0.046512
0 0.808673 0.824419 0.017574 0.044186
0 0.985828 0.526744 0.018141 0.048837
0 0.963435 0.523256 0.019841 0.046512
0 0.937075 0.518605 0.019274 0.046512
0 0.912415 0.516279 0.017574 0.046512
0 0.888039 0.510465 0.023243 0.053488
0 0.859694 0.506977 0.018707 0.046512
0 0.831349 0.503488 0.019841 0.044186
0 0.764739 0.495349 0.018141 0.046512
0 0.624717 0.488372 0.019274 0.041860
0 0.605159 0.488372 0.015306 0.041860
0 0.582483 0.481395 0.022109 0.055814
0 0.556406 0.483721 0.020975 0.041860
0 0.535147 0.476744 0.013605 0.046512
0 0.513889 0.472093 0.017574 0.037209
0 0.489229 0.466279 0.021542 0.048837
0 0.461735 0.462791 0.019841 0.046512
0 0.437642 0.460465 0.019274 0.046512
0 0.414966 0.454651 0.018141 0.048837
0 0.390590 0.451163 0.017007 0.046512
0 0.368197 0.446512 0.018707 0.046512
0 0.344955 0.444186 0.016440 0.046512
0 0.322562 0.437209 0.018141 0.041860
0 0.257653 0.700000 0.018707 0.046512
2 0.254535 0.454651 0.058957 0.104651
