0 0.018424 0.626744 0.019841 0.048837
0 0.364796 0.806977 0.011905 0.083721
0 0.468821 0.687209 0.023810 0.044186
0 0.562925 0.738372 0.021542 0.048837
0 0.201247 0.453488 0.022676 0.051163
0 0.541950 0.739535 0.013605 0.037209
0 0.209467 0.510465 0.019841 0.044186
0 0.205499 0.565116 0.019841 0.046512
0 0.242630 0.525581 0.017007 0.041860
0 0.235544 0.572093 0.023243 0.055814
0 0.111961 0.955814 0.009637 0.088372
0 0.270975 0.584884 0.022676 0.044186
0 0.300454 0.590698 0.018141 0.041860
0 0.273526 0.525581 0.024376 0.046512
0 0.302154 0.465116 0.021542 0.055814
0 0.358844 0.482558 0.021542 0.044186
0 0.396259 0.484884 0.022676 0.053488
0 0.420351 0.491860 0.015306 0.044186
0 0.449546 0.494186 0.020408 0.039535
0 0.492630 0.498837 0.022676 0.044186
0 0.689909 0.147674 0.010204 0.072093
0 0.766440 0.225581 0.019274 0.079070
0 0.682256 0.793023 0.018707 0.041860
0 0.703798 0.795349 0.018707 0.041860
0 0.729025 0.796512 0.017007 0.044186
0 0.758787 0.797674 0.023243 0.041860
0 0.785714 0.803488 0.021542 0.044186
0 0.808107 0.808140 0.017574 0.039535
0 0.937642 0.823256 0.019274 0.041860
0 0.984977 0.503488 0.018707 0.044186
0 0.962585 0.500000 0.020408 0.041860
0 0.936791 0.496512 0.019841 0.039535
0 0.911848 0.493023 0.017574 0.041860
0 0.887188 0.489535 0.022676 0.053488
0 0.858844 0.486047 0.018141 0.041860
0 0.830499 0.484884 0.020408 0.044186
0 0.764456 0.474419 0.019841 0.041860
0 0.624150 0.468605 0.020408 0.039535
0 0.604308 0.467442 0.015873 0.041860
0 0.581633 0.460465 0.021542 0.051163
0 0.555839 0.465116 0.020975 0.041860
0 0.534580 0.459302 0.013605 0.044186
0 0.512755 0.454651 0.017574 0.039535
0 0.488662 0.452326 0.021542 0.048837
0 0.460601 0.445349 0.019841 0.039535
0 0.435941 0.444186 0.018141 0.041860
0 0.413265 0.440698 0.018141 0.044186
0 0.389172 0.436047 0.016440 0.044186
0 0.366497 0.432558 0.018707 0.041860
0 0.343537 0.427907 0.015873 0.041860
0 0.321145 0.424419 0.017574 0.039535
0 0.366213 0.695349 0.018141 0.041860
2 0.253968 0.444186 0.057823 0.088372
