0 0.371345 0.572212 0.055556 0.051188
0 0.250731 0.641682 0.057018 0.051188
0 0.499269 0.444241 0.065789 0.062157
0 0.970029 0.262340 0.059942 0.049360
0 0.356725 0.396709 0.055556 0.047532
0 0.250731 0.269653 0.048246 0.078611
0 0.205409 0.170932 0.042398 0.071298
0 0.241959 0.036563 0.045322 0.069470
0 0.061404 0.029250 0.058480 0.047532
0 0.201754 0.289762 0.032164 0.049360
0 0.144006 0.129799 0.036550 0.054845
0 0.542398 0.084095 0.058480 0.036563
0 0.644006 0.078611 0.054094 0.032907
0 0.156433 0.735832 0.061404 0.049360
0 0.165936 0.975320 0.051170 0.038391
0 0.532164 0.826325 0.052632 0.062157
0 0.577485 0.876600 0.058480 0.067642
0 0.625731 0.927788 0.058480 0.067642
0 0.676170 0.969835 0.057018 0.063985
0 0.879386 0.459781 0.030702 0.067642
0 0.866959 0.572212 0.029240 0.076782
0 0.861842 0.663620 0.030702 0.065814
0 0.839181 0.839122 0.029240 0.076782
0 0.891813 0.668190 0.040936 0.078611
0 0.928363 0.628885 0.035088 0.084095
