0 0.376462 0.570384 0.054094 0.051188
0 0.215643 0.660878 0.057018 0.053016
0 0.603070 0.385740 0.065789 0.062157
0 0.859649 0.324497 0.061404 0.056673
0 0.378655 0.400366 0.052632 0.036563
0 0.255848 0.266910 0.049708 0.080439
0 0.209795 0.168190 0.042398 0.069470
0 0.245614 0.033821 0.040936 0.063985
0 0.065058 0.026508 0.059942 0.049360
0 0.206140 0.287020 0.032164 0.047532
0 0.148392 0.124314 0.036550 0.054845
0 0.548246 0.079525 0.058480 0.038391
0 0.649854 0.076782 0.054094 0.032907
0 0.039474 0.788848 0.061404 0.049360
0 0.171053 0.973492 0.052632 0.038391
0 0.536550 0.822669 0.052632 0.062157
0 0.583333 0.873857 0.058480 0.073126
0 0.629386 0.923218 0.059942 0.065814
0 0.681287 0.967093 0.058480 0.065814
0 0.883772 0.455210 0.030702 0.069470
0 0.872076 0.568556 0.033626 0.076782
0 0.865497 0.659963 0.035088 0.065814
0 0.843567 0.834552 0.035088 0.078611
0 0.894737 0.670932 0.043860 0.080439
0 0.932749 0.626143 0.038012 0.082267
