0 0.384503 0.574954 0.055556 0.053016
0 0.184942 0.640768 0.057018 0.049360
0 0.138158 0.712066 0.057018 0.049360
0 0.752193 0.311700 0.062865 0.056673
0 0.701754 0.441499 0.061404 0.056673
0 0.401316 0.408592 0.051170 0.034735
0 0.262427 0.271481 0.048246 0.078611
0 0.219298 0.172761 0.040936 0.071298
0 0.254386 0.039305 0.043860 0.067642
0 0.076754 0.031079 0.059942 0.051188
0 0.215643 0.290676 0.030702 0.047532
0 0.158626 0.129799 0.039474 0.058501
0 0.557018 0.085009 0.058480 0.038391
0 0.659357 0.082267 0.055556 0.032907
0 0.179094 0.975320 0.051170 0.038391
0 0.544591 0.829068 0.054094 0.063985
0 0.591374 0.878428 0.057018 0.067642
0 0.636696 0.928702 0.059942 0.069470
0 0.686404 0.970750 0.057018 0.065814
0 0.894006 0.458867 0.033626 0.073126
0 0.880848 0.572212 0.033626 0.076782
0 0.875000 0.664534 0.036550 0.067642
0 0.850877 0.837294 0.032164 0.076782
0 0.901316 0.687386 0.048246 0.073126
0 0.942251 0.630713 0.036550 0.080439
