0 0.383041 0.569470 0.052632 0.049360
0 0.123538 0.667276 0.057018 0.051188
0 0.165205 0.691042 0.058480 0.051188
0 0.705409 0.329982 0.065789 0.060329
0 0.752924 0.399452 0.061404 0.060329
0 0.394006 0.402194 0.054094 0.036563
0 0.259503 0.267824 0.048246 0.078611
0 0.215643 0.168190 0.042398 0.073126
0 0.252193 0.035649 0.045322 0.067642
0 0.071637 0.028336 0.061404 0.053016
0 0.212719 0.287020 0.030702 0.047532
0 0.154971 0.125229 0.038012 0.056673
0 0.554094 0.082267 0.055556 0.036563
0 0.657164 0.075868 0.054094 0.034735
0 0.176170 0.972578 0.054094 0.036563
0 0.541667 0.822669 0.054094 0.062157
0 0.589181 0.872943 0.058480 0.071298
0 0.635234 0.924132 0.059942 0.067642
0 0.687865 0.967093 0.057018 0.062157
0 0.891813 0.455210 0.032164 0.069470
0 0.878655 0.569470 0.032164 0.078611
0 0.872076 0.659049 0.033626 0.067642
0 0.849415 0.833638 0.032164 0.076782
0 0.899854 0.679159 0.048246 0.082267
0 0.939327 0.627057 0.036550 0.080439
