0 0.375731 0.568556 0.052632 0.051188
0 0.237573 0.648995 0.057018 0.051188
0 0.553363 0.413163 0.062865 0.058501
0 0.917398 0.289762 0.059942 0.056673
0 0.371345 0.397623 0.055556 0.042048
0 0.255117 0.266910 0.048246 0.076782
0 0.209064 0.168190 0.040936 0.069470
0 0.245614 0.033821 0.043860 0.067642
0 0.066520 0.027422 0.062865 0.047532
0 0.206140 0.285192 0.035088 0.051188
0 0.149123 0.126143 0.035088 0.054845
0 0.547515 0.081353 0.059942 0.042048
0 0.648392 0.075868 0.054094 0.034735
0 0.098684 0.762340 0.062865 0.051188
0 0.171053 0.970750 0.052632 0.036563
0 0.536550 0.822669 0.052632 0.062157
0 0.583333 0.872943 0.058480 0.071298
0 0.630117 0.923218 0.058480 0.065814
0 0.682018 0.967093 0.057018 0.062157
0 0.884503 0.455210 0.032164 0.069470
0 0.871345 0.569470 0.032164 0.078611
0 0.865497 0.659963 0.035088 0.065814
0 0.842836 0.833638 0.030702 0.076782
0 0.895468 0.668190 0.042398 0.082267
0 0.933480 0.625229 0.036550 0.080439
