0 0.379386 0.570384 0.054094 0.051188
0 0.057749 0.695612 0.057018 0.049360
0 0.192251 0.677331 0.057018 0.049360
0 0.654240 0.358318 0.065789 0.058501
0 0.806287 0.361974 0.062865 0.058501
0 0.386696 0.402194 0.054094 0.036563
0 0.258041 0.267824 0.051170 0.078611
0 0.213450 0.168190 0.040936 0.069470
0 0.248538 0.035649 0.043860 0.067642
0 0.067251 0.030165 0.061404 0.049360
0 0.209064 0.286106 0.032164 0.049360
0 0.151316 0.125229 0.036550 0.056673
0 0.550439 0.080439 0.057018 0.036563
0 0.652778 0.075868 0.054094 0.034735
0 0.173977 0.973492 0.052632 0.034735
0 0.539474 0.822669 0.052632 0.062157
0 0.584795 0.873857 0.058480 0.069470
0 0.633041 0.923218 0.058480 0.065814
0 0.684942 0.968007 0.057018 0.060329
0 0.888158 0.457038 0.030702 0.069470
0 0.875731 0.568556 0.035088 0.076782
0 0.868421 0.660878 0.035088 0.067642
0 0.845760 0.834552 0.033626 0.078611
0 0.896930 0.673675 0.045322 0.082267
0 0.936404 0.627971 0.036550 0.078611
