0 0.371345 0.570384 0.055556 0.051188
0 0.288012 0.617002 0.055556 0.053016
0 0.350877 0.527422 0.064327 0.060329
0 0.326023 0.346435 0.046784 0.067642
0 0.252193 0.265996 0.048246 0.074954
0 0.206140 0.165448 0.040936 0.071298
0 0.241959 0.032907 0.042398 0.065814
0 0.061404 0.027422 0.061404 0.051188
0 0.203216 0.285192 0.032164 0.047532
0 0.146199 0.126143 0.035088 0.051188
0 0.544591 0.079525 0.057018 0.038391
0 0.646199 0.076782 0.055556 0.036563
0 0.861111 0.241316 0.055556 0.051188
0 0.336257 0.641682 0.061404 0.054845
0 0.048246 0.789762 0.061404 0.051188
0 0.168129 0.971664 0.055556 0.038391
0 0.532895 0.821755 0.051170 0.060329
0 0.578947 0.872029 0.058480 0.069470
0 0.627193 0.923218 0.058480 0.065814
0 0.677632 0.966179 0.057018 0.063985
0 0.879386 0.455210 0.027778 0.069470
0 0.867690 0.567642 0.030702 0.078611
0 0.862573 0.658135 0.029240 0.062157
0 0.839912 0.833638 0.030702 0.073126
0 0.892544 0.658135 0.039474 0.080439
0 0.928363 0.625229 0.035088 0.084095
0 0.910088 0.803473 0.033626 0.074954
