0 0.366228 0.569470 0.057018 0.053016
0 0.301170 0.606947 0.055556 0.051188
0 0.032895 0.688300 0.065789 0.056673
0 0.235380 0.123400 0.046784 0.071298
0 0.247076 0.265082 0.046784 0.076782
0 0.201023 0.164534 0.042398 0.073126
0 0.236842 0.035649 0.043860 0.067642
0 0.057018 0.026508 0.061404 0.045704
0 0.198830 0.284278 0.032164 0.045704
0 0.139620 0.124314 0.036550 0.058501
0 0.539474 0.080439 0.058480 0.036563
0 0.639620 0.074040 0.057018 0.034735
0 0.512427 0.430530 0.054094 0.053016
0 0.676901 0.425046 0.061404 0.056673
0 0.381579 0.617916 0.064327 0.058501
0 0.163012 0.972578 0.054094 0.036563
0 0.528509 0.822669 0.048246 0.058501
0 0.573830 0.871115 0.054094 0.067642
0 0.622076 0.923218 0.059942 0.069470
0 0.671053 0.966179 0.058480 0.067642
0 0.872076 0.455210 0.030702 0.069470
0 0.855994 0.655393 0.027778 0.063985
0 0.834064 0.833638 0.030702 0.073126
0 0.888158 0.642596 0.033626 0.078611
0 0.920322 0.625229 0.033626 0.080439
0 0.902047 0.804388 0.029240 0.073126
