0 0.371345 0.570384 0.055556 0.051188
0 0.296053 0.615174 0.054094 0.053016
0 0.298977 0.557587 0.065789 0.058501
0 0.315789 0.321755 0.040936 0.069470
0 0.252193 0.265082 0.048246 0.076782
0 0.206871 0.167276 0.039474 0.071298
0 0.242690 0.034735 0.043860 0.069470
0 0.062135 0.027422 0.059942 0.051188
0 0.203216 0.286106 0.032164 0.049360
0 0.145468 0.126143 0.033626 0.051188
0 0.544591 0.080439 0.057018 0.036563
0 0.646199 0.075868 0.055556 0.034735
0 0.804094 0.271481 0.055556 0.053016
0 0.396199 0.608775 0.061404 0.054845
0 0.105994 0.763254 0.065789 0.053016
0 0.168860 0.973492 0.057018 0.038391
0 0.533626 0.822669 0.049708 0.058501
0 0.581140 0.872943 0.057018 0.067642
0 0.628655 0.924132 0.058480 0.063985
0 0.677632 0.967093 0.057018 0.062157
0 0.878655 0.456124 0.029240 0.067642
0 0.869152 0.568556 0.030702 0.076782
0 0.862573 0.659049 0.032164 0.063985
0 0.839912 0.836380 0.030702 0.071298
0 0.893275 0.657221 0.038012 0.082267
0 0.929094 0.625229 0.033626 0.080439
0 0.909357 0.802559 0.032164 0.076782
