0 0.368421 0.568556 0.058480 0.054845
0 0.301170 0.608775 0.055556 0.051188
0 0.193713 0.612431 0.065789 0.058501
0 0.289474 0.248629 0.040936 0.069470
0 0.250000 0.265082 0.046784 0.076782
0 0.204678 0.164534 0.040936 0.073126
0 0.240497 0.032907 0.045322 0.065814
0 0.059942 0.026508 0.058480 0.045704
0 0.199561 0.284278 0.033626 0.045704
0 0.143275 0.127057 0.035088 0.053016
0 0.542398 0.079525 0.058480 0.038391
0 0.642544 0.074954 0.054094 0.032907
0 0.686404 0.329982 0.054094 0.053016
0 0.509503 0.535649 0.059942 0.054845
0 0.216374 0.709324 0.064327 0.054845
0 0.165205 0.971664 0.055556 0.038391
0 0.530702 0.820841 0.049708 0.058501
0 0.577485 0.872943 0.058480 0.067642
0 0.625000 0.922303 0.057018 0.063985
0 0.673977 0.966179 0.058480 0.063985
0 0.875731 0.456124 0.029240 0.067642
0 0.865497 0.566728 0.032164 0.076782
0 0.858187 0.658135 0.029240 0.065814
0 0.837719 0.833638 0.029240 0.069470
0 0.890351 0.651737 0.040936 0.082267
0 0.925439 0.624314 0.035088 0.082267
0 0.906433 0.801645 0.032164 0.074954
