0 0.366228 0.570384 0.057018 0.054845
0 0.300439 0.607861 0.054094 0.049360
0 0.137427 0.640768 0.067251 0.060329
0 0.272661 0.210238 0.042398 0.069470
0 0.247076 0.265082 0.046784 0.076782
0 0.201754 0.165448 0.040936 0.071298
0 0.238304 0.034735 0.043860 0.065814
0 0.057749 0.026508 0.059942 0.045704
0 0.198830 0.285192 0.032164 0.047532
0 0.140351 0.125229 0.035088 0.053016
0 0.539474 0.079525 0.058480 0.034735
0 0.640351 0.075868 0.055556 0.034735
0 0.626462 0.363803 0.054094 0.054845
0 0.564327 0.499086 0.061404 0.058501
0 0.270468 0.680073 0.064327 0.054845
0 0.162281 0.971664 0.052632 0.038391
0 0.528509 0.821755 0.048246 0.056673
0 0.573830 0.873857 0.057018 0.069470
0 0.622807 0.924132 0.058480 0.067642
0 0.670322 0.967093 0.059942 0.065814
0 0.872807 0.456124 0.029240 0.067642
0 0.861111 0.568556 0.032164 0.076782
0 0.857456 0.657221 0.030702 0.063985
0 0.834795 0.833638 0.029240 0.073126
0 0.888158 0.650823 0.036550 0.080439
0 0.922515 0.626143 0.035088 0.078611
0 0.903509 0.804388 0.032164 0.076782
