0 0.367690 0.572212 0.057018 0.054845
0 0.296784 0.613346 0.055556 0.053016
0 0.243421 0.587751 0.065789 0.060329
0 0.300439 0.289762 0.039474 0.071298
0 0.248538 0.268739 0.049708 0.076782
0 0.202485 0.168190 0.042398 0.073126
0 0.238304 0.035649 0.043860 0.067642
0 0.057749 0.029250 0.059942 0.047532
0 0.199561 0.287934 0.030702 0.045704
0 0.141813 0.128885 0.035088 0.053016
0 0.540936 0.081353 0.058480 0.038391
0 0.642544 0.077697 0.054094 0.034735
0 0.741959 0.302559 0.054094 0.053016
0 0.451023 0.574954 0.059942 0.056673
0 0.159357 0.739488 0.064327 0.053016
0 0.165205 0.974406 0.055556 0.036563
0 0.529240 0.824497 0.049708 0.058501
0 0.575292 0.874771 0.059942 0.067642
0 0.624269 0.925960 0.058480 0.063985
0 0.671784 0.968921 0.059942 0.065814
0 0.875000 0.458867 0.027778 0.065814
0 0.864035 0.571298 0.029240 0.078611
0 0.858187 0.660878 0.029240 0.063985
0 0.835526 0.840037 0.030702 0.071298
0 0.889620 0.657221 0.039474 0.082267
0 0.923977 0.627971 0.035088 0.078611
0 0.905702 0.805302 0.033626 0.074954
