0 0.364035 0.570384 0.058480 0.054845
0 0.298977 0.609689 0.054094 0.053016
0 0.211988 0.076782 0.046784 0.073126
0 0.244152 0.266910 0.046784 0.076782
0 0.198099 0.166362 0.042398 0.073126
0 0.234649 0.036563 0.042398 0.065814
0 0.053363 0.026508 0.059942 0.045704
0 0.193713 0.285192 0.033626 0.047532
0 0.536550 0.082267 0.058480 0.036563
0 0.635234 0.077697 0.054094 0.034735
0 0.452485 0.465265 0.054094 0.053016
0 0.729532 0.389397 0.061404 0.058501
0 0.434942 0.588665 0.065789 0.058501
0 0.160088 0.973492 0.054094 0.038391
0 0.524854 0.823583 0.046784 0.056673
0 0.571637 0.873857 0.055556 0.065814
0 0.619883 0.924132 0.061404 0.067642
0 0.667398 0.968007 0.059942 0.063985
0 0.868421 0.457952 0.029240 0.067642
0 0.853070 0.657221 0.030702 0.067642
0 0.830409 0.834552 0.032164 0.074954
0 0.885234 0.638940 0.033626 0.078611
0 0.916667 0.627971 0.032164 0.078611
0 0.899123 0.804388 0.029240 0.073126
