0 0.371345 0.564899 0.055556 0.062157
0 0.300439 0.607861 0.054094 0.053016
0 0.245614 0.265996 0.046784 0.074954
0 0.200292 0.166362 0.043860 0.073126
0 0.236842 0.035649 0.043860 0.067642
0 0.054825 0.026508 0.059942 0.045704
0 0.195175 0.286106 0.033626 0.049360
0 0.537281 0.081353 0.057018 0.034735
0 0.635234 0.077697 0.054094 0.034735
0 0.339181 0.533821 0.052632 0.054845
0 0.839912 0.318099 0.059942 0.058501
0 0.545322 0.519196 0.061404 0.054845
0 0.035088 0.793419 0.058480 0.047532
0 0.161550 0.974406 0.054094 0.036563
0 0.527047 0.822669 0.048246 0.058501
0 0.570175 0.874771 0.055556 0.067642
0 0.619152 0.923218 0.057018 0.065814
0 0.666667 0.967093 0.058480 0.065814
0 0.868421 0.458867 0.029240 0.069470
0 0.851608 0.656307 0.033626 0.065814
0 0.830409 0.837294 0.032164 0.073126
0 0.885965 0.625229 0.032164 0.080439
0 0.916667 0.627971 0.032164 0.082267
0 0.899123 0.805302 0.029240 0.074954
