0 0.367690 0.558501 0.051170 0.067642
0 0.292398 0.611517 0.052632 0.053016
0 0.246345 0.268739 0.048246 0.080439
0 0.201023 0.169104 0.042398 0.071298
0 0.236111 0.038391 0.042398 0.065814
0 0.054825 0.030165 0.059942 0.045704
0 0.196637 0.289762 0.030702 0.045704
0 0.529240 0.086837 0.058480 0.034735
0 0.627924 0.081353 0.054094 0.034735
0 0.273392 0.570384 0.052632 0.051188
0 0.886696 0.287934 0.059942 0.056673
0 0.589912 0.488117 0.062865 0.058501
0 0.090643 0.773309 0.058480 0.047532
0 0.162281 0.977148 0.052632 0.038391
0 0.519006 0.827239 0.049708 0.060329
0 0.564327 0.877514 0.058480 0.069470
0 0.610380 0.927788 0.059942 0.071298
0 0.659357 0.969835 0.058480 0.063985
0 0.861111 0.461609 0.029240 0.067642
0 0.845760 0.659049 0.030702 0.063985
0 0.824561 0.838208 0.029240 0.071298
0 0.879386 0.620658 0.030702 0.078611
0 0.910088 0.630713 0.033626 0.080439
0 0.891813 0.808958 0.032164 0.074954
