0 0.377924 0.540219 0.045322 0.071298
0 0.302632 0.607861 0.055556 0.053016
0 0.244152 0.266910 0.046784 0.076782
0 0.198830 0.167276 0.043860 0.071298
0 0.233918 0.037477 0.046784 0.067642
0 0.052632 0.031993 0.055556 0.045704
0 0.193713 0.287934 0.033626 0.049360
0 0.535088 0.082267 0.058480 0.036563
0 0.634503 0.077697 0.055556 0.034735
0 0.219298 0.602377 0.052632 0.053016
0 0.948099 0.254113 0.059942 0.051188
0 0.650585 0.448812 0.061404 0.056673
0 0.141082 0.746801 0.057018 0.049360
0 0.159357 0.976234 0.052632 0.036563
0 0.527047 0.825411 0.048246 0.060329
0 0.568713 0.873857 0.055556 0.069470
0 0.618421 0.926874 0.061404 0.069470
0 0.667398 0.968007 0.057018 0.063985
0 0.866228 0.459781 0.027778 0.067642
0 0.851608 0.657221 0.030702 0.067642
0 0.828947 0.836380 0.032164 0.074954
0 0.885234 0.609689 0.030702 0.078611
0 0.915936 0.628885 0.030702 0.080439
0 0.896930 0.807130 0.030702 0.074954
