0 0.508567 0.526525 0.032710 0.050398
0 0.122664 0.884615 0.013240 0.092838
0 0.092290 0.133952 0.016355 0.098143
0 0.022196 0.509284 0.030374 0.042440
0 0.207944 0.180371 0.015576 0.090186
0 0.228583 0.712202 0.016355 0.087533
0 0.349299 0.285146 0.031931 0.045093
0 0.419003 0.240053 0.031153 0.045093
0 0.381231 0.232095 0.027259 0.045093
0 0.343847 0.224138 0.030374 0.050398
0 0.730530 0.310345 0.034268 0.058355
0 0.691199 0.289125 0.027259 0.047745
0 0.475857 0.309019 0.029595 0.045093
0 0.392913 0.343501 0.030374 0.045093
0 0.651480 0.283820 0.027259 0.042440
0 0.619938 0.281167 0.026480 0.047745
0 0.587617 0.278515 0.030374 0.042440
0 0.542445 0.266578 0.030374 0.045093
0 0.889798 0.201592 0.011682 0.095491
0 0.892134 0.102122 0.013240 0.087533
0 0.834502 0.149867 0.013240 0.103448
0 0.823598 0.470822 0.031931 0.061008
0 0.927181 0.533156 0.027259 0.053050
0 0.870717 0.675066 0.029595 0.082228
0 0.334112 0.633952 0.031153 0.047745
0 0.369159 0.629973 0.029595 0.045093
0 0.429907 0.623342 0.028037 0.047745
0 0.463785 0.628647 0.028816 0.047745
0 0.501168 0.636605 0.027259 0.047745
0 0.542056 0.643236 0.032710 0.045093
0 0.576324 0.651194 0.024922 0.045093
0 0.619159 0.655172 0.028037 0.042440
0 0.646417 0.657825 0.018692 0.042440
0 0.675623 0.664456 0.031931 0.045093
0 0.715732 0.676393 0.029595 0.047745
0 0.786215 0.690981 0.024143 0.050398
