0 0.143692 0.887268 0.016355 0.103448
0 0.404984 0.513263 0.034268 0.050398
0 0.123442 0.881963 0.014798 0.092838
0 0.096184 0.087533 0.014798 0.095491
0 0.022196 0.506631 0.031931 0.047745
0 0.227025 0.668435 0.016355 0.095491
0 0.372274 0.285146 0.031153 0.045093
0 0.419782 0.237401 0.029595 0.050398
0 0.383956 0.229443 0.028037 0.045093
0 0.346963 0.224138 0.030374 0.050398
0 0.732866 0.310345 0.034268 0.053050
0 0.693536 0.290451 0.027259 0.045093
0 0.542445 0.319629 0.030374 0.050398
0 0.434190 0.351459 0.030374 0.050398
0 0.653427 0.282493 0.028037 0.045093
0 0.621885 0.279841 0.025701 0.045093
0 0.590343 0.277188 0.029595 0.045093
0 0.544782 0.263926 0.030374 0.045093
0 0.892913 0.204244 0.013240 0.095491
0 0.896028 0.103448 0.014798 0.084881
0 0.837227 0.152520 0.014019 0.103448
0 0.840343 0.037135 0.010903 0.074271
0 0.963396 0.547745 0.032710 0.061008
0 0.865265 0.661804 0.031153 0.071618
0 0.335670 0.631300 0.032710 0.047745
0 0.371495 0.628647 0.031153 0.042440
0 0.431854 0.620690 0.027259 0.042440
0 0.465732 0.625995 0.028037 0.042440
0 0.503115 0.631300 0.026480 0.053050
0 0.543614 0.641910 0.032710 0.047745
0 0.577882 0.649867 0.026480 0.047745
0 0.620327 0.655172 0.027259 0.047745
0 0.647586 0.659151 0.019470 0.045093
0 0.676402 0.668435 0.033489 0.047745
0 0.717290 0.677719 0.031153 0.050398
0 0.788162 0.692308 0.024922 0.047745
