0 0.629283 0.538462 0.032710 0.053050
0 0.119938 0.883289 0.012461 0.090186
0 0.073988 0.212202 0.024922 0.090186
0 0.020639 0.510610 0.030374 0.039788
0 0.209112 0.324934 0.016355 0.087533
0 0.247274 0.831565 0.014798 0.103448
0 0.228193 0.843501 0.017134 0.100796
0 0.337227 0.279841 0.031153 0.045093
0 0.413941 0.238727 0.030374 0.047745
0 0.377336 0.230769 0.025701 0.042440
0 0.340732 0.225464 0.030374 0.047745
0 0.725467 0.311671 0.033489 0.055703
0 0.686137 0.291777 0.026480 0.047745
0 0.415888 0.298408 0.029595 0.050398
0 0.366044 0.338196 0.029595 0.045093
0 0.646807 0.282493 0.027259 0.045093
0 0.615654 0.281167 0.025701 0.047745
0 0.584112 0.277188 0.031153 0.045093
0 0.538162 0.266578 0.031153 0.045093
0 0.884735 0.202918 0.014019 0.092838
0 0.887072 0.104775 0.012461 0.082228
0 0.829439 0.156499 0.014019 0.090186
0 0.695483 0.419098 0.032710 0.053050
0 0.802181 0.470822 0.026480 0.050398
0 0.907710 0.523873 0.035047 0.066313
0 0.867212 0.680371 0.028816 0.076923
0 0.330218 0.633952 0.031153 0.047745
0 0.366433 0.629973 0.028816 0.045093
0 0.426402 0.624668 0.027259 0.045093
0 0.460280 0.627321 0.026480 0.050398
0 0.497664 0.633952 0.024922 0.047745
0 0.537383 0.643236 0.031153 0.045093
0 0.571651 0.648541 0.024922 0.050398
0 0.614875 0.656499 0.025701 0.045093
0 0.642523 0.659151 0.017134 0.039788
0 0.670950 0.667109 0.031931 0.045093
0 0.711449 0.679045 0.030374 0.047745
0 0.782710 0.693634 0.024922 0.045093
