0 0.663162 0.539788 0.031931 0.050398
0 0.121495 0.881963 0.012461 0.092838
0 0.066589 0.228117 0.027259 0.079576
0 0.100078 0.049072 0.013240 0.092838
0 0.022975 0.509284 0.030374 0.042440
0 0.206776 0.217507 0.016355 0.090186
0 0.248053 0.781167 0.013240 0.098143
0 0.226246 0.734748 0.016355 0.100796
0 0.338785 0.278515 0.031153 0.047745
0 0.415498 0.236074 0.031931 0.047745
0 0.379283 0.229443 0.026480 0.050398
0 0.342290 0.221485 0.030374 0.050398
0 0.727025 0.306366 0.033489 0.055703
0 0.686916 0.289125 0.026480 0.047745
0 0.407321 0.294430 0.029595 0.047745
0 0.363318 0.335544 0.028816 0.045093
0 0.647975 0.282493 0.026480 0.045093
0 0.617212 0.277188 0.025701 0.045093
0 0.584891 0.273210 0.029595 0.042440
0 0.540109 0.262599 0.030374 0.042440
0 0.885903 0.198939 0.013240 0.090186
0 0.887850 0.103448 0.012461 0.084881
0 0.830607 0.155172 0.013240 0.087533
0 0.668614 0.407162 0.031931 0.055703
0 0.775312 0.453581 0.027259 0.047745
0 0.879283 0.506631 0.035826 0.063660
0 0.869159 0.677719 0.029595 0.076923
0 0.332165 0.629973 0.031931 0.045093
0 0.367991 0.625995 0.028816 0.042440
0 0.427960 0.622016 0.027259 0.045093
0 0.461059 0.625995 0.028037 0.047745
0 0.498832 0.632626 0.025701 0.045093
0 0.539330 0.641910 0.031931 0.047745
0 0.573209 0.648541 0.026480 0.050398
0 0.616433 0.653846 0.027259 0.045093
0 0.643302 0.657825 0.020249 0.042440
0 0.672897 0.667109 0.031153 0.045093
0 0.713396 0.677719 0.032710 0.050398
0 0.784657 0.693634 0.024143 0.050398
