0 0.142523 0.794430 0.017134 0.103448
0 0.383567 0.510610 0.033489 0.050398
0 0.125389 0.881963 0.014019 0.092838
0 0.096573 0.078249 0.015576 0.098143
0 0.023364 0.507958 0.031153 0.045093
0 0.232477 0.775862 0.016355 0.087533
0 0.382009 0.287798 0.031931 0.045093
0 0.422897 0.237401 0.031153 0.045093
0 0.385903 0.230769 0.027259 0.047745
0 0.348520 0.225464 0.030374 0.053050
0 0.734813 0.312997 0.033489 0.053050
0 0.695872 0.294430 0.027259 0.047745
0 0.561916 0.328912 0.030374 0.047745
0 0.448988 0.355438 0.030374 0.042440
0 0.655763 0.283820 0.028037 0.042440
0 0.624221 0.281167 0.025701 0.042440
0 0.591900 0.278515 0.029595 0.047745
0 0.547118 0.265252 0.030374 0.042440
0 0.895249 0.205570 0.014798 0.092838
0 0.898364 0.106101 0.014798 0.079576
0 0.839564 0.153846 0.014019 0.100796
0 0.842290 0.038462 0.011682 0.071618
0 0.861371 0.652520 0.031153 0.063660
0 0.336838 0.632626 0.033489 0.050398
0 0.373053 0.627321 0.031153 0.045093
0 0.433411 0.623342 0.027259 0.042440
0 0.466900 0.628647 0.028816 0.042440
0 0.504673 0.633952 0.026480 0.047745
0 0.545171 0.644562 0.032710 0.047745
0 0.579050 0.651194 0.027259 0.050398
0 0.621885 0.659151 0.027259 0.045093
0 0.648364 0.661804 0.019470 0.045093
0 0.677960 0.669761 0.033489 0.050398
0 0.719237 0.681698 0.031931 0.047745
0 0.790109 0.694960 0.025701 0.047745
