0 0.599299 0.533156 0.031931 0.047745
0 0.121106 0.881963 0.013240 0.092838
0 0.082944 0.187003 0.024143 0.098143
0 0.021807 0.506631 0.029595 0.042440
0 0.215732 0.423077 0.017134 0.087533
0 0.250389 0.884615 0.014798 0.098143
0 0.233255 0.944297 0.016355 0.095491
0 0.339564 0.278515 0.031153 0.047745
0 0.415498 0.234748 0.031931 0.050398
0 0.378894 0.229443 0.025701 0.045093
0 0.341900 0.220159 0.029595 0.042440
0 0.727025 0.310345 0.031931 0.053050
0 0.687695 0.287798 0.028037 0.050398
0 0.431464 0.298408 0.029595 0.045093
0 0.372274 0.336870 0.029595 0.042440
0 0.648754 0.279841 0.026480 0.045093
0 0.617212 0.275862 0.025701 0.047745
0 0.586059 0.273210 0.030374 0.042440
0 0.540109 0.262599 0.030374 0.047745
0 0.886682 0.198939 0.011682 0.090186
0 0.889408 0.104775 0.014019 0.082228
0 0.830997 0.153846 0.012461 0.095491
0 0.726246 0.429708 0.033489 0.058355
0 0.833723 0.482759 0.027259 0.053050
0 0.940421 0.537135 0.036604 0.061008
0 0.869159 0.676393 0.029595 0.079576
0 0.331776 0.628647 0.031153 0.047745
0 0.367991 0.627321 0.028816 0.045093
0 0.427960 0.620690 0.025701 0.047745
0 0.461838 0.625995 0.026480 0.042440
0 0.499221 0.629973 0.026480 0.045093
0 0.538941 0.639257 0.032710 0.047745
0 0.573988 0.648541 0.024922 0.045093
0 0.616433 0.653846 0.027259 0.045093
0 0.643692 0.656499 0.019470 0.039788
0 0.672508 0.665782 0.031931 0.042440
0 0.713006 0.677719 0.031931 0.050398
0 0.784268 0.689655 0.024922 0.047745
