0 0.133956 0.312997 0.017134 0.106101
0 0.238318 0.693634 0.018692 0.108753
0 0.285436 0.582228 0.031931 0.103448
0 0.131620 0.880637 0.017134 0.095491
0 0.028037 0.503979 0.032710 0.042440
0 0.453660 0.299735 0.033489 0.053050
0 0.430296 0.237401 0.030374 0.045093
0 0.394081 0.229443 0.028037 0.045093
0 0.357087 0.224138 0.030374 0.050398
0 0.743769 0.312997 0.034268 0.058355
0 0.703271 0.294430 0.028037 0.047745
0 0.698988 0.371353 0.030374 0.053050
0 0.556464 0.376658 0.030374 0.047745
0 0.664330 0.285146 0.029595 0.045093
0 0.631231 0.281167 0.025701 0.042440
0 0.600078 0.277188 0.030374 0.045093
0 0.553738 0.263926 0.029595 0.045093
0 0.847352 0.155172 0.014019 0.098143
0 0.850467 0.038462 0.012461 0.071618
0 0.821262 0.625995 0.031931 0.047745
0 0.344237 0.632626 0.032710 0.045093
0 0.380062 0.628647 0.032710 0.042440
0 0.440810 0.623342 0.028037 0.037135
0 0.474688 0.625995 0.028816 0.042440
0 0.510903 0.635279 0.029595 0.045093
0 0.552181 0.644562 0.034268 0.047745
0 0.586059 0.649867 0.027259 0.047745
0 0.629283 0.659151 0.028037 0.039788
0 0.656153 0.659151 0.021028 0.050398
0 0.684190 0.669761 0.035047 0.045093
0 0.727414 0.679045 0.032710 0.047745
0 0.796729 0.696286 0.024922 0.045093
0 0.015576 0.432361 0.031153 0.053050
