0 0.755062 0.555703 0.031931 0.050398
0 0.119938 0.881963 0.012461 0.092838
0 0.025701 0.251989 0.026480 0.042440
0 0.092679 0.132626 0.020249 0.100796
0 0.117601 0.042440 0.014019 0.084881
0 0.021807 0.505305 0.029595 0.045093
0 0.250389 0.676393 0.019470 0.111406
0 0.211449 0.400531 0.016355 0.100796
0 0.336059 0.277188 0.031931 0.045093
0 0.412773 0.236074 0.029595 0.047745
0 0.376558 0.228117 0.027259 0.047745
0 0.339953 0.221485 0.028816 0.045093
0 0.723520 0.309019 0.031153 0.050398
0 0.683801 0.290451 0.026480 0.050398
0 0.380452 0.286472 0.028816 0.047745
0 0.349299 0.332891 0.028816 0.045093
0 0.645249 0.281167 0.027259 0.047745
0 0.614097 0.275862 0.025701 0.042440
0 0.582555 0.273210 0.031153 0.042440
0 0.536994 0.262599 0.030374 0.042440
0 0.882788 0.198939 0.013240 0.090186
0 0.884346 0.103448 0.013240 0.079576
0 0.588396 0.380637 0.031931 0.050398
0 0.695872 0.421751 0.027259 0.047745
0 0.794782 0.465517 0.036604 0.061008
0 0.912383 0.535809 0.033489 0.058355
0 0.866433 0.675066 0.028816 0.076923
0 0.329829 0.631300 0.030374 0.042440
0 0.366044 0.627321 0.028037 0.045093
0 0.426402 0.622016 0.027259 0.045093
0 0.458723 0.624668 0.028037 0.050398
0 0.496106 0.631300 0.024922 0.047745
0 0.537383 0.640584 0.031153 0.045093
0 0.571651 0.648541 0.026480 0.050398
0 0.614486 0.655172 0.024922 0.042440
0 0.641355 0.655172 0.019470 0.042440
0 0.670561 0.663130 0.031153 0.047745
0 0.710280 0.675066 0.031153 0.050398
0 0.781153 0.693634 0.024922 0.050398
