0 0.725078 0.554377 0.032710 0.053050
0 0.121495 0.887268 0.012461 0.092838
0 0.041667 0.255968 0.027259 0.055703
0 0.096963 0.106101 0.016355 0.100796
0 0.022586 0.510610 0.029595 0.039788
0 0.250000 0.706897 0.015576 0.103448
0 0.217290 0.519894 0.017134 0.100796
0 0.337617 0.281167 0.031931 0.047745
0 0.415109 0.241379 0.031153 0.047745
0 0.378115 0.230769 0.025701 0.047745
0 0.340732 0.225464 0.030374 0.047745
0 0.725078 0.314324 0.032710 0.050398
0 0.685748 0.294430 0.027259 0.047745
0 0.388240 0.293103 0.028816 0.045093
0 0.354751 0.339523 0.028816 0.047745
0 0.646807 0.285146 0.025701 0.045093
0 0.615265 0.282493 0.026480 0.045093
0 0.584502 0.278515 0.030374 0.042440
0 0.538941 0.267905 0.031153 0.042440
0 0.884346 0.204244 0.013240 0.090186
0 0.885903 0.107427 0.013240 0.082228
0 0.614097 0.391247 0.031931 0.050398
0 0.721573 0.435013 0.027259 0.047745
0 0.822430 0.482759 0.035826 0.058355
0 0.947819 0.555703 0.034268 0.061008
0 0.867601 0.680371 0.028037 0.076923
0 0.330997 0.635279 0.031153 0.045093
0 0.367601 0.632626 0.028037 0.045093
0 0.426791 0.627321 0.026480 0.045093
0 0.459502 0.629973 0.028037 0.050398
0 0.497664 0.636605 0.024922 0.047745
0 0.538162 0.644562 0.031153 0.047745
0 0.572819 0.653846 0.024143 0.050398
0 0.615654 0.657825 0.025701 0.042440
0 0.642134 0.660477 0.019470 0.042440
0 0.671729 0.669761 0.030374 0.045093
0 0.712227 0.679045 0.030374 0.047745
0 0.782710 0.696286 0.023364 0.045093
