0 0.479751 0.526525 0.032710 0.050398
0 0.121495 0.887268 0.014019 0.092838
0 0.092679 0.127321 0.015576 0.095491
0 0.021028 0.511936 0.031153 0.047745
0 0.211449 0.312997 0.016355 0.090186
0 0.230919 0.802387 0.014798 0.087533
0 0.352414 0.287798 0.031931 0.045093
0 0.418224 0.242706 0.031153 0.050398
0 0.380841 0.236074 0.026480 0.047745
0 0.343847 0.226790 0.030374 0.050398
0 0.729751 0.316976 0.034268 0.055703
0 0.690031 0.297082 0.028037 0.047745
0 0.491044 0.316976 0.028816 0.045093
0 0.399922 0.348806 0.030374 0.045093
0 0.650701 0.289125 0.028816 0.047745
0 0.619159 0.283820 0.026480 0.047745
0 0.587617 0.281167 0.030374 0.042440
0 0.542445 0.269231 0.031931 0.045093
0 0.890187 0.205570 0.014019 0.092838
0 0.892523 0.106101 0.014019 0.084881
0 0.834112 0.152520 0.012461 0.103448
0 0.856698 0.493369 0.031153 0.058355
0 0.957944 0.554377 0.026480 0.053050
0 0.869548 0.677719 0.031931 0.082228
0 0.333333 0.637931 0.031153 0.045093
0 0.369159 0.635279 0.031153 0.045093
0 0.429517 0.627321 0.027259 0.039788
0 0.462617 0.631300 0.026480 0.042440
0 0.500000 0.637931 0.026480 0.045093
0 0.540109 0.645889 0.031931 0.050398
0 0.575156 0.656499 0.027259 0.050398
0 0.617601 0.663130 0.028037 0.047745
0 0.644470 0.664456 0.019470 0.045093
0 0.673676 0.669761 0.034268 0.045093
0 0.715343 0.683024 0.030374 0.050398
0 0.785826 0.693634 0.024922 0.050398
