0 0.137072 0.709549 0.017134 0.103448
0 0.208723 0.128647 0.020249 0.108753
0 0.360202 0.515915 0.033489 0.050398
0 0.123442 0.887268 0.014798 0.092838
0 0.095405 0.070292 0.014798 0.092838
0 0.021028 0.510610 0.034268 0.045093
0 0.389408 0.293103 0.032710 0.050398
0 0.422118 0.240053 0.032710 0.045093
0 0.385125 0.234748 0.027259 0.045093
0 0.346963 0.228117 0.030374 0.047745
0 0.733645 0.316976 0.034268 0.055703
0 0.693925 0.297082 0.028037 0.047745
0 0.580218 0.338196 0.029595 0.050398
0 0.461449 0.360743 0.030374 0.042440
0 0.654595 0.287798 0.028816 0.045093
0 0.623832 0.283820 0.024922 0.042440
0 0.591511 0.282493 0.030374 0.045093
0 0.545950 0.269231 0.031153 0.045093
0 0.894081 0.208223 0.014019 0.092838
0 0.897196 0.111406 0.014019 0.084881
0 0.838396 0.156499 0.014798 0.100796
0 0.841121 0.041114 0.010903 0.071618
0 0.852414 0.647215 0.031931 0.058355
0 0.335670 0.636605 0.034268 0.047745
0 0.371495 0.632626 0.031153 0.045093
0 0.432632 0.627321 0.028816 0.045093
0 0.464953 0.632626 0.029595 0.039788
0 0.503115 0.635279 0.026480 0.050398
0 0.544003 0.645889 0.033489 0.050398
0 0.577882 0.656499 0.026480 0.050398
0 0.619938 0.661804 0.028037 0.045093
0 0.648364 0.664456 0.019470 0.045093
0 0.676402 0.671088 0.033489 0.042440
0 0.718458 0.681698 0.031931 0.047745
0 0.788162 0.697613 0.024922 0.047745
