0 0.135903 0.616711 0.017913 0.103448
0 0.216900 0.245358 0.021028 0.108753
0 0.341900 0.514589 0.035826 0.063660
0 0.125389 0.881963 0.015576 0.087533
0 0.098910 0.057029 0.015576 0.092838
0 0.023754 0.503979 0.033489 0.047745
0 0.402259 0.290451 0.031931 0.045093
0 0.424455 0.236074 0.031153 0.047745
0 0.387461 0.228117 0.027259 0.047745
0 0.349688 0.221485 0.031153 0.050398
0 0.736371 0.311671 0.035047 0.055703
0 0.697040 0.290451 0.028037 0.045093
0 0.602804 0.339523 0.031153 0.053050
0 0.480140 0.360743 0.030374 0.042440
0 0.657710 0.282493 0.028816 0.045093
0 0.626168 0.278515 0.024922 0.042440
0 0.593847 0.275862 0.030374 0.042440
0 0.548287 0.263926 0.029595 0.045093
0 0.897196 0.202918 0.015576 0.092838
0 0.899922 0.103448 0.014798 0.084881
0 0.840343 0.155172 0.014019 0.098143
0 0.844237 0.037135 0.010903 0.068966
0 0.847741 0.633952 0.031931 0.047745
0 0.338396 0.629973 0.033489 0.045093
0 0.373832 0.624668 0.031153 0.039788
0 0.434579 0.622016 0.028037 0.045093
0 0.467679 0.625995 0.028816 0.042440
0 0.505452 0.629973 0.026480 0.050398
0 0.546729 0.641910 0.032710 0.047745
0 0.580218 0.648541 0.026480 0.050398
0 0.622664 0.656499 0.027259 0.045093
0 0.650312 0.657825 0.020249 0.047745
0 0.678738 0.665782 0.033489 0.042440
0 0.720405 0.677719 0.031153 0.050398
0 0.791277 0.693634 0.024922 0.050398
