0 0.454439 0.519894 0.033489 0.047745
0 0.123442 0.884615 0.013240 0.092838
0 0.095405 0.111406 0.014798 0.100796
0 0.023364 0.509284 0.031153 0.042440
0 0.218069 0.435013 0.015576 0.090186
0 0.235592 0.885942 0.016355 0.084881
0 0.360202 0.285146 0.031931 0.045093
0 0.420561 0.240053 0.031153 0.050398
0 0.382788 0.233422 0.027259 0.047745
0 0.345794 0.225464 0.031153 0.047745
0 0.732087 0.314324 0.034268 0.055703
0 0.692368 0.295756 0.028037 0.050398
0 0.508178 0.315650 0.030374 0.047745
0 0.411604 0.348806 0.030374 0.050398
0 0.653037 0.285146 0.028816 0.045093
0 0.621495 0.283820 0.026480 0.047745
0 0.590343 0.279841 0.029595 0.045093
0 0.544393 0.263926 0.031153 0.045093
0 0.892134 0.205570 0.014798 0.092838
0 0.894081 0.108753 0.012461 0.084881
0 0.836449 0.153846 0.014019 0.106101
0 0.838396 0.041114 0.011682 0.076923
0 0.892523 0.513263 0.031153 0.061008
0 0.990265 0.571618 0.021028 0.050398
0 0.870327 0.677719 0.030374 0.076923
0 0.334891 0.633952 0.031153 0.047745
0 0.371106 0.631300 0.030374 0.042440
0 0.431464 0.624668 0.028037 0.045093
0 0.465343 0.628647 0.027259 0.047745
0 0.502726 0.636605 0.025701 0.047745
0 0.542445 0.643236 0.031931 0.050398
0 0.577103 0.653846 0.026480 0.050398
0 0.620327 0.659151 0.027259 0.045093
0 0.647586 0.663130 0.019470 0.042440
0 0.676012 0.671088 0.032710 0.047745
0 0.716900 0.681698 0.030374 0.047745
0 0.787773 0.696286 0.024143 0.050398
