0 0.692757 0.543767 0.033489 0.053050
0 0.120717 0.881963 0.012461 0.092838
0 0.054517 0.242706 0.028037 0.071618
0 0.097741 0.070292 0.014798 0.103448
0 0.021807 0.507958 0.029595 0.039788
0 0.200545 0.110080 0.016355 0.092838
0 0.247664 0.737401 0.015576 0.106101
0 0.221184 0.625995 0.017134 0.100796
0 0.337617 0.278515 0.031931 0.047745
0 0.413941 0.234748 0.030374 0.050398
0 0.377726 0.229443 0.026480 0.050398
0 0.340732 0.222812 0.028816 0.047745
0 0.725467 0.309019 0.033489 0.055703
0 0.685748 0.290451 0.027259 0.050398
0 0.396417 0.290451 0.028037 0.050398
0 0.357866 0.335544 0.028816 0.045093
0 0.646417 0.279841 0.026480 0.045093
0 0.615654 0.277188 0.025701 0.045093
0 0.584112 0.274536 0.031153 0.045093
0 0.538162 0.262599 0.031153 0.042440
0 0.883956 0.198939 0.014019 0.090186
0 0.885903 0.103448 0.011682 0.079576
0 0.640187 0.395225 0.032710 0.053050
0 0.746495 0.441645 0.027259 0.050398
0 0.849688 0.492042 0.035826 0.061008
0 0.980140 0.567639 0.035047 0.063660
0 0.867212 0.675066 0.028816 0.076923
0 0.330607 0.629973 0.031931 0.045093
0 0.366822 0.627321 0.028037 0.045093
0 0.426791 0.620690 0.026480 0.047745
0 0.460280 0.625995 0.028037 0.047745
0 0.497274 0.631300 0.025701 0.047745
0 0.537773 0.640584 0.030374 0.050398
0 0.572819 0.648541 0.024143 0.050398
0 0.615265 0.651194 0.024922 0.045093
0 0.641745 0.656499 0.020249 0.045093
0 0.671340 0.667109 0.031153 0.045093
0 0.711838 0.675066 0.031153 0.050398
0 0.782710 0.690981 0.024922 0.050398
