0 0.133567 0.376658 0.017913 0.100796
0 0.234034 0.588859 0.019470 0.111406
0 0.296340 0.551724 0.035047 0.095491
0 0.129673 0.875332 0.016355 0.095491
0 0.026480 0.497347 0.032710 0.045093
0 0.440031 0.291777 0.034268 0.042440
0 0.428349 0.232095 0.029595 0.045093
0 0.392523 0.224138 0.026480 0.045093
0 0.354751 0.217507 0.030374 0.047745
0 0.741433 0.305040 0.034268 0.047745
0 0.702103 0.289125 0.028816 0.047745
0 0.673676 0.354111 0.029595 0.050398
0 0.537383 0.367374 0.031153 0.039788
0 0.661994 0.277188 0.029595 0.050398
0 0.630062 0.275862 0.024922 0.037135
0 0.598520 0.271883 0.030374 0.045093
0 0.552960 0.258621 0.029595 0.039788
0 0.901090 0.202918 0.014019 0.092838
0 0.845794 0.149867 0.014019 0.092838
0 0.849299 0.035809 0.011682 0.071618
0 0.827492 0.619363 0.031931 0.045093
0 0.341511 0.625995 0.033489 0.047745
0 0.377726 0.623342 0.032710 0.042440
0 0.438474 0.619363 0.028037 0.045093
0 0.473131 0.622016 0.028816 0.045093
0 0.509735 0.628647 0.027259 0.047745
0 0.549455 0.640584 0.031931 0.050398
0 0.584502 0.645889 0.027259 0.045093
0 0.626168 0.651194 0.028037 0.045093
0 0.654206 0.651194 0.020249 0.050398
0 0.682632 0.661804 0.035047 0.045093
0 0.725078 0.673740 0.032710 0.053050
0 0.795561 0.687003 0.027259 0.042440
0 0.015187 0.427056 0.030374 0.053050
