0 0.132009 0.454907 0.017913 0.098143
0 0.227025 0.480106 0.021028 0.111406
0 0.308022 0.537135 0.036604 0.082228
0 0.126947 0.877984 0.015576 0.090186
0 0.023364 0.502653 0.034268 0.045093
0 0.425234 0.295756 0.032710 0.045093
0 0.425623 0.234748 0.030374 0.045093
0 0.389408 0.226790 0.028037 0.045093
0 0.352025 0.220159 0.031153 0.047745
0 0.738318 0.309019 0.034268 0.055703
0 0.698598 0.289125 0.028037 0.047745
0 0.647586 0.351459 0.030374 0.050398
0 0.515576 0.367374 0.031153 0.045093
0 0.659268 0.281167 0.028816 0.047745
0 0.627336 0.278515 0.025701 0.042440
0 0.595405 0.275862 0.030374 0.042440
0 0.549455 0.262599 0.028816 0.042440
0 0.898364 0.202918 0.014798 0.092838
0 0.901090 0.104775 0.014019 0.082228
0 0.843069 0.152520 0.013240 0.098143
0 0.845794 0.039788 0.012461 0.068966
0 0.832944 0.625995 0.031931 0.042440
0 0.338785 0.628647 0.032710 0.047745
0 0.374611 0.624668 0.031153 0.039788
0 0.435748 0.619363 0.028816 0.045093
0 0.469237 0.624668 0.028816 0.045093
0 0.506231 0.629973 0.026480 0.045093
0 0.547508 0.640584 0.032710 0.050398
0 0.581386 0.649867 0.025701 0.042440
0 0.623832 0.655172 0.028037 0.042440
0 0.651869 0.656499 0.020249 0.050398
0 0.680296 0.664456 0.033489 0.045093
0 0.721573 0.677719 0.031931 0.050398
0 0.792445 0.692308 0.025701 0.042440
