0 0.567757 0.527851 0.032710 0.047745
0 0.121495 0.881963 0.012461 0.092838
0 0.085670 0.172414 0.021807 0.100796
0 0.020249 0.510610 0.031153 0.045093
0 0.218847 0.525199 0.015576 0.084881
0 0.252726 0.946950 0.014798 0.095491
0 0.341900 0.278515 0.031153 0.042440
0 0.416277 0.236074 0.033489 0.047745
0 0.378894 0.229443 0.025701 0.050398
0 0.342679 0.222812 0.031153 0.047745
0 0.727025 0.309019 0.033489 0.050398
0 0.688084 0.289125 0.027259 0.047745
0 0.444704 0.301061 0.029595 0.045093
0 0.377336 0.338196 0.028816 0.045093
0 0.649143 0.281167 0.027259 0.042440
0 0.617991 0.277188 0.025701 0.045093
0 0.586059 0.274536 0.030374 0.039788
0 0.540109 0.263926 0.030374 0.045093
0 0.887461 0.198939 0.013240 0.090186
0 0.889019 0.103448 0.013240 0.084881
0 0.831386 0.152520 0.013240 0.098143
0 0.757399 0.440318 0.033489 0.058355
0 0.863318 0.498674 0.027259 0.053050
0 0.972352 0.557029 0.036604 0.063660
0 0.868769 0.677719 0.028816 0.076923
0 0.332165 0.629973 0.031931 0.045093
0 0.367991 0.627321 0.028816 0.045093
0 0.428738 0.622016 0.025701 0.039788
0 0.462617 0.625995 0.026480 0.042440
0 0.499611 0.629973 0.027259 0.045093
0 0.539330 0.640584 0.031931 0.045093
0 0.574377 0.648541 0.025701 0.050398
0 0.617212 0.655172 0.027259 0.047745
0 0.644470 0.656499 0.019470 0.045093
0 0.671729 0.664456 0.030374 0.039788
0 0.713396 0.676393 0.031153 0.047745
0 0.784268 0.690981 0.024922 0.050398
