0 0.726935 0.517196 0.026786 0.039683
0 0.852679 0.708333 0.022321 0.027778
0 0.837426 0.677249 0.027530 0.031746
0 0.871652 0.592593 0.020089 0.047619
0 0.888021 0.646164 0.020089 0.046296
0 0.124256 0.599206 0.028274 0.037037
0 0.198661 0.492063 0.026786 0.037037
0 0.011905 0.618386 0.022321 0.048942
0 0.851935 0.175265 0.025298 0.035714
1 0.959449 0.114418 0.031994 0.041005
0 0.712426 0.149471 0.023065 0.042328
0 0.739211 0.230159 0.029018 0.029101
0 0.296875 0.228836 0.019345 0.055556
0 0.257812 0.208333 0.020089 0.048942
0 0.249256 0.155423 0.019345 0.054233
0 0.282366 0.150794 0.018601 0.044974
0 0.330729 0.181217 0.021577 0.052910
0 0.156994 0.648810 0.029762 0.041005
0 0.193452 0.625000 0.029762 0.033069
2 0.742560 0.296958 0.065476 0.033069
0 0.594494 0.169974 0.026786 0.041005
3 0.341518 0.242725 0.010417 0.030423
0 0.043899 0.687831 0.028274 0.039683
0 0.162946 0.611111 0.023810 0.031746
0 0.309896 0.468915 0.020089 0.048942
0 0.336310 0.393519 0.016369 0.046296
0 0.258929 0.640873 0.029762 0.030423
0 0.248512 0.592593 0.029762 0.034392
0 0.455357 0.668651 0.028274 0.041005
1 0.531622 0.724206 0.030506 0.041005
1 0.591518 0.768519 0.023810 0.026455
0 0.245536 0.553571 0.028274 0.038360
0 0.329241 0.515212 0.024554 0.027778
0 0.383929 0.484127 0.028274 0.034392
3 0.356399 0.469577 0.011905 0.018519
0 0.446429 0.451058 0.028274 0.031746
0 0.642113 0.648810 0.026786 0.041005
0 0.654762 0.680556 0.026786 0.041005
0 0.669643 0.606481 0.023810 0.041005
0 0.681548 0.634921 0.025298 0.042328
0 0.698289 0.561508 0.026042 0.038360
0 0.722470 0.576720 0.025298 0.037037
0 0.945685 0.314815 0.031250 0.037037
0 0.038318 0.218254 0.029018 0.039683
