0 0.752626 0.019608 0.031513 0.041083
0 0.455620 0.684874 0.022584 0.071895
0 0.461922 0.928571 0.035189 0.070028
0 0.518645 0.867880 0.039391 0.064426
0 0.599790 0.515406 0.023109 0.069094
0 0.495011 0.532213 0.030987 0.072829
0 0.532038 0.485994 0.028361 0.062558
0 0.553834 0.324930 0.036239 0.065359
0 0.305410 0.593838 0.047794 0.052288
0 0.316176 0.547619 0.037815 0.047619
0 0.327994 0.507003 0.039391 0.044818
0 0.237658 0.556956 0.040441 0.047619
0 0.268908 0.521475 0.038866 0.042017
0 0.271796 0.470121 0.044643 0.049486
0 0.190914 0.521008 0.039391 0.042951
0 0.210872 0.488329 0.043592 0.048553
0 0.222689 0.442577 0.034664 0.039216
0 0.139706 0.497666 0.044118 0.048553
0 0.158876 0.456583 0.044643 0.050420
0 0.177521 0.417834 0.039916 0.045752
0 0.736345 0.677404 0.043067 0.049486
0 0.735032 0.628852 0.039391 0.047619
0 0.738445 0.575163 0.037815 0.041083
0 0.761029 0.546218 0.042017 0.044818
0 0.773109 0.704949 0.034664 0.037348
0 0.793330 0.663399 0.041492 0.047619
0 0.796481 0.614379 0.042542 0.046685
0 0.826418 0.578898 0.046744 0.052288
0 0.813813 0.727358 0.039391 0.044818
0 0.853466 0.646125 0.040966 0.044818
0 0.866334 0.758170 0.044643 0.050420
0 0.910189 0.674136 0.046218 0.050420
0 0.914391 0.784781 0.045168 0.055089
0 0.963235 0.813259 0.043067 0.052288
0 0.762342 0.857610 0.043592 0.049486
1 0.594800 0.629785 0.056197 0.103641
0 0.433824 0.552754 0.029412 0.067227
1 0.376313 0.398226 0.040441 0.058824
0 0.267332 0.317927 0.037815 0.045752
0 0.125263 0.391223 0.040441 0.044818
0 0.108718 0.426704 0.044118 0.048553
0 0.081408 0.465453 0.044118 0.051354
0 0.071954 0.365079 0.040966 0.039216
0 0.037290 0.436508 0.043067 0.055089
0 0.026523 0.232960 0.040441 0.040149
0 0.084559 0.259570 0.048319 0.054155
0 0.022321 0.264706 0.037290 0.049486
0 0.504727 0.587302 0.032563 0.072829
0 0.626576 0.179739 0.031513 0.068161
0 0.645483 0.210084 0.028361 0.061625
0 0.677784 0.130719 0.028887 0.065359
1 0.692752 0.213819 0.056723 0.123249
3 0.563813 0.226891 0.011029 0.026144
0 0.994485 0.838002 0.007878 0.049486
0 0.008403 0.386555 0.017857 0.067227
