0 0.894695 0.163399 0.062500 0.059757
0 0.850840 0.258637 0.068277 0.057890
0 0.956933 0.495798 0.045168 0.091503
0 0.908876 0.112979 0.063550 0.069094
0 0.964286 0.086835 0.045168 0.080299
0 0.883403 0.365079 0.051471 0.093371
0 0.756303 0.205882 0.049370 0.083100
0 0.821429 0.330065 0.051471 0.084967
0 0.775735 0.403361 0.047269 0.089636
0 0.943803 0.591970 0.066176 0.072829
0 0.965336 0.642857 0.060924 0.066293
0 0.946954 0.705415 0.072479 0.066293
0 0.891282 0.634921 0.050420 0.095238
0 0.871324 0.706816 0.065126 0.059757
0 0.809874 0.795985 0.051471 0.099907
0 0.690651 0.383754 0.031513 0.095238
0 0.664653 0.444911 0.053046 0.088702
0 0.625788 0.491597 0.041492 0.099907
0 0.584559 0.457516 0.043067 0.104575
0 0.520483 0.408030 0.054622 0.087768
0 0.459034 0.281046 0.056723 0.089636
0 0.791492 0.968721 0.072479 0.060691
0 0.549370 0.943978 0.057773 0.097106
0 0.491859 0.554155 0.051996 0.111111
0 0.418067 0.483193 0.063025 0.064426
0 0.407300 0.436975 0.059349 0.070962
0 0.457458 0.194678 0.051471 0.094304
0 0.393645 0.117647 0.044643 0.082166
1 0.280462 0.079365 0.070378 0.106443
0 0.308824 0.225023 0.050420 0.067227
0 0.682773 0.990196 0.056723 0.017740
0 0.479254 0.658263 0.057248 0.072829
0 0.521534 0.826331 0.057773 0.100840
0 0.441702 0.957983 0.063025 0.080299
3 0.657563 0.711485 0.025210 0.046685
3 0.877889 0.556956 0.019433 0.043884
3 0.763130 0.832866 0.017857 0.056022
