0 0.726935 0.517196 0.026786 0.039683
0 0.852679 0.708333 0.022321 0.027778
0 0.837426 0.677249 0.027530 0.031746
0 0.871652 0.592593 0.020089 0.047619
0 0.888021 0.646164 0.020089 0.046296
0 0.124256 0.599206 0.028274 0.037037
0 0.198661 0.493386 0.026786 0.037037
0 0.011905 0.618386 0.022321 0.048942
0 0.851935 0.175265 0.025298 0.035714
1 0.959449 0.114418 0.031994 0.041005
0 0.712426 0.149471 0.023065 0.042328
0 0.739211 0.230159 0.029018 0.029101
0 0.296875 0.228836 0.019345 0.055556
0 0.257812 0.208333 0.020089 0.048942
0 0.249256 0.155423 0.019345 0.054233
0 0.282366 0.150794 0.018601 0.044974
0 0.330729 0.179894 0.021577 0.052910
0 0.157366 0.649471 0.029018 0.039683
0 0.193452 0.625000 0.029762 0.033069
2 0.742560 0.296958 0.065476 0.033069
0 0.594122 0.169974 0.026042 0.041005
3 0.341518 0.242725 0.010417 0.030423
0 0.034970 0.695767 0.028274 0.039683
0 0.156250 0.615079 0.023810 0.031746
0 0.309152 0.473545 0.020089 0.044974
0 0.334077 0.400132 0.016369 0.046296
0 0.266369 0.638228 0.029762 0.030423
0 0.249256 0.592593 0.029762 0.034392
0 0.460565 0.675265 0.028274 0.041005
1 0.537574 0.726190 0.030506 0.039683
1 0.598214 0.768519 0.023810 0.026455
0 0.239583 0.560185 0.028274 0.038360
0 0.325149 0.519841 0.023810 0.029101
0 0.379092 0.489418 0.027530 0.037037
3 0.351935 0.470899 0.011905 0.018519
0 0.440476 0.454365 0.028274 0.033069
0 0.642113 0.648810 0.026786 0.041005
0 0.654762 0.680556 0.026786 0.041005
0 0.669643 0.606481 0.023810 0.041005
0 0.681176 0.634921 0.024554 0.042328
0 0.698289 0.561508 0.026042 0.038360
0 0.720982 0.579365 0.025298 0.037037
0 0.953125 0.308201 0.031250 0.037037
0 0.038318 0.218254 0.029018 0.039683
