0 0.391544 0.460784 0.032038 0.068161
0 0.568277 0.781513 0.043067 0.059757
0 0.628151 0.843137 0.044118 0.041083
0 0.647059 0.657330 0.034664 0.074697
0 0.442227 0.696545 0.032563 0.074697
0 0.478729 0.676004 0.028887 0.070962
0 0.420431 0.338936 0.042542 0.048553
0 0.342962 0.620448 0.044118 0.049486
0 0.376050 0.584034 0.038866 0.047619
0 0.388918 0.544351 0.041492 0.046685
0 0.233193 0.558824 0.046218 0.051354
0 0.273109 0.526611 0.044118 0.050420
0 0.256565 0.461251 0.043592 0.048553
0 0.168330 0.512605 0.038340 0.044818
0 0.196954 0.480392 0.044118 0.047619
0 0.202206 0.429505 0.037815 0.044818
0 0.113708 0.488329 0.047794 0.048553
0 0.138655 0.450514 0.043067 0.042017
0 0.155462 0.403361 0.042017 0.046685
0 0.752889 0.681139 0.042542 0.047619
0 0.723739 0.613445 0.040966 0.044818
0 0.711134 0.543884 0.037815 0.042017
0 0.759454 0.525677 0.040966 0.044818
0 0.794905 0.707750 0.033088 0.039216
0 0.812500 0.663399 0.043067 0.047619
0 0.810662 0.606443 0.042542 0.049486
0 0.836134 0.565826 0.045168 0.050420
0 0.840861 0.735294 0.040966 0.047619
0 0.876838 0.641923 0.042542 0.042017
0 0.896796 0.769841 0.045693 0.051354
0 0.940651 0.676937 0.045168 0.048553
0 0.946166 0.794585 0.045693 0.050420
0 0.988971 0.816993 0.019958 0.054155
1 0.705095 0.724556 0.067752 0.074697
0 0.311187 0.345938 0.041492 0.062558
1 0.186187 0.238562 0.042542 0.056956
0 0.037290 0.172736 0.037815 0.048553
0 0.099265 0.377218 0.045168 0.050420
0 0.083508 0.413632 0.040966 0.052288
0 0.054622 0.458450 0.043067 0.048553
0 0.044118 0.349206 0.040966 0.044818
0 0.011555 0.420168 0.024160 0.054155
0 0.006040 0.208217 0.013130 0.033613
0 0.055672 0.239963 0.045168 0.050420
0 0.942752 0.631186 0.046218 0.054155
0 0.441176 0.788982 0.034664 0.082166
0 0.552521 0.314659 0.044118 0.067227
0 0.653361 0.196078 0.026261 0.069094
0 0.682248 0.126984 0.030462 0.067227
0 0.649160 0.105509 0.032563 0.070962
0 0.706933 0.044818 0.031513 0.067227
3 0.571166 0.201681 0.009979 0.022409
3 0.544380 0.255836 0.013130 0.024276
