0 0.007616 0.254902 0.016282 0.067227
0 0.378939 0.905229 0.030987 0.077498
0 0.713235 0.112979 0.031513 0.063492
0 0.457721 0.779645 0.023634 0.065359
0 0.485032 0.909897 0.036239 0.068161
0 0.599002 0.425770 0.025735 0.067227
0 0.510767 0.478992 0.030987 0.072829
0 0.550420 0.426704 0.028361 0.059757
0 0.585347 0.273109 0.032038 0.066293
0 0.300420 0.587768 0.047269 0.051354
0 0.319328 0.549486 0.037815 0.047619
0 0.328519 0.510738 0.039391 0.044818
0 0.242910 0.558824 0.039391 0.047619
0 0.273109 0.522409 0.037815 0.042017
0 0.275998 0.473856 0.043592 0.049486
0 0.199317 0.521942 0.037290 0.039216
0 0.217437 0.489729 0.040966 0.045752
0 0.228466 0.446312 0.034664 0.039216
0 0.147584 0.497666 0.044118 0.048553
0 0.166754 0.458450 0.044643 0.048553
0 0.185137 0.424370 0.038340 0.045752
0 0.729254 0.676004 0.041492 0.046685
0 0.729779 0.628852 0.039391 0.047619
0 0.733981 0.577498 0.036239 0.040149
0 0.755515 0.549953 0.040441 0.044818
0 0.765756 0.701214 0.034664 0.037348
0 0.784926 0.663399 0.040441 0.047619
0 0.788340 0.613445 0.042017 0.046685
0 0.817227 0.580299 0.045168 0.049486
0 0.806460 0.723623 0.039391 0.044818
0 0.844538 0.644258 0.040966 0.044818
0 0.854779 0.753968 0.042542 0.049486
0 0.897059 0.672269 0.043067 0.048553
0 0.901786 0.778711 0.045168 0.054155
0 0.950630 0.805789 0.043067 0.048553
0 0.676996 0.823063 0.040966 0.049486
1 0.570641 0.583100 0.041492 0.114846
0 0.455095 0.633520 0.023634 0.068161
1 0.431723 0.469188 0.038866 0.064426
0 0.344538 0.364146 0.037815 0.042951
0 0.133141 0.394024 0.040441 0.044818
0 0.117910 0.431373 0.041492 0.046685
0 0.091124 0.469655 0.041492 0.050420
0 0.081408 0.366013 0.040966 0.039216
0 0.046218 0.436975 0.042017 0.050420
0 0.038866 0.242297 0.040966 0.040149
0 0.097164 0.270308 0.047269 0.051354
0 0.032563 0.274043 0.040966 0.049486
0 0.525735 0.523810 0.031513 0.069094
0 0.647584 0.121849 0.032563 0.068161
0 0.651523 0.187675 0.028887 0.061625
0 0.683298 0.116713 0.028361 0.061625
1 0.657563 0.321195 0.056723 0.123249
0 0.987395 0.833333 0.022059 0.049486
0 0.013393 0.390289 0.024685 0.067227
