0 0.908854 0.326058 0.031994 0.041005
0 0.851562 0.712302 0.023065 0.025132
0 0.837426 0.681217 0.024554 0.029101
0 0.870908 0.597884 0.018601 0.044974
0 0.882440 0.677249 0.019345 0.044974
0 0.123884 0.601852 0.027530 0.034392
0 0.198661 0.491402 0.026786 0.035714
0 0.011905 0.620370 0.023810 0.047619
0 0.853423 0.177249 0.026786 0.031746
1 0.960565 0.117725 0.031250 0.037037
1 0.712054 0.152778 0.020833 0.041005
0 0.738095 0.231481 0.025298 0.023810
0 0.297991 0.229497 0.020089 0.056878
0 0.258929 0.208995 0.020833 0.050265
0 0.247768 0.156746 0.019345 0.054233
0 0.283110 0.152116 0.018601 0.044974
0 0.329985 0.179894 0.023065 0.050265
2 0.741443 0.298280 0.063244 0.033069
0 0.595610 0.171958 0.026042 0.042328
0 0.165551 0.611111 0.030506 0.034392
0 0.065104 0.672619 0.026042 0.038360
3 0.781250 0.330026 0.011905 0.019841
3 0.319196 0.281746 0.014881 0.039683
3 0.802455 0.208333 0.011161 0.019841
3 0.582589 0.685847 0.013393 0.025132
3 0.324033 0.641534 0.011161 0.018519
3 0.338914 0.228836 0.011161 0.034392
3 0.850446 0.304894 0.017857 0.019841
0 0.524182 0.365741 0.029018 0.033069
0 0.552083 0.400794 0.025298 0.026455
0 0.306920 0.142857 0.021577 0.047619
0 0.281622 0.036376 0.020089 0.041005
0 0.092634 0.688492 0.033482 0.038360
0 0.206473 0.646825 0.030506 0.034392
1 0.249628 0.618386 0.029018 0.030423
1 0.302455 0.595899 0.029018 0.027778
0 0.590402 0.345899 0.030506 0.030423
0 0.591890 0.383598 0.024554 0.023810
0 0.631324 0.380952 0.029018 0.026455
3 0.695685 0.343915 0.013393 0.015873
0 0.968378 0.277778 0.029018 0.034392
0 0.647693 0.645503 0.027530 0.039683
0 0.654018 0.681217 0.026786 0.042328
0 0.670387 0.605820 0.026786 0.042328
0 0.682664 0.634259 0.027530 0.046296
0 0.697173 0.560185 0.025298 0.041005
0 0.657738 0.718915 0.026786 0.038360
0 0.037946 0.217593 0.025298 0.038360
