0 0.335084 0.626050 0.047269 0.107376
0 0.836134 0.972456 0.047269 0.053221
0 0.529674 0.966853 0.049895 0.062558
0 0.490546 0.880019 0.050420 0.118581
0 0.431197 0.699346 0.034664 0.112045
0 0.397584 0.615313 0.047269 0.106443
0 0.360032 0.501401 0.056197 0.102708
0 0.312500 0.382353 0.050420 0.094304
0 0.285714 0.636788 0.049370 0.108310
0 0.285977 0.201214 0.034139 0.084967
0 0.253151 0.260504 0.046218 0.095238
0 0.263130 0.163399 0.040966 0.087768
0 0.219800 0.160131 0.040441 0.077498
0 0.185399 0.625584 0.059874 0.093371
0 0.274422 0.849673 0.051996 0.119514
0 0.122899 0.414566 0.047269 0.095238
0 0.090861 0.330999 0.035714 0.103641
0 0.045956 0.432306 0.053046 0.102708
0 0.054359 0.217087 0.050945 0.096172
3 0.250000 0.352007 0.022059 0.044818
3 0.159401 0.532213 0.015231 0.052288
