0 0.551996 0.912232 0.063025 0.110177
0 0.877889 0.346405 0.053046 0.085901
0 0.413866 0.649860 0.066176 0.117647
0 0.666492 0.883287 0.066176 0.061625
0 0.706408 0.793651 0.059874 0.104575
0 0.762342 0.706816 0.056197 0.117647
0 0.821166 0.595238 0.054097 0.105509
0 0.440651 0.973389 0.059874 0.051354
0 0.925683 0.499533 0.059349 0.052288
0 0.878676 0.475257 0.056723 0.095238
0 0.944853 0.452848 0.063025 0.056022
0 0.931197 0.380952 0.047269 0.078431
0 0.645483 0.457516 0.044118 0.100840
0 0.547794 0.639589 0.056723 0.098973
0 0.743960 0.297852 0.053046 0.093371
0 0.783088 0.230626 0.059874 0.061625
0 0.716649 0.195612 0.060399 0.060691
0 0.872637 0.246499 0.050945 0.085901
0 0.439338 0.773109 0.068803 0.067227
0 0.839548 0.141457 0.049895 0.088702
0 0.876576 0.073763 0.050420 0.082166
3 0.655725 0.803455 0.019433 0.043884
3 0.939076 0.272642 0.022059 0.041083
3 0.787815 0.339402 0.022059 0.042017
3 0.843225 0.225490 0.019433 0.040149
3 0.689863 0.388422 0.026786 0.041083
3 0.599527 0.591036 0.014181 0.037348
3 0.829044 0.220355 0.024685 0.042951
