0 0.853423 0.710317 0.026786 0.031746
0 0.838542 0.677249 0.026786 0.031746
0 0.869792 0.593915 0.020833 0.052910
0 0.887649 0.657407 0.020833 0.050265
0 0.938988 0.363757 0.032738 0.037037
0 0.945685 0.332011 0.032738 0.042328
0 0.123884 0.605159 0.031994 0.035714
0 0.196057 0.492725 0.030506 0.038360
0 0.010045 0.622354 0.021577 0.051587
0 0.851190 0.175265 0.029762 0.033069
1 0.955357 0.115079 0.037202 0.042328
0 0.712054 0.152116 0.026786 0.044974
0 0.736979 0.231481 0.030506 0.029101
0 0.296131 0.232804 0.020833 0.058201
0 0.255952 0.209656 0.017857 0.051587
0 0.247024 0.159392 0.020833 0.051587
0 0.279762 0.151455 0.019345 0.048942
0 0.332589 0.210317 0.020833 0.052910
0 0.314732 0.139550 0.020833 0.056878
0 0.302827 0.067460 0.020833 0.055556
0 0.354167 0.222222 0.016369 0.039683
0 0.291667 0.103175 0.023810 0.050265
0 0.755952 0.339947 0.032738 0.029101
2 0.739955 0.297619 0.067708 0.039683
0 0.591890 0.172619 0.029018 0.043651
0 0.129092 0.724868 0.031994 0.037037
3 0.376116 0.488757 0.011161 0.033069
3 0.149182 0.691799 0.015625 0.018519
3 0.364955 0.679894 0.011161 0.023810
3 0.523810 0.736772 0.010417 0.021164
0 0.537574 0.775794 0.012649 0.022487
0 0.377976 0.086640 0.013393 0.030423
