0 0.448004 0.635854 0.028361 0.069094
0 0.482668 0.887488 0.036765 0.071895
0 0.540704 0.853408 0.042542 0.057890
0 0.610557 0.558824 0.026786 0.071895
0 0.487395 0.561625 0.030462 0.071895
0 0.521796 0.526144 0.027836 0.064426
0 0.528624 0.341737 0.038340 0.056022
0 0.308036 0.598039 0.045693 0.051354
0 0.320378 0.549953 0.038866 0.044818
0 0.332983 0.510271 0.039916 0.045752
0 0.233981 0.554622 0.040441 0.048553
0 0.266019 0.521475 0.040441 0.043884
0 0.269170 0.469655 0.043592 0.048553
0 0.187237 0.520542 0.039391 0.043884
0 0.206933 0.486928 0.044118 0.049486
0 0.218225 0.439776 0.035189 0.041083
0 0.131828 0.495798 0.042017 0.042951
0 0.153887 0.454715 0.043067 0.042951
0 0.171218 0.416433 0.039916 0.046685
0 0.740809 0.679272 0.042542 0.047619
0 0.740809 0.628852 0.039391 0.042017
0 0.743435 0.573763 0.038340 0.038282
0 0.766282 0.541550 0.040966 0.044818
0 0.779412 0.704949 0.033613 0.039216
0 0.798845 0.661064 0.040966 0.044818
0 0.804359 0.613445 0.042542 0.050420
0 0.833508 0.577498 0.045168 0.051354
0 0.820903 0.730159 0.040966 0.046685
0 0.861082 0.644725 0.041492 0.042017
0 0.875000 0.761905 0.042017 0.050420
0 0.918330 0.676471 0.043592 0.047619
0 0.921481 0.786181 0.045693 0.050420
0 0.974265 0.813725 0.044118 0.053221
0 0.819328 0.884220 0.045168 0.050420
1 0.611870 0.652194 0.058824 0.094304
0 0.417017 0.498599 0.030462 0.067227
1 0.337973 0.354809 0.040441 0.056022
0 0.216387 0.282913 0.042017 0.048553
0 0.120273 0.388422 0.045168 0.050420
0 0.103466 0.424837 0.040966 0.052288
0 0.075105 0.465920 0.043067 0.048553
0 0.065651 0.363212 0.038866 0.044818
0 0.028887 0.433240 0.043067 0.054155
0 0.019695 0.225957 0.038340 0.035481
0 0.074317 0.251634 0.045693 0.051354
0 0.015231 0.257236 0.030462 0.053221
0 0.492910 0.627918 0.033088 0.073763
0 0.612920 0.212885 0.031513 0.072829
0 0.646796 0.206816 0.027836 0.064426
0 0.676208 0.137255 0.029937 0.067227
0 0.704569 0.043417 0.032038 0.070028
1 0.714548 0.147526 0.054097 0.123249
3 0.543592 0.271242 0.011555 0.025210
3 0.559349 0.228758 0.012605 0.024276
0 0.003676 0.382820 0.008403 0.067227
