0 0.032826 0.301120 0.034139 0.060691
0 0.036239 0.238095 0.039916 0.056022
0 0.552784 0.832866 0.038340 0.048553
0 0.469013 0.889356 0.028361 0.062558
3 0.454832 0.630252 0.012605 0.022409
3 0.396008 0.753501 0.010504 0.022409
3 0.516544 0.350140 0.016282 0.024276
0 0.310399 0.588702 0.039916 0.040149
0 0.328519 0.556022 0.038340 0.045752
0 0.338498 0.517740 0.038340 0.045752
0 0.255777 0.556956 0.039916 0.045752
0 0.283876 0.528945 0.038340 0.042017
0 0.289653 0.484594 0.039391 0.046685
0 0.214811 0.528945 0.037815 0.038282
0 0.233456 0.497199 0.040441 0.045752
0 0.243960 0.453782 0.034139 0.042951
0 0.168330 0.504202 0.041492 0.044818
0 0.185924 0.468721 0.039916 0.048553
0 0.198267 0.429972 0.038340 0.045752
0 0.716912 0.679739 0.040966 0.044818
0 0.743697 0.652194 0.040966 0.047619
0 0.720851 0.586835 0.036239 0.040149
0 0.742910 0.558357 0.040441 0.044818
0 0.750263 0.705882 0.034139 0.037348
0 0.827206 0.703548 0.040966 0.047619
0 0.872637 0.683007 0.043592 0.047619
0 0.801996 0.597572 0.040966 0.046685
0 0.790441 0.729225 0.038866 0.044818
0 0.836922 0.759104 0.040441 0.044818
0 0.881565 0.783380 0.042542 0.046685
0 0.925158 0.807190 0.040441 0.047619
0 0.034664 0.353408 0.042017 0.040149
0 0.111082 0.474323 0.041492 0.048553
0 0.069065 0.442110 0.040441 0.049486
0 0.116071 0.288049 0.038866 0.043884
0 0.169643 0.316527 0.044118 0.050420
0 0.069853 0.281513 0.039916 0.040149
2 0.481355 0.758637 0.057248 0.146592
0 0.660452 0.797852 0.040441 0.038282
0 0.816702 0.845938 0.035714 0.037348
1 0.563550 0.533613 0.029412 0.062558
1 0.427258 0.821195 0.082458 0.213819
0 0.358981 0.955649 0.030987 0.068161
0 0.670168 0.252568 0.026261 0.062558
0 0.599265 0.614379 0.026261 0.072829
0 0.597426 0.499533 0.023634 0.069094
2 0.578519 0.298786 0.068803 0.130719
0 0.719013 0.138189 0.032563 0.065359
0 0.756565 0.049486 0.030987 0.059757
0 0.627626 0.274043 0.029412 0.062558
0 0.631828 0.189076 0.029412 0.062558
0 0.972952 0.835201 0.048845 0.049486
0 0.038866 0.401961 0.025210 0.066293
0 0.014181 0.409430 0.029412 0.043884
