0 0.029149 0.305322 0.037290 0.063492
0 0.031513 0.244631 0.040966 0.059757
0 0.653361 0.330532 0.028361 0.061625
0 0.618172 0.786648 0.043067 0.043884
0 0.545693 0.598506 0.034664 0.072829
0 0.542805 0.804855 0.039391 0.052288
0 0.466649 0.806256 0.027836 0.060691
0 0.551733 0.471989 0.030987 0.066293
2 0.599527 0.253035 0.075105 0.175537
1 0.492910 0.815126 0.034139 0.074697
0 0.904674 0.605976 0.035189 0.044818
0 0.425683 0.940243 0.030987 0.070962
0 0.652574 0.117647 0.028887 0.061625
3 0.193277 0.205415 0.016807 0.018674
0 0.308561 0.588702 0.040441 0.040149
0 0.326943 0.554622 0.038340 0.046685
0 0.336134 0.516340 0.038866 0.044818
0 0.253939 0.557423 0.039391 0.046685
0 0.282038 0.528945 0.037815 0.042017
0 0.288603 0.481793 0.039391 0.046685
0 0.213498 0.525677 0.036239 0.039216
0 0.231880 0.497199 0.040441 0.045752
0 0.240021 0.450980 0.034664 0.039216
0 0.166754 0.504202 0.041492 0.044818
0 0.183298 0.468721 0.039916 0.048553
0 0.199842 0.429972 0.038340 0.045752
0 0.716912 0.674136 0.040966 0.044818
0 0.718225 0.633987 0.036239 0.046685
0 0.721901 0.583100 0.036239 0.040149
0 0.743172 0.554622 0.040966 0.044818
0 0.751050 0.700280 0.034664 0.037348
0 0.769695 0.661531 0.040441 0.047619
0 0.787815 0.625117 0.042017 0.047619
0 0.798582 0.588702 0.040441 0.047619
0 0.789391 0.724556 0.038866 0.044818
0 0.837447 0.753501 0.040441 0.044818
0 0.881303 0.778711 0.043067 0.046685
0 0.925158 0.800654 0.040441 0.047619
1 0.664653 0.161998 0.046744 0.101774
0 0.150998 0.405229 0.040441 0.044818
0 0.107405 0.417367 0.040441 0.056022
0 0.108981 0.475257 0.041492 0.048553
0 0.030462 0.351074 0.045168 0.035481
0 0.065914 0.442110 0.041492 0.049486
0 0.102941 0.281513 0.038866 0.043884
0 0.165966 0.314659 0.044118 0.050420
0 0.064863 0.281979 0.039391 0.044818
2 0.426208 0.456116 0.073004 0.126050
1 0.696429 0.152661 0.029412 0.062558
0 0.856618 0.860411 0.042017 0.049486
0 0.733456 0.786648 0.036239 0.049486
2 0.308298 0.316527 0.087185 0.089636
0 0.507353 0.586368 0.028361 0.067227
0 0.493960 0.556489 0.030987 0.057890
0 0.972426 0.828665 0.048845 0.049486
0 0.039391 0.401494 0.025210 0.067227
0 0.013393 0.409430 0.027836 0.043884
