0 0.032300 0.301120 0.035189 0.060691
0 0.035452 0.238562 0.040441 0.055089
0 0.617122 0.810924 0.037815 0.036415
0 0.500000 0.802988 0.028361 0.061625
0 0.438288 0.900093 0.034139 0.072829
0 0.669643 0.159664 0.031513 0.061625
3 0.423319 0.724556 0.012605 0.022409
3 0.384454 0.807656 0.010504 0.022409
3 0.472426 0.352474 0.016282 0.023343
0 0.309874 0.588702 0.039916 0.040149
0 0.327994 0.555556 0.038340 0.046685
0 0.337973 0.517274 0.038340 0.044818
0 0.255252 0.556956 0.039916 0.045752
0 0.283613 0.528945 0.037815 0.042017
0 0.289653 0.483660 0.039391 0.046685
0 0.214286 0.528945 0.037815 0.038282
0 0.232931 0.497199 0.040441 0.045752
0 0.243435 0.453315 0.034139 0.043884
0 0.167805 0.503735 0.041492 0.045752
0 0.185399 0.468721 0.039916 0.048553
0 0.200368 0.429972 0.038340 0.045752
0 0.716912 0.677871 0.040966 0.044818
0 0.727941 0.641457 0.036765 0.046685
0 0.720851 0.585901 0.036239 0.040149
0 0.743172 0.556489 0.040966 0.044818
0 0.750525 0.704015 0.034664 0.037348
0 0.799107 0.685808 0.040441 0.047619
0 0.848739 0.668067 0.043067 0.047619
0 0.801471 0.595705 0.040966 0.046685
0 0.790966 0.728291 0.038866 0.044818
0 0.836922 0.758170 0.040441 0.044818
0 0.881565 0.781513 0.042542 0.046685
0 0.925158 0.806256 0.040441 0.047619
0 0.059874 0.358077 0.042017 0.040149
0 0.110557 0.474323 0.041492 0.048553
0 0.068803 0.442110 0.040966 0.049486
0 0.112920 0.286181 0.038866 0.043884
0 0.169118 0.315593 0.044118 0.050420
0 0.067752 0.281979 0.039916 0.042951
2 0.490546 0.713819 0.046218 0.148459
0 0.758403 0.842670 0.040966 0.047619
0 0.909139 0.895425 0.036765 0.041083
1 0.580357 0.477591 0.029412 0.062558
1 0.398109 0.896825 0.089286 0.200747
0 0.689338 0.186275 0.026786 0.062558
0 0.611082 0.668067 0.028887 0.071895
0 0.596376 0.562092 0.023634 0.069094
2 0.548057 0.336134 0.080357 0.117647
0 0.734769 0.099907 0.032563 0.065359
0 0.772847 0.016340 0.030987 0.034547
0 0.594013 0.353408 0.029412 0.062558
0 0.614496 0.240430 0.029412 0.062558
0 0.972952 0.833333 0.048845 0.049486
0 0.039391 0.401027 0.025210 0.066293
0 0.013918 0.409430 0.028887 0.043884
