0 0.961134 0.434641 0.058824 0.060691
0 0.856880 0.688609 0.062500 0.086835
0 0.877626 0.351541 0.060924 0.079365
0 0.926471 0.493931 0.057773 0.076564
0 0.867384 0.544818 0.056197 0.077498
0 0.957195 0.837068 0.059349 0.088702
0 0.924370 0.899160 0.069328 0.072829
0 0.847426 0.954248 0.062500 0.076564
0 0.781775 0.495331 0.030987 0.099907
0 0.750000 0.548553 0.052521 0.098039
0 0.702731 0.572829 0.036765 0.099907
0 0.665966 0.521942 0.052521 0.104575
0 0.609244 0.443511 0.050420 0.098973
0 0.562500 0.296919 0.048319 0.095238
0 0.561187 0.578431 0.042542 0.116713
0 0.495798 0.475724 0.061975 0.056956
0 0.493697 0.420168 0.059874 0.056022
0 0.577731 0.216620 0.045168 0.093371
0 0.523897 0.114379 0.042542 0.090570
1 0.417805 0.043884 0.059349 0.089636
0 0.425683 0.183940 0.049895 0.056022
0 0.533613 0.671335 0.056723 0.072829
0 0.553309 0.853875 0.063550 0.088702
0 0.454044 0.956116 0.066702 0.085901
3 0.625525 0.892624 0.025210 0.044818
