0 0.025210 0.337068 0.027311 0.072829
0 0.022847 0.266573 0.035189 0.066293
0 0.895221 0.917367 0.041492 0.051354
0 0.722426 0.098973 0.030987 0.067227
0 0.806985 0.798786 0.040441 0.043884
0 0.621324 0.367880 0.028361 0.056022
0 0.450105 0.757236 0.031513 0.072829
2 0.482668 0.584967 0.075630 0.178338
1 0.688025 0.241830 0.030462 0.067227
0 0.690651 0.448646 0.029412 0.056956
0 0.573792 0.511204 0.030987 0.062558
0 0.538866 0.428571 0.028361 0.061625
0 0.516544 0.675537 0.032038 0.068161
0 0.689863 0.094771 0.027836 0.056956
0 0.644433 0.128852 0.030462 0.057890
0 0.649160 0.167134 0.028361 0.054155
0 0.307248 0.588702 0.040966 0.040149
0 0.325630 0.554155 0.037815 0.047619
0 0.333771 0.514939 0.039391 0.045752
0 0.252889 0.557890 0.039391 0.047619
0 0.280200 0.528945 0.038340 0.042017
0 0.286502 0.481793 0.039391 0.046685
0 0.212185 0.525677 0.034664 0.039216
0 0.231355 0.498133 0.040441 0.045752
0 0.240021 0.451914 0.034664 0.039216
0 0.164653 0.507003 0.041492 0.044818
0 0.182773 0.467320 0.040966 0.049486
0 0.199317 0.430439 0.038340 0.044818
0 0.716912 0.671335 0.040966 0.044818
0 0.718225 0.629318 0.036239 0.046685
0 0.724527 0.580299 0.036239 0.040149
0 0.742647 0.549953 0.040966 0.044818
0 0.752626 0.700280 0.034664 0.037348
0 0.773897 0.662465 0.040441 0.047619
0 0.775735 0.612979 0.042017 0.047619
0 0.801733 0.585434 0.042542 0.048553
0 0.790704 0.720822 0.039391 0.044818
0 0.853992 0.661064 0.040966 0.044818
0 0.839023 0.751634 0.040441 0.044818
0 0.880777 0.775910 0.043067 0.046685
0 0.926733 0.799720 0.040441 0.047619
1 0.588498 0.389356 0.045693 0.104575
1 0.446166 0.857143 0.032038 0.078431
0 0.601891 0.237162 0.028361 0.061625
0 0.150473 0.404295 0.040441 0.044818
0 0.137605 0.440243 0.040966 0.043884
0 0.106880 0.476190 0.041492 0.048553
0 0.101891 0.378151 0.040966 0.039216
0 0.064863 0.442110 0.041492 0.049486
0 0.101628 0.282446 0.038340 0.043884
0 0.159139 0.311391 0.044118 0.049486
0 0.057773 0.288982 0.035714 0.049486
0 0.626050 0.251167 0.030462 0.065359
1 0.480567 0.859944 0.056723 0.128852
2 0.180935 0.251634 0.087710 0.088702
2 0.014706 0.150794 0.030462 0.079365
0 0.972426 0.825864 0.048845 0.049486
0 0.037815 0.401494 0.025210 0.067227
0 0.011817 0.409430 0.024685 0.043884
