0 0.009454 0.258170 0.019958 0.066293
0 0.768645 0.028945 0.025735 0.050420
0 0.388393 0.874416 0.030987 0.077498
0 0.702206 0.142857 0.031513 0.063492
0 0.454044 0.807656 0.025735 0.065359
0 0.476366 0.923436 0.035714 0.069094
0 0.600840 0.399627 0.027311 0.067227
0 0.514968 0.463585 0.030987 0.071895
0 0.555672 0.411765 0.028361 0.059757
0 0.591649 0.259104 0.032038 0.064426
0 0.301471 0.587768 0.046218 0.049486
0 0.320378 0.549486 0.037815 0.047619
0 0.329569 0.511671 0.039391 0.044818
0 0.244485 0.558824 0.039391 0.047619
0 0.274160 0.523343 0.037815 0.042017
0 0.277836 0.475257 0.043067 0.048553
0 0.200893 0.521942 0.037290 0.039216
0 0.219275 0.489729 0.040441 0.045752
0 0.230042 0.446312 0.034664 0.039216
0 0.149685 0.497666 0.044118 0.048553
0 0.168855 0.460317 0.043592 0.048553
0 0.186712 0.425303 0.038340 0.045752
0 0.727153 0.675537 0.041492 0.045752
0 0.727941 0.627918 0.038866 0.047619
0 0.732405 0.577498 0.036239 0.040149
0 0.754202 0.550887 0.040966 0.044818
0 0.764181 0.700280 0.034664 0.037348
0 0.782826 0.663399 0.040441 0.047619
0 0.786239 0.612979 0.042017 0.047619
0 0.815126 0.580299 0.045168 0.049486
0 0.804359 0.722689 0.039391 0.044818
0 0.841912 0.643324 0.040966 0.044818
0 0.852679 0.753501 0.042542 0.048553
0 0.894958 0.672269 0.043067 0.048553
0 0.899160 0.778711 0.044118 0.052288
0 0.947216 0.804388 0.042542 0.047619
0 0.655987 0.815593 0.040966 0.049486
1 0.567489 0.571429 0.039391 0.113912
0 0.459296 0.654995 0.022584 0.068161
1 0.444853 0.487862 0.037815 0.066293
0 0.363971 0.374416 0.037815 0.041083
0 0.135242 0.394958 0.040441 0.044818
0 0.120536 0.432773 0.040441 0.045752
0 0.094275 0.471522 0.041492 0.050420
0 0.084034 0.366947 0.040966 0.039216
0 0.048582 0.437442 0.041492 0.049486
0 0.043067 0.244164 0.040966 0.040149
0 0.102416 0.274043 0.047269 0.051354
0 0.035714 0.276844 0.040966 0.049486
0 0.531513 0.506536 0.031513 0.068161
0 0.652311 0.109711 0.032563 0.068161
0 0.653099 0.182073 0.028887 0.061625
0 0.685399 0.109244 0.028361 0.061625
1 0.648634 0.347339 0.056723 0.123249
0 0.985819 0.832400 0.025210 0.049486
0 0.015756 0.391223 0.025210 0.067227
