0 0.886161 0.341931 0.031250 0.035714
0 0.851562 0.712302 0.023065 0.025132
0 0.837426 0.681217 0.024554 0.029101
0 0.870908 0.597884 0.018601 0.044974
0 0.883185 0.671958 0.019345 0.044974
0 0.123140 0.601852 0.027530 0.034392
0 0.198661 0.491402 0.026786 0.035714
0 0.011905 0.620370 0.023810 0.047619
0 0.853423 0.177249 0.026786 0.031746
1 0.960565 0.117725 0.031250 0.037037
1 0.712054 0.152778 0.020833 0.041005
0 0.738095 0.231481 0.025298 0.023810
0 0.297991 0.229497 0.020089 0.056878
0 0.258929 0.208995 0.020833 0.050265
0 0.247768 0.156085 0.019345 0.055556
0 0.283110 0.152116 0.018601 0.044974
0 0.329985 0.179894 0.023065 0.050265
0 0.010045 0.745370 0.021577 0.035714
2 0.741443 0.298280 0.063244 0.033069
0 0.595610 0.171958 0.026042 0.042328
0 0.144717 0.623016 0.030506 0.034392
0 0.040179 0.689153 0.026786 0.039683
3 0.768601 0.336640 0.011905 0.019841
3 0.319196 0.281746 0.014881 0.039683
3 0.802455 0.207672 0.011161 0.021164
3 0.577381 0.693122 0.011905 0.026455
3 0.315104 0.638889 0.011161 0.018519
3 0.337426 0.220899 0.011161 0.034392
3 0.834077 0.310185 0.017857 0.019841
0 0.508185 0.373677 0.028274 0.035714
0 0.540923 0.404762 0.025298 0.026455
0 0.309524 0.167989 0.020833 0.050265
0 0.287574 0.060847 0.020089 0.042328
0 0.107515 0.679233 0.033482 0.038360
0 0.211310 0.642196 0.029762 0.033069
1 0.260789 0.612434 0.030506 0.031746
1 0.314360 0.594577 0.027530 0.025132
0 0.582589 0.347884 0.029762 0.029101
0 0.582217 0.386243 0.024554 0.023810
0 0.629092 0.380952 0.029018 0.026455
3 0.673735 0.341270 0.012649 0.015873
0 0.943080 0.289683 0.030506 0.034392
0 0.646949 0.644180 0.027530 0.039683
0 0.654018 0.681217 0.026786 0.042328
0 0.670387 0.605820 0.026786 0.042328
0 0.681920 0.634259 0.027530 0.046296
0 0.696429 0.561508 0.025298 0.041005
0 0.667039 0.704365 0.026042 0.038360
0 0.037946 0.217593 0.025298 0.038360
