0 0.965599 0.256769 0.057248 0.067227
0 0.915179 0.346405 0.068803 0.057890
0 0.976891 0.207750 0.044118 0.075630
0 0.878939 0.548086 0.057248 0.093371
0 0.821954 0.277778 0.055672 0.083100
0 0.878939 0.409897 0.056197 0.084034
0 0.826681 0.474790 0.052521 0.088702
0 0.976628 0.701681 0.044643 0.066293
0 0.987395 0.759570 0.023109 0.066293
0 0.973477 0.824930 0.050945 0.066293
0 0.928834 0.737628 0.056197 0.089636
0 0.903099 0.808123 0.065651 0.068161
0 0.832195 0.883287 0.059349 0.098973
0 0.741597 0.443044 0.031513 0.096172
0 0.712447 0.495798 0.053046 0.091503
0 0.668330 0.532680 0.037290 0.099907
0 0.629202 0.488329 0.048319 0.104575
0 0.569853 0.423903 0.052521 0.093371
0 0.513918 0.284781 0.051996 0.091503
0 0.528361 0.560224 0.046218 0.115780
0 0.460609 0.475257 0.061975 0.056022
0 0.453782 0.422035 0.059874 0.059757
0 0.524422 0.202614 0.047794 0.093371
0 0.465074 0.111578 0.044643 0.086835
1 0.355567 0.052754 0.063025 0.107376
0 0.371061 0.198413 0.049895 0.060691
0 0.507090 0.661998 0.057248 0.072829
0 0.539128 0.838469 0.060399 0.097106
0 0.448267 0.957516 0.064601 0.083100
3 0.645483 0.819795 0.025210 0.046685
3 0.977153 0.567227 0.014181 0.040149
3 0.757878 0.943978 0.017857 0.056022
