0 0.984244 0.305789 0.029412 0.068161
0 0.941964 0.392624 0.065651 0.058824
0 0.866597 0.626050 0.059874 0.090570
0 0.851891 0.316060 0.058824 0.081232
0 0.905462 0.452848 0.056723 0.084034
0 0.849265 0.513539 0.054622 0.082166
0 0.944590 0.792250 0.058298 0.088702
0 0.915179 0.857610 0.067752 0.071895
0 0.840599 0.922502 0.062500 0.095238
0 0.763918 0.471989 0.030987 0.098039
0 0.733456 0.525210 0.053046 0.094304
0 0.687237 0.552288 0.037290 0.099907
0 0.649685 0.507003 0.050420 0.104575
0 0.591649 0.434641 0.050945 0.096172
0 0.539128 0.288515 0.049895 0.093371
0 0.545693 0.568627 0.044118 0.115780
0 0.480042 0.475724 0.061975 0.056956
0 0.474265 0.417367 0.059874 0.056022
0 0.553834 0.210551 0.046744 0.094304
0 0.495798 0.110177 0.044118 0.089636
1 0.388130 0.046685 0.063025 0.095238
0 0.399947 0.187675 0.049895 0.056022
0 0.521271 0.665733 0.057248 0.072829
0 0.546744 0.846872 0.061975 0.093371
0 0.450630 0.956583 0.066176 0.084967
3 0.636029 0.859477 0.025210 0.045752
