0 0.923845 0.199346 0.063025 0.062558
0 0.876838 0.291317 0.068803 0.057890
0 0.977153 0.540616 0.043592 0.091503
0 0.939863 0.150794 0.064601 0.077498
0 0.881303 0.440710 0.053571 0.093371
0 0.783351 0.235761 0.051996 0.083100
0 0.845588 0.363679 0.053571 0.084967
0 0.797269 0.432306 0.049370 0.089636
0 0.960609 0.637722 0.064076 0.072829
0 0.975315 0.689542 0.047269 0.066293
0 0.960872 0.751167 0.069853 0.066293
0 0.907826 0.675070 0.054097 0.095238
0 0.884454 0.744164 0.065126 0.059757
0 0.820641 0.828665 0.054097 0.099907
0 0.711660 0.406162 0.031513 0.095238
0 0.684611 0.464052 0.053046 0.089636
0 0.641544 0.505602 0.037290 0.099907
0 0.602416 0.467787 0.045168 0.104575
0 0.539391 0.409897 0.053571 0.089636
0 0.480830 0.281513 0.055147 0.090570
0 0.792542 0.982726 0.072479 0.032680
0 0.534664 0.966387 0.059874 0.059757
0 0.506828 0.556489 0.049370 0.113912
0 0.434611 0.477591 0.062500 0.058824
0 0.426733 0.430906 0.059349 0.066293
0 0.483193 0.191877 0.050420 0.094304
0 0.422006 0.112512 0.044643 0.083100
1 0.308036 0.063959 0.064601 0.111111
0 0.333508 0.213819 0.050420 0.067227
0 0.490809 0.660131 0.057248 0.072829
0 0.528624 0.830065 0.058298 0.100840
0 0.444328 0.957983 0.063025 0.080299
3 0.654412 0.755369 0.025210 0.046685
3 0.917805 0.554155 0.021534 0.040149
3 0.761029 0.881419 0.017857 0.056022
