0 0.835609 0.421569 0.053571 0.088702
0 0.408088 0.658263 0.066176 0.117647
0 0.667017 0.882353 0.066176 0.061625
0 0.707983 0.797386 0.059874 0.104575
0 0.764968 0.707750 0.056197 0.117647
0 0.821691 0.591970 0.054097 0.104575
0 0.504727 0.890289 0.060924 0.111111
0 0.928571 0.498133 0.058824 0.060691
0 0.879464 0.458917 0.056197 0.096172
0 0.948004 0.457516 0.063025 0.056022
0 0.934349 0.372549 0.047269 0.078431
0 0.648109 0.449113 0.044118 0.100840
0 0.550420 0.639589 0.056723 0.098973
0 0.747111 0.301587 0.053046 0.093371
0 0.786239 0.226424 0.059874 0.062558
0 0.719800 0.193744 0.060399 0.060691
0 0.915441 0.171335 0.051471 0.084967
0 0.441439 0.772176 0.068803 0.067227
0 0.843225 0.143324 0.049895 0.088702
0 0.881828 0.073763 0.050420 0.082166
3 0.605567 0.890289 0.019958 0.043884
3 0.915441 0.313725 0.022059 0.041083
3 0.822479 0.284314 0.022059 0.043884
3 0.870536 0.180672 0.019433 0.040149
3 0.691702 0.379085 0.025210 0.041083
3 0.605830 0.556489 0.014181 0.037348
3 0.831145 0.220355 0.024685 0.044818
