0 0.020221 0.333333 0.027836 0.072829
0 0.017595 0.268441 0.030987 0.066293
0 0.724790 0.058824 0.025210 0.054155
2 0.392595 0.857143 0.075105 0.190476
0 0.697742 0.255836 0.022584 0.057890
0 0.683036 0.179739 0.030987 0.062558
0 0.459821 0.659197 0.027836 0.065359
0 0.620798 0.387488 0.031513 0.063492
0 0.640494 0.230626 0.027836 0.059757
0 0.568803 0.317460 0.031513 0.063492
0 0.598739 0.295518 0.027311 0.058824
0 0.640494 0.142390 0.027836 0.062558
0 0.306197 0.588702 0.040966 0.040149
0 0.325105 0.554155 0.037815 0.047619
0 0.332721 0.514472 0.039391 0.044818
0 0.251838 0.557890 0.039391 0.047619
0 0.278887 0.528945 0.037815 0.042017
0 0.285452 0.481793 0.039391 0.046685
0 0.210084 0.526144 0.035714 0.040149
0 0.229779 0.497199 0.040441 0.045752
0 0.240021 0.450980 0.034664 0.039216
0 0.164391 0.504202 0.040966 0.044818
0 0.182248 0.467320 0.040966 0.049486
0 0.198792 0.430439 0.038340 0.044818
0 0.716912 0.672269 0.040966 0.044818
0 0.720326 0.627451 0.036239 0.046685
0 0.726628 0.579365 0.036239 0.040149
0 0.747374 0.550887 0.040966 0.044818
0 0.754202 0.700280 0.034664 0.037348
0 0.776523 0.662465 0.040441 0.047619
0 0.780987 0.612979 0.042017 0.047619
0 0.804097 0.583100 0.044118 0.049486
0 0.793330 0.720822 0.039391 0.044818
0 0.829307 0.645191 0.040966 0.044818
0 0.841649 0.751634 0.040441 0.044818
0 0.923057 0.697012 0.043592 0.045752
0 0.884454 0.774977 0.043067 0.046685
0 0.928309 0.797852 0.040441 0.047619
0 0.513918 0.852941 0.037290 0.064426
1 0.565126 0.480859 0.040966 0.106443
0 0.448529 0.825397 0.031513 0.070962
1 0.487920 0.653595 0.025210 0.070962
0 0.498950 0.395425 0.035714 0.047619
0 0.148897 0.402428 0.040441 0.044818
0 0.132353 0.439309 0.040966 0.043884
0 0.105305 0.476190 0.041492 0.048553
0 0.097689 0.380019 0.040966 0.039216
0 0.062237 0.442110 0.041492 0.049486
0 0.078782 0.262372 0.040966 0.050420
0 0.138918 0.302988 0.045693 0.049486
0 0.050945 0.289916 0.035714 0.049486
0 0.570903 0.383754 0.031513 0.067227
0 0.673057 0.121849 0.025735 0.062558
1 0.574317 0.577031 0.056197 0.112045
2 0.012605 0.146592 0.026261 0.084034
0 0.974790 0.824930 0.045168 0.049486
0 0.035189 0.400560 0.025210 0.067227
0 0.008403 0.409430 0.017857 0.043884
