0 0.312763 0.664332 0.050945 0.105509
0 0.825630 0.947712 0.047269 0.102708
0 0.862920 0.923436 0.040966 0.084034
0 0.716649 0.987862 0.057248 0.022409
0 0.527048 0.963119 0.056197 0.070028
0 0.480567 0.882353 0.053571 0.115780
0 0.412815 0.716153 0.035714 0.112045
0 0.371849 0.630719 0.050420 0.105509
0 0.330095 0.526611 0.059349 0.095238
0 0.277574 0.421569 0.053046 0.090570
0 0.257090 0.666667 0.051996 0.104575
0 0.237132 0.239496 0.034139 0.084967
0 0.205882 0.296919 0.050420 0.095238
0 0.214286 0.205415 0.035714 0.093371
0 0.164916 0.197479 0.044118 0.077498
0 0.161239 0.682540 0.061975 0.085901
0 0.261817 0.891223 0.056197 0.116713
0 0.085084 0.481793 0.052521 0.097106
0 0.043855 0.395425 0.036239 0.103641
3 0.211660 0.396359 0.024160 0.043884
3 0.125263 0.590103 0.015231 0.052288
