0 0.036239 0.296452 0.032563 0.055089
0 0.043330 0.231559 0.042542 0.046685
3 0.550945 0.382353 0.014706 0.023343
3 0.365284 0.874883 0.009979 0.028011
3 0.427784 0.607376 0.009979 0.023343
3 0.590074 0.246965 0.014181 0.028945
0 0.310924 0.588702 0.039916 0.040149
0 0.329044 0.556022 0.038340 0.045752
0 0.339548 0.517740 0.038340 0.045752
0 0.256303 0.556956 0.039916 0.045752
0 0.284926 0.528945 0.038340 0.042017
0 0.290179 0.485528 0.039391 0.046685
0 0.216387 0.528478 0.037815 0.037348
0 0.234506 0.497199 0.040441 0.045752
0 0.243960 0.451914 0.034139 0.039216
0 0.168855 0.504669 0.041492 0.045752
0 0.186975 0.468721 0.039916 0.048553
0 0.117910 0.382353 0.038340 0.045752
0 0.716912 0.682540 0.040966 0.044818
0 0.815651 0.698413 0.040966 0.046685
0 0.722689 0.594304 0.036765 0.040149
0 0.742647 0.563025 0.040966 0.044818
0 0.750263 0.708683 0.034139 0.037348
0 0.967700 0.788515 0.040441 0.047619
0 0.802784 0.597572 0.040441 0.046685
0 0.789653 0.733427 0.038340 0.043884
0 0.836922 0.760971 0.040441 0.044818
0 0.881565 0.787115 0.042542 0.046685
0 0.925158 0.809991 0.040441 0.045752
0 0.013918 0.360878 0.028887 0.038282
0 0.112132 0.473389 0.041492 0.048553
0 0.069853 0.442110 0.038866 0.049486
0 0.121324 0.289916 0.038866 0.043884
0 0.171744 0.316527 0.044118 0.050420
0 0.080882 0.276844 0.039916 0.042017
2 0.440914 0.881419 0.063550 0.149393
0 0.497111 0.877218 0.036239 0.066293
0 0.600315 0.795518 0.034664 0.041083
1 0.512605 0.679739 0.029412 0.061625
1 0.514181 0.575630 0.084034 0.202614
0 0.413340 0.835668 0.031513 0.069094
0 0.489233 0.563959 0.032038 0.059757
0 0.622899 0.443511 0.029412 0.061625
0 0.596639 0.406629 0.025210 0.071895
0 0.641282 0.237628 0.029412 0.062558
2 0.629464 0.186741 0.059349 0.143791
0 0.712710 0.161531 0.032563 0.065359
0 0.740809 0.090570 0.030987 0.061625
0 0.709821 0.050420 0.029937 0.059757
0 0.669643 0.081699 0.029412 0.060691
0 0.972952 0.838936 0.048845 0.049486
0 0.043067 0.400093 0.026261 0.066293
0 0.014443 0.409430 0.029937 0.043884
