0 0.034664 0.299720 0.032563 0.056022
0 0.037815 0.238095 0.038866 0.056022
0 0.484244 0.894024 0.034664 0.064426
3 0.497637 0.514006 0.014181 0.023343
3 0.331933 0.981793 0.012605 0.025210
3 0.410452 0.684407 0.009979 0.022409
3 0.559611 0.308123 0.014181 0.029879
0 0.310662 0.588702 0.040441 0.040149
0 0.329044 0.556022 0.038340 0.045752
0 0.339023 0.517740 0.038340 0.045752
0 0.256040 0.556956 0.039391 0.045752
0 0.284401 0.528945 0.038340 0.042017
0 0.290179 0.484594 0.039391 0.046685
0 0.215861 0.528478 0.037815 0.037348
0 0.233981 0.497199 0.040441 0.045752
0 0.243960 0.452848 0.034139 0.041083
0 0.168855 0.504669 0.041492 0.045752
0 0.186450 0.468721 0.039916 0.048553
0 0.168855 0.413165 0.038340 0.045752
0 0.716912 0.680672 0.040966 0.044818
0 0.767857 0.670868 0.040966 0.047619
0 0.721376 0.590570 0.036239 0.040149
0 0.742647 0.560224 0.040966 0.044818
0 0.750263 0.706816 0.034139 0.037348
0 0.882090 0.736228 0.040441 0.047619
0 0.914128 0.709150 0.043592 0.047619
0 0.802521 0.597572 0.040966 0.046685
0 0.790179 0.731559 0.038340 0.043884
0 0.836922 0.760037 0.040441 0.044818
0 0.881565 0.785247 0.042542 0.046685
0 0.925158 0.808590 0.040441 0.046685
0 0.018645 0.353875 0.038340 0.039216
0 0.111607 0.473389 0.041492 0.048553
0 0.069590 0.442110 0.039391 0.049486
0 0.118172 0.288982 0.038866 0.043884
0 0.170693 0.316527 0.044118 0.050420
0 0.074580 0.279178 0.039916 0.041083
2 0.463498 0.815126 0.062500 0.147526
0 0.568277 0.808590 0.037815 0.048553
0 0.706670 0.802054 0.035189 0.037348
1 0.543592 0.598973 0.029412 0.062558
1 0.467962 0.704949 0.082983 0.205415
0 0.361082 0.987862 0.030987 0.024276
0 0.414916 0.772642 0.030462 0.066293
0 0.651786 0.345005 0.026261 0.062558
0 0.589548 0.526611 0.023634 0.074697
0 0.606092 0.392157 0.024160 0.069094
2 0.606355 0.243697 0.060399 0.143791
0 0.715861 0.149393 0.032563 0.065359
0 0.749212 0.069094 0.030987 0.061625
0 0.668330 0.158730 0.027836 0.063492
0 0.650210 0.136788 0.029412 0.062558
0 0.972952 0.837068 0.048845 0.049486
0 0.040704 0.401027 0.025735 0.066293
0 0.014443 0.409430 0.029937 0.043884
