0 0.398634 0.088702 0.050420 0.089636
0 0.554622 0.132120 0.031513 0.083100
0 0.313813 0.154528 0.030987 0.088702
0 0.407300 0.172736 0.028887 0.089636
0 0.407038 0.269374 0.028361 0.090570
0 0.580882 0.206349 0.045168 0.084034
0 0.615021 0.212418 0.055672 0.071895
0 0.625525 0.276377 0.054622 0.084034
0 0.568277 0.291783 0.028361 0.084967
0 0.583771 0.360878 0.049895 0.088702
0 0.581933 0.490663 0.032563 0.111111
0 0.343750 0.358077 0.056197 0.083100
0 0.349265 0.434174 0.059874 0.057890
0 0.343750 0.517740 0.060399 0.088702
0 0.298319 0.542484 0.047269 0.110177
0 0.223477 0.598973 0.068803 0.056956
0 0.111607 0.599440 0.077206 0.065359
0 0.646008 0.624183 0.069328 0.077498
0 0.420693 0.692810 0.040966 0.123249
0 0.268382 0.746499 0.075630 0.071895
0 0.175158 0.799720 0.063550 0.112979
0 0.140494 0.781513 0.057248 0.117647
0 0.071166 0.526611 0.075105 0.072829
0 0.602153 0.804855 0.035189 0.121382
0 0.308036 0.834267 0.046744 0.111111
0 0.413866 0.884687 0.035714 0.118581
3 0.494223 0.285714 0.014706 0.044818
3 0.534926 0.465453 0.017332 0.055089
3 0.473477 0.750700 0.016282 0.054155
3 0.554884 0.926704 0.016282 0.055089
3 0.548845 0.353875 0.017857 0.056022
