0 0.659926 0.093838 0.056197 0.077498
0 0.855567 0.096172 0.050420 0.067227
0 0.797006 0.244631 0.034139 0.091503
0 0.570116 0.096639 0.037290 0.088702
0 0.648109 0.172736 0.036765 0.089636
0 0.626576 0.266106 0.034664 0.089636
0 0.799895 0.338002 0.057773 0.070962
0 0.830882 0.370682 0.060924 0.070962
0 0.817752 0.436508 0.063025 0.070028
0 0.766544 0.415500 0.036239 0.095238
0 0.760767 0.489729 0.055147 0.070028
0 0.710872 0.577498 0.035189 0.099907
0 0.541492 0.303455 0.042017 0.093371
0 0.533351 0.371615 0.056197 0.072829
0 0.505515 0.439776 0.047794 0.095238
0 0.463761 0.430906 0.031513 0.111111
0 0.392595 0.422035 0.061450 0.072829
0 0.305672 0.339869 0.063025 0.076564
0 0.750000 0.788049 0.070378 0.076564
0 0.537553 0.708683 0.043592 0.112045
0 0.393645 0.579832 0.063550 0.097106
0 0.304097 0.566293 0.063025 0.086835
0 0.282300 0.516807 0.059349 0.084967
0 0.288866 0.255836 0.060924 0.076564
0 0.209034 0.220822 0.058824 0.066293
1 0.078519 0.255369 0.081408 0.096172
0 0.147321 0.375350 0.050945 0.078431
0 0.658088 0.901494 0.048319 0.122316
0 0.395483 0.689542 0.049370 0.088702
0 0.474790 0.815126 0.044118 0.117647
3 0.643382 0.447246 0.015756 0.044818
3 0.748424 0.294118 0.015756 0.044818
3 0.499212 0.950980 0.016282 0.053221
3 0.654412 0.687675 0.015756 0.053221
3 0.706933 0.529412 0.017857 0.056022
