0 0.629836 0.673280 0.026042 0.042328
0 0.616443 0.754630 0.026042 0.043651
0 0.853423 0.708333 0.022321 0.027778
0 0.837426 0.675265 0.027530 0.033069
0 0.870536 0.592593 0.019345 0.047619
0 0.889509 0.656746 0.021577 0.048942
0 0.682664 0.757275 0.021577 0.048942
0 0.654390 0.847222 0.015625 0.046296
0 0.123140 0.603175 0.031994 0.037037
0 0.196057 0.490079 0.026042 0.035714
0 0.009301 0.621693 0.020089 0.044974
0 0.853051 0.174603 0.027530 0.037037
1 0.959449 0.113757 0.031994 0.042328
0 0.713542 0.148810 0.025298 0.043651
0 0.738839 0.229497 0.031250 0.030423
0 0.295387 0.231481 0.019345 0.055556
0 0.255580 0.208333 0.017113 0.048942
0 0.248884 0.156085 0.018601 0.052910
0 0.281622 0.150794 0.018601 0.044974
0 0.328497 0.181878 0.021577 0.048942
0 0.296875 0.050926 0.023810 0.046296
0 0.308036 0.550265 0.026786 0.039683
0 0.361607 0.465608 0.025298 0.047619
0 0.353795 0.218915 0.012649 0.035714
2 0.743304 0.296296 0.063988 0.031746
0 0.593750 0.169974 0.026786 0.041005
3 0.338542 0.242063 0.010417 0.031746
0 0.080729 0.671958 0.024554 0.037037
0 0.382068 0.329365 0.014137 0.055556
0 0.990327 0.324735 0.017857 0.041005
3 0.023810 0.699074 0.011905 0.019841
0 0.559524 0.925926 0.022321 0.047619
0 0.546503 0.834656 0.024554 0.042328
0 0.587426 0.850529 0.023065 0.039683
0 0.034970 0.221561 0.028274 0.035714
