0 0.726935 0.517196 0.026786 0.039683
0 0.852679 0.708333 0.022321 0.027778
0 0.838170 0.677910 0.026042 0.033069
0 0.871280 0.592593 0.019345 0.047619
0 0.888021 0.646164 0.020089 0.046296
0 0.124628 0.599206 0.027530 0.037037
0 0.198661 0.492063 0.026786 0.037037
0 0.011905 0.618386 0.022321 0.048942
0 0.851935 0.175265 0.025298 0.035714
1 0.959449 0.115079 0.031994 0.039683
0 0.712054 0.149471 0.022321 0.042328
0 0.739211 0.230820 0.029018 0.027778
0 0.296875 0.228836 0.019345 0.055556
0 0.258185 0.208333 0.020833 0.048942
0 0.249256 0.155423 0.019345 0.054233
0 0.282366 0.150794 0.018601 0.044974
0 0.330729 0.181217 0.021577 0.052910
0 0.154762 0.651455 0.029762 0.041005
0 0.193452 0.625000 0.029762 0.033069
2 0.742560 0.296958 0.065476 0.033069
0 0.594494 0.170635 0.026786 0.042328
3 0.341518 0.242725 0.010417 0.030423
0 0.071057 0.668651 0.027530 0.038360
0 0.184896 0.597884 0.024554 0.029101
0 0.313988 0.462302 0.020833 0.048942
0 0.337798 0.384259 0.016369 0.046296
0 0.236235 0.645503 0.027530 0.031746
0 0.247024 0.592593 0.029762 0.034392
0 0.437500 0.650132 0.028274 0.041005
1 0.515997 0.716270 0.030506 0.041005
1 0.575893 0.768519 0.023810 0.026455
0 0.265997 0.542989 0.029018 0.041005
0 0.345610 0.504630 0.024554 0.027778
0 0.399554 0.478836 0.029762 0.034392
3 0.368304 0.460317 0.011905 0.018519
0 0.463170 0.441138 0.027530 0.033069
0 0.642857 0.647487 0.026786 0.041005
0 0.654762 0.680556 0.026786 0.041005
0 0.669643 0.605159 0.023810 0.041005
0 0.681548 0.634921 0.025298 0.042328
0 0.697917 0.561508 0.025298 0.038360
0 0.728423 0.568783 0.025298 0.037037
0 0.922247 0.334656 0.027530 0.037037
0 0.039062 0.218254 0.029018 0.039683
