0 0.741859 0.149393 0.061450 0.070962
0 0.942227 0.198880 0.055672 0.065359
0 0.951681 0.071895 0.040966 0.078431
0 0.967962 0.243697 0.059874 0.072829
0 0.864758 0.333800 0.039391 0.094304
0 0.648372 0.129785 0.045693 0.087768
0 0.720326 0.223623 0.042542 0.088702
0 0.688550 0.308590 0.040966 0.088702
0 0.861345 0.430906 0.063025 0.071895
0 0.890756 0.469655 0.065126 0.070962
0 0.879727 0.540149 0.068277 0.066293
0 0.819328 0.488796 0.045168 0.094304
0 0.810399 0.566293 0.061975 0.064426
0 0.766282 0.678338 0.044118 0.099907
0 0.604779 0.323529 0.037290 0.094304
0 0.588235 0.392157 0.055672 0.080299
0 0.556723 0.452381 0.047269 0.099907
0 0.513918 0.427638 0.030987 0.106443
0 0.446166 0.407096 0.057248 0.082166
0 0.366597 0.302521 0.056723 0.078431
0 0.769958 0.866013 0.071429 0.086835
0 0.565389 0.809991 0.035189 0.122316
0 0.433824 0.558824 0.058824 0.103641
0 0.352153 0.519608 0.062500 0.077498
0 0.334296 0.471522 0.059349 0.078431
0 0.356618 0.217554 0.055672 0.082166
0 0.283351 0.162932 0.053046 0.077498
1 0.161502 0.164799 0.078256 0.098039
0 0.210872 0.301587 0.050945 0.078431
0 0.667542 0.945845 0.056723 0.100840
0 0.434874 0.669001 0.049370 0.088702
0 0.495011 0.812792 0.051996 0.112979
0 0.436187 0.964986 0.047794 0.064426
3 0.652311 0.556489 0.024160 0.056022
3 0.856618 0.235761 0.018908 0.043884
3 0.735819 0.590103 0.014706 0.042951
3 0.742122 0.656396 0.017857 0.056022
