0 0.586660 0.863212 0.063025 0.111111
0 0.901523 0.327731 0.050945 0.084034
0 0.418067 0.661998 0.066176 0.117647
0 0.664916 0.899160 0.066176 0.061625
0 0.706933 0.814192 0.059874 0.104575
0 0.763393 0.723623 0.056197 0.117647
0 0.821166 0.609244 0.054097 0.105509
0 0.926208 0.517274 0.059349 0.056022
0 0.877889 0.487395 0.057248 0.095238
0 0.945378 0.473389 0.063025 0.056022
0 0.930147 0.389356 0.047269 0.078431
0 0.645483 0.476190 0.044118 0.100840
0 0.547269 0.667600 0.056723 0.098973
0 0.743960 0.318394 0.053046 0.093371
0 0.783088 0.236228 0.059874 0.061625
0 0.715599 0.206816 0.060399 0.060691
0 0.845326 0.307190 0.053046 0.089636
0 0.438288 0.790383 0.068803 0.070028
0 0.839023 0.152661 0.049895 0.088702
0 0.877101 0.085901 0.050420 0.082166
0 0.914391 0.031746 0.048319 0.065359
3 0.679622 0.776844 0.018908 0.033613
3 0.954307 0.261905 0.022059 0.040149
3 0.767332 0.389823 0.022059 0.038282
3 0.827994 0.260971 0.019433 0.040149
3 0.689338 0.396825 0.028887 0.041083
3 0.593225 0.630252 0.014181 0.037348
3 0.946954 0.067694 0.018908 0.036415
3 0.827468 0.232493 0.023634 0.037348
