0 0.025735 0.324930 0.027311 0.067227
0 0.024422 0.259104 0.037290 0.064426
0 0.754464 0.035481 0.027836 0.056022
0 0.776523 0.848273 0.041492 0.049486
0 0.665179 0.268908 0.032038 0.065359
0 0.695116 0.767040 0.040441 0.043884
0 0.566964 0.518207 0.027836 0.056022
0 0.495536 0.625117 0.030987 0.066293
2 0.523109 0.469188 0.075630 0.178338
1 0.620798 0.442577 0.031513 0.069094
0 0.738183 0.507003 0.037290 0.044818
0 0.516544 0.672736 0.030987 0.071895
0 0.579832 0.315593 0.028361 0.061625
0 0.462973 0.826797 0.032038 0.068161
0 0.681985 0.089636 0.025735 0.052288
0 0.307511 0.588702 0.040441 0.040149
0 0.326155 0.554622 0.037815 0.046685
0 0.334559 0.515406 0.038866 0.044818
0 0.253151 0.557890 0.039916 0.047619
0 0.280725 0.528945 0.038340 0.042017
0 0.287027 0.481793 0.039391 0.046685
0 0.212710 0.525677 0.034664 0.039216
0 0.231355 0.498133 0.040441 0.045752
0 0.240021 0.451914 0.034664 0.039216
0 0.165179 0.507003 0.041492 0.044818
0 0.183036 0.467787 0.040441 0.048553
0 0.199842 0.430439 0.038340 0.044818
0 0.716912 0.672269 0.040966 0.044818
0 0.718225 0.631186 0.036239 0.046685
0 0.723477 0.581232 0.036239 0.040149
0 0.742647 0.553688 0.040966 0.044818
0 0.752101 0.700280 0.034664 0.037348
0 0.772321 0.661531 0.040441 0.047619
0 0.775210 0.614846 0.042017 0.047619
0 0.800420 0.586368 0.042017 0.048553
0 0.789653 0.720822 0.039391 0.044818
0 0.902048 0.689076 0.040441 0.044818
0 0.838498 0.751634 0.040441 0.044818
0 0.880777 0.776844 0.043067 0.046685
0 0.926208 0.800654 0.040441 0.047619
1 0.608981 0.325397 0.046744 0.103641
0 0.638655 0.152194 0.027311 0.061625
0 0.150998 0.406162 0.040441 0.044818
0 0.136555 0.440243 0.040966 0.043884
0 0.107405 0.476190 0.041492 0.048553
0 0.091912 0.374416 0.040966 0.039216
0 0.064863 0.442110 0.041492 0.049486
0 0.101891 0.282446 0.038866 0.043884
0 0.163866 0.313725 0.044118 0.050420
0 0.060137 0.286181 0.037290 0.047619
0 0.654937 0.176004 0.030462 0.062558
2 0.275473 0.315126 0.085609 0.094304
0 0.984506 0.935574 0.026786 0.052288
2 0.095588 0.195145 0.092437 0.089636
0 0.405200 0.894024 0.032038 0.073763
0 0.387080 0.866480 0.030462 0.067227
0 0.972426 0.826797 0.048845 0.049486
0 0.038866 0.402428 0.025210 0.067227
0 0.013130 0.409430 0.027311 0.043884
