0 0.853051 0.709656 0.024554 0.030423
0 0.837798 0.675926 0.026786 0.031746
0 0.869792 0.592593 0.020833 0.050265
0 0.887649 0.656746 0.020833 0.048942
0 0.878720 0.412037 0.032738 0.041005
0 0.843750 0.438492 0.026786 0.043651
0 0.123512 0.605159 0.031250 0.035714
0 0.196057 0.493386 0.029018 0.037037
0 0.009673 0.621693 0.020833 0.050265
0 0.851562 0.174603 0.029018 0.034392
1 0.956845 0.114418 0.034226 0.041005
0 0.712426 0.150794 0.026042 0.044974
0 0.737351 0.230820 0.031250 0.030423
0 0.296503 0.232143 0.020089 0.056878
0 0.255952 0.208995 0.017857 0.050265
0 0.247396 0.158069 0.020089 0.051587
0 0.279762 0.151455 0.019345 0.048942
0 0.328497 0.190476 0.021577 0.055556
0 0.314360 0.132275 0.020089 0.052910
0 0.303943 0.064815 0.021577 0.052910
0 0.339286 0.050265 0.020833 0.052910
0 0.353423 0.220238 0.014881 0.038360
0 0.927455 0.293651 0.031994 0.037037
2 0.741443 0.296296 0.066220 0.037037
0 0.592262 0.171958 0.028274 0.042328
0 0.049479 0.767196 0.033482 0.034392
3 0.361235 0.377646 0.011161 0.033069
3 0.086682 0.732804 0.015625 0.018519
3 0.376116 0.710317 0.011161 0.023810
3 0.529762 0.769841 0.010417 0.021164
0 0.572173 0.719577 0.013393 0.021164
0 0.438988 0.205688 0.014881 0.017196
