0 0.728051 0.519180 0.026042 0.041005
0 0.852307 0.710317 0.023065 0.029101
0 0.837798 0.678571 0.025298 0.031746
0 0.870908 0.592593 0.021577 0.044974
0 0.886905 0.651455 0.016369 0.046296
0 0.124628 0.598545 0.027530 0.038360
0 0.198661 0.491402 0.026786 0.035714
0 0.010417 0.619048 0.020833 0.050265
0 0.853423 0.176587 0.026786 0.033069
1 0.959821 0.116402 0.031250 0.037037
0 0.711682 0.149471 0.021577 0.042328
0 0.739211 0.230820 0.026042 0.025132
0 0.297619 0.228836 0.019345 0.055556
0 0.258185 0.208333 0.020833 0.048942
0 0.249256 0.155423 0.019345 0.054233
0 0.283110 0.150794 0.018601 0.044974
0 0.330357 0.177910 0.022321 0.048942
0 0.130208 0.668651 0.029762 0.041005
0 0.181176 0.634921 0.030506 0.034392
2 0.743304 0.295635 0.063988 0.030423
0 0.596354 0.171958 0.026042 0.042328
3 0.341518 0.242725 0.010417 0.030423
3 0.637649 0.279101 0.011905 0.015873
3 0.322173 0.281746 0.014881 0.039683
3 0.808780 0.222222 0.011905 0.021164
3 0.196801 0.685185 0.011161 0.015873
3 0.319940 0.126984 0.011905 0.034392
3 0.351935 0.251984 0.008929 0.019841
3 0.697545 0.303571 0.015625 0.019841
3 0.932664 0.261243 0.017113 0.019841
0 0.194940 0.585979 0.028274 0.039683
0 0.288690 0.530423 0.023810 0.031746
0 0.332589 0.401455 0.017857 0.048942
0 0.340030 0.322090 0.016369 0.043651
0 0.125372 0.706349 0.029018 0.031746
0 0.234375 0.600529 0.029762 0.034392
0 0.368676 0.585317 0.029018 0.035714
1 0.439360 0.650132 0.031994 0.046296
1 0.500000 0.741402 0.025298 0.033069
0 0.360491 0.477513 0.029018 0.037037
0 0.415179 0.464286 0.025298 0.031746
0 0.471354 0.435847 0.030506 0.033069
3 0.435268 0.417989 0.011905 0.018519
0 0.582217 0.389550 0.029018 0.027778
0 0.645461 0.644180 0.027530 0.039683
0 0.654390 0.681217 0.027530 0.042328
0 0.670387 0.605159 0.023810 0.041005
0 0.681548 0.634921 0.025298 0.042328
0 0.697545 0.562169 0.024554 0.039683
0 0.773065 0.494709 0.023810 0.039683
0 0.837426 0.432540 0.027530 0.039683
0 0.038318 0.218254 0.027530 0.039683
