0 0.026786 0.311391 0.037815 0.066293
0 0.028887 0.250700 0.040966 0.060691
0 0.701155 0.185808 0.027311 0.057890
0 0.684349 0.802054 0.043067 0.044818
0 0.601366 0.448179 0.034664 0.070962
0 0.604254 0.773576 0.040441 0.043884
0 0.512342 0.673203 0.027836 0.061625
0 0.527574 0.533613 0.030987 0.066293
2 0.564338 0.353408 0.075105 0.178338
1 0.550683 0.651261 0.034139 0.073763
0 0.809086 0.549953 0.035189 0.044818
0 0.462447 0.832400 0.030987 0.071895
0 0.622111 0.200747 0.028887 0.061625
3 0.091387 0.162465 0.016807 0.018674
0 0.308036 0.588702 0.040441 0.040149
0 0.326681 0.554622 0.037815 0.046685
0 0.335084 0.515873 0.038866 0.045752
0 0.253676 0.557423 0.039916 0.046685
0 0.281513 0.528945 0.037815 0.042017
0 0.288078 0.481793 0.039391 0.046685
0 0.213235 0.525677 0.035714 0.039216
0 0.231880 0.497199 0.040441 0.045752
0 0.240021 0.451914 0.034664 0.039216
0 0.166229 0.507003 0.041492 0.044818
0 0.183036 0.467787 0.040441 0.048553
0 0.199842 0.430439 0.038340 0.044818
0 0.716912 0.673203 0.040966 0.044818
0 0.718225 0.632120 0.036239 0.046685
0 0.722952 0.582166 0.036239 0.040149
0 0.743172 0.556489 0.040966 0.044818
0 0.751576 0.700280 0.034664 0.037348
0 0.770746 0.661531 0.040441 0.047619
0 0.780462 0.619514 0.042017 0.047619
0 0.799107 0.587768 0.040441 0.047619
0 0.789653 0.722689 0.039391 0.044818
0 0.969275 0.728291 0.040441 0.044818
0 0.837973 0.752568 0.040441 0.044818
0 0.880777 0.777778 0.043067 0.046685
0 0.925683 0.800654 0.040441 0.047619
1 0.637605 0.243231 0.046218 0.099907
0 0.152048 0.407096 0.040441 0.044818
0 0.129727 0.436975 0.040966 0.050420
0 0.108456 0.476190 0.041492 0.048553
0 0.060662 0.357143 0.043592 0.036415
0 0.065389 0.442110 0.041492 0.049486
0 0.102416 0.281513 0.038866 0.043884
0 0.164916 0.313725 0.044118 0.050420
0 0.062500 0.284314 0.038866 0.045752
2 0.366071 0.386555 0.084034 0.106443
1 0.733193 0.043417 0.029412 0.062558
0 0.969538 0.922969 0.042017 0.049486
0 0.845326 0.852941 0.036239 0.049486
2 0.212185 0.255836 0.087185 0.089636
0 0.469538 0.700747 0.030462 0.064426
0 0.449580 0.680205 0.030462 0.060691
0 0.972426 0.827731 0.048845 0.049486
0 0.039391 0.402428 0.025210 0.067227
0 0.013393 0.409430 0.027836 0.043884
