0 0.841518 0.380291 0.026786 0.041005
0 0.852307 0.712302 0.023065 0.025132
0 0.837426 0.680556 0.024554 0.030423
0 0.870908 0.596561 0.018601 0.044974
0 0.883185 0.667989 0.019345 0.044974
0 0.122024 0.602513 0.028274 0.033069
0 0.198661 0.491402 0.026786 0.035714
0 0.011905 0.619709 0.023810 0.048942
0 0.853423 0.177249 0.026786 0.031746
1 0.960565 0.117725 0.031250 0.037037
1 0.712054 0.152778 0.020833 0.041005
0 0.738095 0.231481 0.025298 0.023810
0 0.297991 0.229497 0.020089 0.056878
0 0.258929 0.208995 0.020833 0.050265
0 0.247768 0.156085 0.019345 0.055556
0 0.283110 0.152116 0.018601 0.044974
0 0.329985 0.178571 0.023065 0.047619
0 0.043155 0.722222 0.031250 0.039683
2 0.741815 0.298280 0.063988 0.033069
0 0.595610 0.171958 0.026042 0.042328
0 0.093378 0.653439 0.030506 0.034392
3 0.735863 0.338624 0.011905 0.018519
3 0.319196 0.281746 0.014881 0.039683
3 0.802455 0.207011 0.011161 0.019841
3 0.563988 0.716931 0.011905 0.029101
3 0.295759 0.634259 0.011161 0.017196
3 0.334449 0.205026 0.011161 0.034392
3 0.328869 0.087963 0.008929 0.022487
3 0.802083 0.318122 0.017857 0.019841
0 0.465030 0.399471 0.028274 0.037037
0 0.511533 0.416667 0.024554 0.029101
0 0.319940 0.217593 0.020833 0.048942
0 0.298735 0.120370 0.021577 0.042328
0 0.137277 0.657407 0.031994 0.037037
0 0.227679 0.634259 0.029762 0.033069
1 0.286830 0.599868 0.031994 0.033069
1 0.345238 0.597884 0.029762 0.023810
0 0.556548 0.353175 0.031250 0.029101
0 0.559896 0.392857 0.024554 0.023810
0 0.616443 0.380952 0.029018 0.026455
3 0.628720 0.342593 0.011905 0.015873
0 0.890625 0.316799 0.026786 0.033069
0 0.646949 0.642857 0.027530 0.039683
0 0.653646 0.680556 0.026042 0.043651
0 0.670387 0.605820 0.026786 0.042328
0 0.680432 0.634259 0.027530 0.046296
0 0.697173 0.562831 0.025298 0.041005
0 0.984003 0.285714 0.030506 0.039683
0 0.689732 0.662698 0.025298 0.044974
0 0.037946 0.217593 0.025298 0.038360
