0 0.026261 0.316527 0.033613 0.067227
0 0.027836 0.253501 0.040966 0.060691
0 0.724265 0.120448 0.027311 0.056022
0 0.719538 0.815126 0.043067 0.044818
0 0.627889 0.373483 0.034139 0.067227
0 0.638918 0.767040 0.040441 0.043884
0 0.535977 0.606443 0.027836 0.060691
0 0.516019 0.566293 0.030987 0.066293
2 0.547269 0.400093 0.075630 0.178338
1 0.580620 0.567227 0.034139 0.073763
0 0.775473 0.528478 0.035189 0.044818
0 0.482931 0.769841 0.030987 0.071895
0 0.604517 0.248366 0.028361 0.061625
0 0.433561 0.908497 0.032038 0.069094
3 0.041492 0.141923 0.016807 0.018674
0 0.698529 0.041083 0.026261 0.052288
0 0.308036 0.588702 0.040441 0.040149
0 0.326418 0.554622 0.038340 0.046685
0 0.335084 0.515406 0.038866 0.044818
0 0.253414 0.557423 0.039391 0.046685
0 0.280987 0.528945 0.037815 0.042017
0 0.287553 0.481793 0.039391 0.046685
0 0.212973 0.525677 0.035189 0.039216
0 0.231880 0.497199 0.040441 0.045752
0 0.240021 0.451914 0.034664 0.039216
0 0.165704 0.507003 0.041492 0.044818
0 0.183036 0.467787 0.040441 0.048553
0 0.199842 0.430439 0.038340 0.044818
0 0.716912 0.673203 0.040966 0.044818
0 0.718225 0.632120 0.036239 0.046685
0 0.722952 0.582166 0.036239 0.040149
0 0.742647 0.556489 0.040966 0.044818
0 0.752101 0.700280 0.034664 0.037348
0 0.771796 0.661531 0.040441 0.047619
0 0.776261 0.617647 0.042017 0.047619
0 0.799632 0.587302 0.041492 0.048553
0 0.789653 0.721755 0.039391 0.044818
0 0.939338 0.709617 0.040441 0.044818
0 0.837973 0.752568 0.040441 0.044818
0 0.880777 0.777778 0.043067 0.046685
0 0.926208 0.800654 0.040441 0.047619
1 0.625525 0.280579 0.047269 0.099907
0 0.655987 0.100840 0.027311 0.061625
0 0.151523 0.406162 0.040441 0.044818
0 0.135504 0.440243 0.040966 0.043884
0 0.107931 0.476190 0.041492 0.048553
0 0.076418 0.365546 0.041492 0.038282
0 0.065389 0.442110 0.041492 0.049486
0 0.102153 0.281513 0.038340 0.043884
0 0.164391 0.313725 0.044118 0.050420
0 0.061712 0.285714 0.038340 0.046685
0 0.672532 0.127451 0.029937 0.062558
3 0.628151 0.049486 0.010504 0.026144
2 0.329307 0.356676 0.085084 0.100840
1 0.753151 0.010738 0.029412 0.023343
0 0.904149 0.888422 0.036239 0.049486
2 0.164128 0.228758 0.086660 0.089636
0 0.445116 0.775444 0.032038 0.068161
0 0.424370 0.752568 0.030462 0.061625
0 0.972426 0.827731 0.048845 0.049486
0 0.038866 0.402428 0.025210 0.067227
0 0.013130 0.409430 0.027311 0.043884
