0 0.032300 0.301120 0.035189 0.060691
0 0.034664 0.239496 0.040966 0.055089
0 0.655200 0.817460 0.038340 0.038282
0 0.515231 0.757236 0.028361 0.061625
0 0.472952 0.917367 0.035189 0.070028
0 0.444590 0.882353 0.034139 0.072829
0 0.655462 0.197012 0.031513 0.061625
3 0.410189 0.768441 0.012605 0.022409
3 0.379202 0.830999 0.010504 0.022409
3 0.450368 0.348739 0.016282 0.023343
0 0.309874 0.588702 0.039916 0.040149
0 0.327994 0.555556 0.038340 0.046685
0 0.337710 0.516807 0.038866 0.045752
0 0.255252 0.556956 0.039916 0.045752
0 0.283351 0.528945 0.038340 0.042017
0 0.289653 0.483660 0.039391 0.046685
0 0.214286 0.528945 0.037815 0.038282
0 0.232931 0.497199 0.040441 0.045752
0 0.242910 0.452848 0.034139 0.042951
0 0.167805 0.503735 0.041492 0.045752
0 0.185399 0.468721 0.039916 0.048553
0 0.200368 0.429972 0.038340 0.045752
0 0.716912 0.677871 0.040966 0.044818
0 0.724002 0.639589 0.036239 0.046685
0 0.720851 0.585901 0.036239 0.040149
0 0.743435 0.555556 0.040441 0.044818
0 0.750525 0.704015 0.034664 0.037348
0 0.789653 0.679272 0.040441 0.047619
0 0.839548 0.661531 0.042542 0.047619
0 0.801471 0.594771 0.040966 0.046685
0 0.790966 0.727358 0.038866 0.044818
0 0.836922 0.758170 0.040441 0.044818
0 0.881565 0.781513 0.042542 0.046685
0 0.925158 0.805322 0.040441 0.047619
0 0.073529 0.361811 0.042017 0.040149
0 0.110557 0.474323 0.041492 0.048553
0 0.068803 0.442110 0.040966 0.049486
0 0.110819 0.284314 0.038866 0.043884
0 0.169118 0.315593 0.044118 0.050420
0 0.066702 0.281513 0.039916 0.043884
2 0.492122 0.689542 0.036765 0.148459
0 0.807511 0.870215 0.040441 0.052288
0 0.952731 0.921569 0.034664 0.042951
1 0.592437 0.448646 0.029412 0.062558
1 0.389181 0.916433 0.082983 0.163399
0 0.699317 0.150794 0.026786 0.062558
0 0.620273 0.692344 0.032563 0.071895
0 0.598739 0.590103 0.024160 0.069094
2 0.530200 0.352007 0.082458 0.104575
0 0.742647 0.074697 0.032563 0.065359
0 0.780200 0.003268 0.030987 0.008403
0 0.582721 0.383754 0.028887 0.065359
0 0.603466 0.269374 0.029412 0.062558
0 0.972952 0.832400 0.048845 0.049486
0 0.039916 0.400093 0.025210 0.066293
0 0.013918 0.409430 0.028887 0.043884
