0 0.749256 0.489418 0.025298 0.042328
0 0.853051 0.710979 0.023065 0.025132
0 0.837426 0.679894 0.024554 0.031746
0 0.871652 0.593915 0.020089 0.044974
0 0.887649 0.656085 0.020833 0.044974
0 0.124256 0.599206 0.026786 0.037037
0 0.198661 0.491402 0.026786 0.035714
0 0.011905 0.619048 0.023810 0.050265
0 0.853423 0.177249 0.026786 0.031746
1 0.960565 0.117725 0.031250 0.037037
1 0.712054 0.150132 0.020833 0.041005
0 0.738839 0.231481 0.025298 0.023810
0 0.297991 0.229497 0.020089 0.056878
0 0.258929 0.208995 0.020833 0.050265
0 0.248884 0.155423 0.020089 0.054233
0 0.283110 0.151455 0.018601 0.043651
0 0.329613 0.179233 0.023810 0.051587
0 0.075893 0.703042 0.028274 0.038360
0 0.139137 0.655423 0.031250 0.038360
2 0.742932 0.294974 0.064732 0.031746
0 0.596354 0.171958 0.026042 0.042328
3 0.662946 0.293651 0.010417 0.018519
3 0.321429 0.281746 0.014881 0.039683
3 0.805060 0.212963 0.011905 0.021164
3 0.536830 0.861111 0.011161 0.031746
3 0.236235 0.662698 0.011161 0.015873
3 0.325521 0.157407 0.012649 0.034392
3 0.346726 0.208995 0.008929 0.021164
3 0.724702 0.316799 0.016369 0.019841
3 0.962798 0.236772 0.017857 0.018519
0 0.313988 0.506614 0.025298 0.037037
0 0.385045 0.475529 0.024554 0.030423
0 0.337054 0.333995 0.014881 0.046296
0 0.328869 0.253307 0.020833 0.041005
0 0.014137 0.767857 0.028274 0.030423
0 0.210193 0.615079 0.031994 0.037037
0 0.308408 0.584656 0.029018 0.031746
1 0.371280 0.595238 0.029762 0.031746
1 0.431920 0.671296 0.026042 0.038360
0 0.443824 0.414021 0.029018 0.039683
0 0.477679 0.429894 0.023810 0.023810
0 0.540923 0.403439 0.028274 0.029101
3 0.510045 0.374339 0.012649 0.018519
0 0.718006 0.363757 0.028274 0.026455
0 0.646205 0.641534 0.027530 0.039683
0 0.654018 0.679894 0.026786 0.044974
0 0.671875 0.605159 0.025298 0.041005
0 0.683408 0.633598 0.027530 0.044974
0 0.699405 0.559524 0.023810 0.039683
0 0.843006 0.394180 0.025298 0.037037
0 0.780878 0.503968 0.026042 0.044974
0 0.038318 0.217593 0.026042 0.038360
