0 0.032038 0.301120 0.035714 0.060691
0 0.034664 0.239496 0.040966 0.055089
0 0.689076 0.825397 0.038866 0.041083
0 0.528887 0.718021 0.028361 0.061625
0 0.485557 0.891223 0.035189 0.068161
0 0.450105 0.866480 0.034664 0.072829
0 0.643120 0.227824 0.030987 0.063492
3 0.399160 0.806723 0.012605 0.022409
3 0.375000 0.850607 0.010504 0.022409
3 0.429884 0.339402 0.016282 0.023343
0 0.309611 0.588702 0.040441 0.040149
0 0.327994 0.555556 0.038340 0.046685
0 0.337710 0.516807 0.038866 0.045752
0 0.255252 0.556956 0.039916 0.045752
0 0.283351 0.528945 0.038340 0.042017
0 0.289653 0.482726 0.039391 0.046685
0 0.214286 0.528478 0.037815 0.039216
0 0.232931 0.497199 0.040441 0.045752
0 0.242384 0.452381 0.034139 0.042017
0 0.167805 0.503735 0.041492 0.045752
0 0.184874 0.468721 0.039916 0.048553
0 0.200368 0.429972 0.038340 0.045752
0 0.716912 0.676937 0.040966 0.044818
0 0.721376 0.638655 0.036239 0.046685
0 0.720851 0.584967 0.036239 0.040149
0 0.743435 0.555556 0.040441 0.044818
0 0.750525 0.703081 0.034664 0.037348
0 0.783876 0.674603 0.040441 0.047619
0 0.831933 0.655929 0.042017 0.047619
0 0.801471 0.593838 0.040966 0.046685
0 0.790966 0.726424 0.038866 0.044818
0 0.836922 0.757236 0.040441 0.044818
0 0.881565 0.780579 0.042542 0.046685
0 0.925158 0.805322 0.040441 0.047619
0 0.086922 0.367414 0.041492 0.040149
0 0.110557 0.474323 0.041492 0.048553
0 0.068540 0.442110 0.041492 0.049486
0 0.109244 0.283380 0.038866 0.043884
0 0.168592 0.315593 0.044118 0.050420
0 0.066702 0.281513 0.039916 0.043884
2 0.493172 0.668534 0.029412 0.147526
0 0.857405 0.901961 0.040441 0.052288
0 0.986082 0.940243 0.024685 0.042951
1 0.600315 0.424370 0.029412 0.062558
1 0.386029 0.932773 0.066176 0.128852
0 0.709296 0.119514 0.026786 0.061625
0 0.629464 0.711951 0.035189 0.070028
0 0.601103 0.613445 0.024685 0.069094
2 0.514706 0.363679 0.084034 0.092437
0 0.749475 0.050420 0.032563 0.065359
0 0.573267 0.409897 0.028887 0.067227
0 0.592962 0.296452 0.029412 0.062558
0 0.972952 0.832400 0.048845 0.049486
0 0.039916 0.400093 0.025210 0.066293
0 0.013918 0.409430 0.028887 0.043884
