0 0.853423 0.716931 0.023810 0.023810
0 0.836682 0.685847 0.024554 0.027778
0 0.872768 0.600529 0.019345 0.044974
0 0.881324 0.695767 0.012649 0.047619
0 0.126488 0.597222 0.028274 0.033069
0 0.200149 0.487434 0.026786 0.035714
0 0.013393 0.612434 0.023810 0.050265
0 0.854911 0.182540 0.026786 0.031746
1 0.960565 0.123016 0.031250 0.037037
1 0.715030 0.155423 0.020833 0.041005
0 0.739955 0.234127 0.026042 0.023810
0 0.299851 0.229497 0.019345 0.056878
0 0.260417 0.207672 0.019345 0.047619
0 0.250744 0.156746 0.017857 0.054233
0 0.284226 0.151455 0.017857 0.046296
0 0.313244 0.068783 0.022321 0.044974
2 0.744792 0.302249 0.063988 0.033069
0 0.597098 0.173280 0.026042 0.042328
0 0.340774 0.047619 0.016369 0.039683
0 0.014881 0.698413 0.026786 0.031746
0 0.337426 0.560185 0.029018 0.035714
0 0.411458 0.661376 0.026786 0.047619
0 0.341518 0.365741 0.014881 0.054233
3 0.322173 0.281746 0.014881 0.039683
3 0.180804 0.600529 0.014881 0.021164
3 0.805060 0.218254 0.011905 0.021164
3 0.610119 0.667328 0.014881 0.019841
3 0.428943 0.783730 0.011161 0.025132
3 0.319940 0.126984 0.011905 0.034392
0 0.641369 0.342593 0.028274 0.029101
0 0.575149 0.394180 0.025298 0.026455
0 0.207589 0.644841 0.031250 0.038360
1 0.238467 0.623016 0.029018 0.029101
1 0.269717 0.609788 0.031994 0.037037
0 0.734003 0.347884 0.031994 0.026455
0 0.604539 0.382275 0.024554 0.023810
0 0.644717 0.380952 0.029018 0.026455
0 0.646949 0.645503 0.027530 0.039683
0 0.654018 0.683862 0.026786 0.042328
0 0.673735 0.607143 0.027530 0.039683
0 0.688244 0.628307 0.026786 0.044974
0 0.765997 0.486772 0.026042 0.039683
0 0.476562 0.683201 0.024554 0.048942
0 0.041667 0.214286 0.025298 0.034392
