0 0.033613 0.300654 0.033613 0.059757
0 0.037027 0.238095 0.039391 0.056022
0 0.509716 0.856676 0.037290 0.056956
3 0.478204 0.564893 0.013130 0.022409
3 0.404149 0.714286 0.009979 0.022409
3 0.540179 0.326797 0.015231 0.028011
0 0.310399 0.588702 0.039916 0.040149
0 0.328519 0.556022 0.038340 0.045752
0 0.338761 0.517740 0.038866 0.045752
0 0.255777 0.556956 0.039916 0.045752
0 0.284401 0.528945 0.038340 0.042017
0 0.290179 0.484594 0.039391 0.046685
0 0.215336 0.528478 0.037815 0.037348
0 0.233981 0.497199 0.040441 0.045752
0 0.243960 0.453315 0.034139 0.042017
0 0.168330 0.504669 0.041492 0.045752
0 0.185924 0.468721 0.039916 0.048553
0 0.183036 0.421569 0.038340 0.045752
0 0.716912 0.680672 0.040966 0.044818
0 0.755252 0.662465 0.040966 0.047619
0 0.720851 0.588702 0.036239 0.040149
0 0.742910 0.559290 0.040441 0.044818
0 0.750263 0.706816 0.034139 0.037348
0 0.854517 0.721289 0.040966 0.047619
0 0.892069 0.696078 0.043592 0.047619
0 0.802258 0.597572 0.040441 0.046685
0 0.790179 0.730626 0.038340 0.043884
0 0.836922 0.759104 0.040441 0.044818
0 0.881565 0.784314 0.042542 0.046685
0 0.925158 0.807656 0.040441 0.046685
0 0.023109 0.353408 0.042017 0.040149
0 0.111607 0.473389 0.041492 0.048553
0 0.069328 0.442110 0.039916 0.049486
0 0.117122 0.288049 0.038866 0.043884
0 0.170168 0.316527 0.044118 0.050420
0 0.072479 0.280112 0.039916 0.041083
2 0.472164 0.788982 0.060924 0.145658
0 0.605567 0.797852 0.036765 0.043884
0 0.754464 0.819795 0.035189 0.037348
1 0.551471 0.570028 0.029412 0.062558
1 0.450368 0.757236 0.079307 0.209150
0 0.388918 0.854342 0.030987 0.067227
0 0.659664 0.302988 0.026261 0.062558
0 0.592437 0.565826 0.019958 0.072829
0 0.600840 0.444444 0.024160 0.069094
2 0.594800 0.267040 0.064601 0.138189
0 0.716912 0.145658 0.032563 0.065359
0 0.752363 0.060691 0.030987 0.061625
0 0.649947 0.209150 0.027836 0.063492
0 0.642332 0.158263 0.029412 0.062558
0 0.972952 0.836134 0.048845 0.049486
0 0.039653 0.401027 0.025735 0.066293
0 0.014181 0.409430 0.029412 0.043884
