0 0.398634 0.133520 0.050420 0.087768
0 0.598477 0.032680 0.037290 0.067227
0 0.553571 0.176937 0.031513 0.083100
0 0.314338 0.199346 0.030987 0.088702
0 0.407300 0.215686 0.028887 0.089636
0 0.407038 0.313259 0.028361 0.090570
0 0.579832 0.249767 0.045168 0.083100
0 0.614496 0.255369 0.055672 0.071895
0 0.625000 0.320261 0.054622 0.084034
0 0.567752 0.334734 0.028361 0.084967
0 0.583771 0.403361 0.049895 0.089636
0 0.581933 0.533613 0.032563 0.111111
0 0.342700 0.401027 0.056197 0.083100
0 0.348739 0.476657 0.059874 0.060691
0 0.341649 0.558824 0.060399 0.088702
0 0.296744 0.583567 0.047269 0.110177
0 0.221376 0.640990 0.068803 0.056956
0 0.110294 0.640056 0.078782 0.066293
0 0.646534 0.668534 0.069328 0.078431
0 0.417805 0.734827 0.041492 0.125117
0 0.265756 0.788515 0.076681 0.071895
0 0.172006 0.845472 0.063550 0.112979
0 0.135504 0.829599 0.057773 0.120448
0 0.068540 0.568627 0.075105 0.072829
0 0.603204 0.850607 0.035189 0.121382
0 0.305672 0.877218 0.046218 0.111111
3 0.496849 0.325864 0.014706 0.044818
3 0.535714 0.521008 0.017857 0.056022
3 0.471901 0.786181 0.016282 0.054155
3 0.547794 0.393091 0.017857 0.056022
