0 0.852679 0.713624 0.023810 0.025132
0 0.836682 0.681878 0.024554 0.027778
0 0.870908 0.598545 0.018601 0.046296
0 0.879464 0.689815 0.016369 0.046296
0 0.124256 0.599868 0.026786 0.033069
0 0.198661 0.490079 0.026786 0.035714
0 0.012649 0.619709 0.023810 0.048942
0 0.853423 0.179894 0.026786 0.031746
1 0.960565 0.120370 0.031250 0.037037
1 0.712798 0.154101 0.020833 0.041005
0 0.738467 0.231481 0.026042 0.023810
0 0.298363 0.229497 0.019345 0.056878
0 0.259301 0.208995 0.020089 0.050265
0 0.248512 0.156746 0.019345 0.054233
0 0.283110 0.152116 0.018601 0.044974
0 0.329985 0.177910 0.023065 0.054233
2 0.741443 0.300926 0.063244 0.033069
0 0.595610 0.171958 0.026042 0.042328
0 0.090030 0.660714 0.028274 0.035714
0 0.258557 0.566138 0.029018 0.031746
0 0.185640 0.597222 0.026042 0.035714
3 0.852307 0.306878 0.012649 0.015873
3 0.319940 0.281746 0.014881 0.039683
3 0.026042 0.687831 0.014881 0.021164
3 0.802455 0.210317 0.011161 0.021164
3 0.597470 0.676587 0.014881 0.019841
3 0.364211 0.660053 0.011161 0.021164
3 0.339658 0.230159 0.011161 0.034392
3 0.933036 0.264550 0.017857 0.018519
0 0.565848 0.350529 0.029018 0.031746
0 0.572917 0.392857 0.025298 0.026455
0 0.281994 0.020503 0.014881 0.043651
0 0.011533 0.744048 0.024554 0.038360
0 0.207589 0.647487 0.031250 0.038360
1 0.236235 0.628307 0.027530 0.029101
1 0.272321 0.609127 0.029762 0.033069
0 0.617188 0.340608 0.030506 0.030423
0 0.597842 0.381614 0.027530 0.022487
0 0.640253 0.380952 0.029018 0.026455
3 0.811012 0.340608 0.019345 0.017196
0 0.647693 0.645503 0.027530 0.039683
0 0.654018 0.682540 0.026786 0.042328
0 0.671131 0.605820 0.026786 0.042328
0 0.684152 0.632937 0.027530 0.046296
0 0.703497 0.556217 0.026042 0.038360
0 0.594494 0.753968 0.026786 0.031746
0 0.039435 0.216931 0.025298 0.037037
