0 0.639509 0.658069 0.024554 0.041005
0 0.628348 0.728175 0.026042 0.043651
0 0.853423 0.708333 0.022321 0.027778
0 0.837426 0.675265 0.027530 0.033069
0 0.870536 0.592593 0.019345 0.047619
0 0.889509 0.656746 0.021577 0.048942
0 0.672247 0.796958 0.021577 0.046296
0 0.644717 0.896825 0.015625 0.050265
0 0.123140 0.603175 0.031994 0.037037
0 0.196057 0.490079 0.026042 0.035714
0 0.009301 0.621693 0.020089 0.044974
0 0.853051 0.174603 0.027530 0.037037
1 0.959449 0.113757 0.031994 0.042328
0 0.713542 0.148810 0.025298 0.043651
0 0.738839 0.229497 0.031250 0.030423
0 0.295387 0.231481 0.019345 0.055556
0 0.255580 0.208333 0.017113 0.048942
0 0.248884 0.156085 0.018601 0.052910
0 0.281622 0.150794 0.018601 0.044974
0 0.327009 0.177910 0.020089 0.048942
0 0.291295 0.019841 0.021577 0.042328
0 0.287946 0.567460 0.028274 0.037037
0 0.349702 0.493386 0.026786 0.044974
0 0.354167 0.218254 0.013393 0.037037
2 0.743304 0.296296 0.063988 0.031746
0 0.593750 0.169974 0.026786 0.041005
3 0.338542 0.241402 0.010417 0.030423
0 0.098958 0.660053 0.025298 0.034392
0 0.380580 0.363095 0.017113 0.056878
0 0.970982 0.336640 0.028274 0.038360
3 0.043899 0.683201 0.011905 0.019841
0 0.514137 0.955026 0.022321 0.047619
0 0.567708 0.895503 0.023810 0.047619
0 0.558780 0.804233 0.023810 0.042328
0 0.597098 0.822090 0.021577 0.041005
0 0.034970 0.221561 0.028274 0.035714
