0 0.439601 0.600373 0.028361 0.069094
0 0.496849 0.861811 0.037815 0.074697
0 0.555935 0.845005 0.044643 0.052288
0 0.618697 0.588235 0.029412 0.072829
0 0.482668 0.581699 0.029412 0.070962
0 0.515756 0.553688 0.027311 0.067227
0 0.511555 0.352941 0.039916 0.048553
0 0.309086 0.600373 0.043592 0.050420
0 0.324842 0.552754 0.039391 0.042951
0 0.338235 0.514006 0.040966 0.045752
0 0.231618 0.553688 0.040966 0.050420
0 0.264181 0.521942 0.040966 0.044818
0 0.267332 0.469188 0.042017 0.047619
0 0.185137 0.520075 0.039391 0.042951
0 0.204307 0.485994 0.044118 0.049486
0 0.215861 0.437908 0.035714 0.042951
0 0.129989 0.494865 0.043592 0.044818
0 0.150735 0.453782 0.043067 0.042951
0 0.167805 0.413632 0.040441 0.046685
0 0.743435 0.680205 0.042542 0.047619
0 0.741334 0.628852 0.039391 0.042017
0 0.742647 0.570962 0.037815 0.038282
0 0.768382 0.541550 0.040966 0.044818
0 0.782300 0.705882 0.033088 0.039216
0 0.801996 0.661064 0.040966 0.044818
0 0.807248 0.613445 0.043067 0.050420
0 0.836134 0.579365 0.045168 0.051354
0 0.825105 0.728758 0.040966 0.047619
0 0.865809 0.645658 0.041492 0.042017
0 0.878151 0.762838 0.042017 0.050420
0 0.923057 0.677404 0.043592 0.047619
0 0.926733 0.788049 0.045693 0.050420
0 0.977153 0.816060 0.042542 0.054155
0 0.860294 0.905696 0.045168 0.050420
1 0.627101 0.668067 0.060924 0.088702
0 0.401523 0.468254 0.032038 0.064426
1 0.311187 0.331466 0.042542 0.056022
0 0.183824 0.263305 0.042017 0.048553
0 0.117122 0.388422 0.045168 0.050420
0 0.100840 0.425770 0.040966 0.052288
0 0.074055 0.466853 0.043067 0.048553
0 0.062500 0.363212 0.038866 0.044818
0 0.025735 0.431373 0.043067 0.054155
0 0.017332 0.224090 0.035714 0.033613
0 0.071429 0.250233 0.045168 0.050420
0 0.013655 0.255836 0.028361 0.054155
0 0.967437 0.654528 0.046218 0.056022
0 0.485294 0.656396 0.032563 0.074697
0 0.602941 0.235294 0.031513 0.076564
0 0.648109 0.204949 0.027311 0.066293
0 0.675945 0.140990 0.030462 0.067227
0 0.667542 0.058824 0.032563 0.070962
0 0.704832 0.049486 0.031513 0.067227
1 0.728466 0.103641 0.051471 0.123249
3 0.549632 0.256769 0.011029 0.024276
3 0.556723 0.231559 0.013655 0.022409
