0 0.828869 0.395503 0.026786 0.042328
0 0.852307 0.712302 0.023065 0.025132
0 0.837426 0.680556 0.024554 0.030423
0 0.870908 0.596561 0.018601 0.044974
0 0.883929 0.666667 0.019345 0.044974
0 0.122024 0.602513 0.028274 0.033069
0 0.198661 0.491402 0.026786 0.035714
0 0.011905 0.619709 0.023810 0.048942
0 0.853423 0.177249 0.026786 0.031746
1 0.960565 0.117725 0.031250 0.037037
1 0.712054 0.152778 0.020833 0.041005
0 0.738095 0.231481 0.025298 0.023810
0 0.297991 0.229497 0.020089 0.056878
0 0.258929 0.208995 0.020833 0.050265
0 0.247768 0.156085 0.019345 0.055556
0 0.283110 0.152116 0.018601 0.044974
0 0.329985 0.177910 0.023065 0.046296
0 0.056920 0.710979 0.031994 0.041005
2 0.741815 0.298280 0.063988 0.033069
0 0.595610 0.171958 0.026042 0.042328
0 0.076265 0.661376 0.030506 0.034392
3 0.724702 0.335317 0.011905 0.019841
3 0.319196 0.281746 0.014881 0.039683
3 0.802455 0.205688 0.011161 0.019841
3 0.559152 0.725529 0.011161 0.030423
3 0.289807 0.633598 0.011161 0.015873
3 0.333333 0.199735 0.011905 0.034392
3 0.329613 0.105159 0.008929 0.022487
3 0.791295 0.319444 0.018601 0.019841
0 0.447917 0.408730 0.028274 0.037037
0 0.499628 0.420635 0.024554 0.029101
0 0.323661 0.231481 0.020833 0.047619
0 0.301711 0.137566 0.021577 0.042328
0 0.146949 0.652116 0.031994 0.037037
0 0.235119 0.630291 0.029762 0.033069
1 0.296503 0.594577 0.031994 0.033069
1 0.355283 0.599206 0.030506 0.026455
0 0.547247 0.357143 0.030506 0.034392
0 0.552455 0.395503 0.024554 0.023810
0 0.610491 0.382275 0.029018 0.026455
3 0.615327 0.345238 0.011905 0.015873
0 0.870164 0.326058 0.027530 0.035714
0 0.646949 0.642857 0.027530 0.039683
0 0.653646 0.680556 0.026042 0.043651
0 0.670387 0.604497 0.026786 0.042328
0 0.680432 0.634259 0.027530 0.046296
0 0.695685 0.561508 0.025298 0.041005
0 0.967262 0.294974 0.029762 0.029101
0 0.697545 0.649471 0.024554 0.047619
0 0.037946 0.217593 0.025298 0.038360
