0 0.980830 0.295518 0.036239 0.068161
0 0.936975 0.382353 0.067227 0.058824
0 0.868960 0.610177 0.059349 0.090570
0 0.845588 0.307190 0.057773 0.082166
0 0.900210 0.443511 0.056723 0.084034
0 0.844538 0.505602 0.054622 0.083100
0 0.994485 0.800654 0.008929 0.066293
0 0.979517 0.869748 0.038866 0.066293
0 0.941702 0.781046 0.057773 0.088702
0 0.912815 0.847339 0.067227 0.071895
0 0.839023 0.915033 0.062500 0.098973
0 0.759454 0.466387 0.031513 0.098039
0 0.729254 0.519608 0.053046 0.094304
0 0.683561 0.548553 0.037290 0.099907
0 0.645483 0.503268 0.050420 0.104575
0 0.587185 0.432773 0.051471 0.096172
0 0.534139 0.287582 0.050420 0.093371
0 0.542017 0.566293 0.044118 0.116713
0 0.476366 0.475724 0.061975 0.056956
0 0.469538 0.417367 0.059874 0.056022
0 0.548057 0.208683 0.046744 0.094304
0 0.489496 0.110644 0.044118 0.088702
1 0.381303 0.048086 0.063025 0.098039
0 0.393645 0.189542 0.049895 0.056022
0 0.518382 0.664799 0.056723 0.072829
0 0.545431 0.845005 0.061450 0.093371
0 0.450368 0.956583 0.065651 0.084967
3 0.638130 0.852007 0.025210 0.045752
