0 0.025735 0.325864 0.027311 0.067227
0 0.023897 0.259570 0.036239 0.065359
0 0.758666 0.026611 0.027836 0.053221
0 0.784926 0.853408 0.041492 0.050420
0 0.670431 0.253968 0.032038 0.065359
0 0.703519 0.767040 0.040441 0.043884
0 0.571691 0.506069 0.027836 0.056022
0 0.491334 0.635854 0.030987 0.067227
2 0.519433 0.478525 0.075630 0.178338
1 0.626576 0.424837 0.030462 0.067227
0 0.732931 0.503268 0.037290 0.044818
0 0.521796 0.658730 0.030987 0.071895
0 0.576155 0.324930 0.028361 0.061625
0 0.467700 0.814192 0.032038 0.069094
0 0.679359 0.096172 0.025735 0.052288
0 0.307511 0.588702 0.040441 0.040149
0 0.326155 0.554622 0.037815 0.046685
0 0.334559 0.515406 0.038866 0.044818
0 0.253151 0.557890 0.039916 0.047619
0 0.280725 0.528945 0.038340 0.042017
0 0.287027 0.481793 0.039391 0.046685
0 0.212710 0.525677 0.034664 0.039216
0 0.231355 0.498133 0.040441 0.045752
0 0.240021 0.451914 0.034664 0.039216
0 0.165179 0.507003 0.041492 0.044818
0 0.183036 0.467787 0.040441 0.048553
0 0.199842 0.430439 0.038340 0.044818
0 0.716912 0.672269 0.040966 0.044818
0 0.718225 0.631186 0.036239 0.046685
0 0.724002 0.581232 0.036239 0.040149
0 0.742647 0.553688 0.040966 0.044818
0 0.752101 0.700280 0.034664 0.037348
0 0.772321 0.661531 0.040441 0.047619
0 0.775210 0.614846 0.042017 0.047619
0 0.800420 0.586368 0.042017 0.048553
0 0.789653 0.720822 0.039391 0.044818
0 0.897847 0.686275 0.040441 0.044818
0 0.838498 0.751634 0.040441 0.044818
0 0.880777 0.776844 0.043067 0.046685
0 0.926208 0.800654 0.040441 0.047619
1 0.606880 0.331466 0.046744 0.104575
0 0.636029 0.159664 0.027311 0.061625
0 0.150998 0.406162 0.040441 0.044818
0 0.136555 0.440243 0.040966 0.043884
0 0.107405 0.476190 0.041492 0.048553
0 0.094538 0.376284 0.040966 0.039216
0 0.064863 0.442110 0.041492 0.049486
0 0.101891 0.282446 0.038866 0.043884
0 0.163866 0.313725 0.044118 0.050420
0 0.060137 0.287115 0.037290 0.047619
0 0.652311 0.182540 0.030462 0.062558
2 0.267332 0.309524 0.086134 0.094304
2 0.085872 0.190476 0.092962 0.089636
0 0.398897 0.911765 0.032038 0.071895
0 0.381828 0.883287 0.030462 0.069094
0 0.972426 0.826797 0.048845 0.049486
0 0.038340 0.401494 0.025210 0.067227
0 0.013130 0.409430 0.027311 0.043884
