0 0.827206 0.435574 0.053571 0.088702
0 0.407038 0.660131 0.066176 0.117647
0 0.667017 0.882353 0.066176 0.061625
0 0.708508 0.797386 0.059874 0.104575
0 0.764968 0.707750 0.056197 0.117647
0 0.822742 0.592904 0.054097 0.104575
0 0.515756 0.870682 0.060924 0.111111
0 0.929622 0.499066 0.058824 0.060691
0 0.879464 0.458917 0.056197 0.096172
0 0.948529 0.459384 0.063025 0.056022
0 0.935137 0.372549 0.046744 0.078431
0 0.648634 0.449113 0.044118 0.100840
0 0.550945 0.639589 0.056723 0.098973
0 0.747637 0.301587 0.053046 0.093371
0 0.787290 0.227358 0.059874 0.062558
0 0.720851 0.193744 0.060399 0.060691
0 0.923845 0.158263 0.051471 0.084967
0 0.441964 0.772642 0.068803 0.066293
0 0.843750 0.143324 0.049895 0.088702
0 0.882878 0.074697 0.050420 0.082166
3 0.588235 0.924837 0.019958 0.043884
3 0.913078 0.333333 0.022584 0.050420
3 0.829832 0.275910 0.022059 0.043884
3 0.876313 0.172269 0.019433 0.040149
3 0.692752 0.379085 0.025210 0.041083
3 0.606355 0.550887 0.014181 0.037348
3 0.834296 0.220822 0.024685 0.043884
