0 0.747637 0.488329 0.053046 0.098973
0 0.383141 0.693277 0.062500 0.120448
0 0.589286 0.982726 0.050420 0.030812
0 0.658351 0.855275 0.065651 0.067227
0 0.692489 0.757236 0.057248 0.106443
0 0.744748 0.667600 0.051471 0.119514
0 0.798319 0.545752 0.052521 0.105509
0 0.561975 0.752101 0.055672 0.111111
0 0.890756 0.432773 0.054622 0.056956
0 0.847952 0.404762 0.054097 0.099907
0 0.911239 0.393091 0.061975 0.056022
0 0.894170 0.309524 0.045693 0.081232
0 0.618435 0.429972 0.042542 0.099907
0 0.529937 0.633053 0.055672 0.100840
0 0.707195 0.264239 0.047794 0.093371
0 0.741334 0.180672 0.059349 0.066293
0 0.674107 0.163866 0.057248 0.056956
0 0.430935 0.781046 0.068803 0.062558
0 0.792805 0.098039 0.044643 0.089636
3 0.563025 0.947246 0.019958 0.043884
3 0.837973 0.321195 0.018382 0.050420
3 0.816176 0.165733 0.022059 0.043884
3 0.658613 0.349673 0.025210 0.040149
3 0.787815 0.172736 0.016807 0.044818
