0 0.557511 0.489262 0.034139 0.106443
0 0.298845 0.841270 0.047269 0.132586
0 0.560137 0.938375 0.049895 0.119514
0 0.586922 0.743697 0.056197 0.099907
0 0.594538 0.639122 0.040966 0.114846
0 0.613445 0.513539 0.035714 0.115780
0 0.626313 0.370682 0.034139 0.100840
0 0.503414 0.587302 0.035189 0.112045
0 0.675420 0.200280 0.047269 0.073763
0 0.630515 0.215219 0.034139 0.101774
0 0.676996 0.153128 0.056723 0.072829
0 0.643645 0.104108 0.033088 0.083100
0 0.449317 0.401494 0.032038 0.093371
0 0.424632 0.642390 0.040441 0.115780
0 0.482143 0.183940 0.034664 0.100840
0 0.489496 0.084967 0.050420 0.087768
0 0.426471 0.114379 0.056723 0.068161
0 0.371849 0.871615 0.068277 0.086835
0 0.507878 0.011204 0.031513 0.024276
3 0.598739 0.215686 0.015756 0.050420
3 0.465074 0.295985 0.017332 0.052288
