0 0.023109 0.335201 0.027311 0.072829
0 0.022321 0.272176 0.035189 0.066293
0 0.913866 0.849206 0.040966 0.043884
0 0.665441 0.234360 0.028361 0.056022
0 0.407563 0.882353 0.031513 0.072829
2 0.445116 0.693744 0.075105 0.183007
1 0.736870 0.093371 0.030462 0.067227
0 0.676996 0.379085 0.022059 0.059757
0 0.619485 0.373016 0.030987 0.062558
0 0.505777 0.521942 0.028361 0.061625
0 0.563550 0.551821 0.031513 0.065359
0 0.666229 0.155462 0.027836 0.056956
0 0.614758 0.198413 0.030987 0.058824
0 0.627626 0.228291 0.028361 0.055089
0 0.306723 0.588702 0.040966 0.040149
0 0.325368 0.554155 0.038340 0.047619
0 0.333246 0.514472 0.039391 0.044818
0 0.252363 0.557890 0.039391 0.047619
0 0.279937 0.528945 0.037815 0.042017
0 0.285977 0.481793 0.039391 0.046685
0 0.212185 0.526144 0.034664 0.040149
0 0.231355 0.498133 0.040441 0.045752
0 0.240021 0.450980 0.034664 0.039216
0 0.164128 0.507003 0.041492 0.044818
0 0.182773 0.467320 0.040966 0.049486
0 0.199317 0.430439 0.038340 0.044818
0 0.716912 0.671335 0.040966 0.044818
0 0.718225 0.628385 0.036239 0.046685
0 0.725578 0.580299 0.036239 0.040149
0 0.744223 0.549953 0.040966 0.044818
0 0.753151 0.700280 0.034664 0.037348
0 0.774947 0.662465 0.040441 0.047619
0 0.777836 0.612979 0.042017 0.047619
0 0.802784 0.584034 0.043592 0.049486
0 0.791754 0.720822 0.039391 0.044818
0 0.834034 0.648926 0.040966 0.044818
0 0.840074 0.751634 0.040441 0.044818
0 0.880777 0.774043 0.043067 0.046685
0 0.926733 0.798786 0.040441 0.047619
1 0.576943 0.425770 0.042542 0.104575
1 0.467962 0.766106 0.029412 0.075630
0 0.564863 0.314192 0.030987 0.060691
0 0.149947 0.403361 0.040441 0.044818
0 0.136555 0.441176 0.040966 0.043884
0 0.105830 0.476190 0.041492 0.048553
0 0.102416 0.380019 0.040966 0.039216
0 0.064338 0.442110 0.041492 0.049486
0 0.096376 0.277778 0.038340 0.043884
0 0.151261 0.307656 0.044118 0.049486
0 0.055147 0.289916 0.035714 0.049486
0 0.604779 0.305322 0.030987 0.067227
1 0.516807 0.747432 0.051471 0.120448
3 0.599265 0.140990 0.010504 0.026144
2 0.096113 0.203548 0.092437 0.084034
0 0.972426 0.824930 0.048845 0.049486
0 0.037290 0.401494 0.025210 0.067227
0 0.010242 0.409430 0.021534 0.043884
