0 0.853423 0.715608 0.023810 0.023810
0 0.836682 0.683201 0.024554 0.027778
0 0.871652 0.599868 0.018601 0.046296
0 0.879836 0.699074 0.015625 0.046296
0 0.125744 0.598545 0.026786 0.033069
0 0.199405 0.488757 0.026786 0.035714
0 0.013393 0.615079 0.023810 0.050265
0 0.854167 0.181217 0.026786 0.031746
1 0.960565 0.121693 0.031250 0.037037
1 0.714286 0.155423 0.020833 0.041005
0 0.739211 0.232804 0.026042 0.023810
0 0.299107 0.229497 0.019345 0.056878
0 0.259673 0.208995 0.019345 0.050265
0 0.249628 0.156746 0.018601 0.054233
0 0.283854 0.152116 0.018601 0.044974
0 0.324033 0.143519 0.020089 0.056878
2 0.743676 0.302249 0.063244 0.033069
0 0.596354 0.173280 0.026042 0.042328
0 0.213542 0.585317 0.028274 0.035714
0 0.337054 0.583995 0.028274 0.041005
0 0.289435 0.502646 0.025298 0.042328
3 0.928571 0.275794 0.014881 0.019841
3 0.321429 0.281746 0.014881 0.039683
3 0.101190 0.646825 0.014881 0.021164
3 0.802455 0.212963 0.011161 0.021164
3 0.603423 0.672619 0.014881 0.019841
3 0.396949 0.716931 0.011161 0.023810
3 0.333705 0.195767 0.011161 0.034392
0 0.590030 0.346561 0.028274 0.029101
0 0.574405 0.392857 0.025298 0.026455
0 0.207589 0.646164 0.031250 0.038360
1 0.237723 0.625000 0.029018 0.027778
1 0.269717 0.612434 0.031994 0.037037
0 0.660714 0.337963 0.029762 0.027778
0 0.602307 0.381614 0.026042 0.022487
0 0.642485 0.380952 0.029018 0.026455
3 0.961310 0.294974 0.014881 0.018519
0 0.647693 0.645503 0.027530 0.039683
0 0.654018 0.682540 0.026786 0.042328
0 0.672619 0.605820 0.026786 0.042328
0 0.686384 0.628307 0.027530 0.044974
0 0.719122 0.535053 0.026042 0.038360
0 0.530506 0.740079 0.028274 0.035714
0 0.040923 0.216270 0.025298 0.035714
