0 0.022584 0.335201 0.027311 0.072829
0 0.021271 0.271242 0.034139 0.066293
0 0.943277 0.864146 0.040966 0.043884
0 0.676996 0.199813 0.028361 0.056022
0 0.396008 0.918768 0.031513 0.072829
2 0.435137 0.723156 0.075105 0.185808
1 0.748950 0.059757 0.031513 0.067227
0 0.679097 0.359477 0.022059 0.059757
0 0.631565 0.334734 0.030987 0.062558
0 0.497374 0.546218 0.028361 0.061625
0 0.575105 0.520075 0.031513 0.063492
0 0.660977 0.172269 0.027836 0.056956
0 0.606880 0.219421 0.030987 0.061625
0 0.622374 0.240430 0.027311 0.055089
0 0.666754 0.070495 0.027836 0.062558
0 0.306723 0.588702 0.040966 0.040149
0 0.325105 0.554155 0.037815 0.047619
0 0.333246 0.514472 0.039391 0.044818
0 0.252363 0.557890 0.039391 0.047619
0 0.279412 0.528945 0.037815 0.042017
0 0.285977 0.481793 0.039391 0.046685
0 0.212185 0.526144 0.034664 0.040149
0 0.231355 0.498133 0.040441 0.045752
0 0.240021 0.450980 0.034664 0.039216
0 0.164128 0.506069 0.041492 0.044818
0 0.182773 0.467320 0.040966 0.049486
0 0.199317 0.430439 0.038340 0.044818
0 0.716912 0.671335 0.040966 0.044818
0 0.718750 0.628385 0.036239 0.046685
0 0.725578 0.580299 0.036239 0.040149
0 0.745273 0.550887 0.040966 0.044818
0 0.753676 0.700280 0.034664 0.037348
0 0.774947 0.662465 0.040441 0.047619
0 0.778361 0.612979 0.042017 0.047619
0 0.803046 0.584034 0.043067 0.049486
0 0.792279 0.720822 0.039391 0.044818
0 0.830357 0.647059 0.040966 0.044818
0 0.840599 0.751634 0.040441 0.044818
0 0.880777 0.774043 0.043067 0.046685
0 0.926733 0.797852 0.040441 0.047619
1 0.574842 0.434641 0.041492 0.105509
1 0.472689 0.741830 0.027311 0.073763
0 0.554359 0.332866 0.032038 0.060691
0 0.149422 0.403361 0.040441 0.044818
0 0.135504 0.440243 0.040966 0.043884
0 0.105830 0.476190 0.041492 0.048553
0 0.102416 0.380952 0.040966 0.039216
0 0.064338 0.442110 0.041492 0.049486
0 0.095326 0.276844 0.038340 0.043884
0 0.148897 0.306723 0.044643 0.049486
0 0.054097 0.289916 0.035714 0.049486
0 0.598477 0.320261 0.030987 0.067227
1 0.529937 0.715219 0.056723 0.126984
3 0.596639 0.150327 0.010504 0.026144
2 0.074580 0.190476 0.089286 0.084034
0 0.972426 0.824930 0.048845 0.049486
0 0.037290 0.401494 0.025210 0.067227
0 0.009979 0.409430 0.021008 0.043884
