0 0.020221 0.333333 0.027836 0.072829
0 0.017332 0.267507 0.031513 0.066293
0 0.726891 0.052754 0.025210 0.053221
2 0.390494 0.863679 0.075105 0.190476
0 0.699055 0.250233 0.023109 0.057890
0 0.685662 0.172269 0.030987 0.062558
0 0.457983 0.664799 0.028361 0.065359
0 0.622899 0.380952 0.031513 0.063492
0 0.639443 0.233427 0.027836 0.059757
0 0.566702 0.322129 0.031513 0.063492
0 0.597689 0.298319 0.027311 0.058824
0 0.639443 0.146125 0.027836 0.062558
0 0.306197 0.588702 0.040966 0.040149
0 0.325105 0.554155 0.037815 0.047619
0 0.332721 0.514472 0.039391 0.044818
0 0.251838 0.557890 0.039391 0.047619
0 0.278887 0.528945 0.037815 0.042017
0 0.284926 0.481793 0.039391 0.046685
0 0.209559 0.526144 0.035714 0.040149
0 0.229779 0.497199 0.040441 0.045752
0 0.240021 0.450980 0.034664 0.039216
0 0.163866 0.504202 0.040966 0.044818
0 0.181985 0.467320 0.040441 0.049486
0 0.198267 0.430439 0.038340 0.044818
0 0.717174 0.672269 0.040441 0.044818
0 0.720851 0.627451 0.036239 0.046685
0 0.726628 0.579365 0.036239 0.040149
0 0.747899 0.551821 0.040966 0.044818
0 0.754202 0.700280 0.034664 0.037348
0 0.776523 0.662465 0.040441 0.047619
0 0.780987 0.612979 0.042017 0.047619
0 0.804097 0.583100 0.044118 0.049486
0 0.793330 0.720822 0.039391 0.044818
0 0.829307 0.645191 0.040966 0.044818
0 0.842174 0.751634 0.040441 0.044818
0 0.919905 0.696078 0.043592 0.045752
0 0.884454 0.774977 0.043067 0.046685
0 0.928834 0.797852 0.040441 0.047619
0 0.517595 0.850607 0.037290 0.063492
1 0.564863 0.483660 0.040441 0.106443
0 0.450105 0.819795 0.031513 0.070962
1 0.487132 0.648926 0.025735 0.070962
0 0.495536 0.397292 0.036239 0.047619
0 0.148897 0.402428 0.040441 0.044818
0 0.132353 0.439309 0.040966 0.043884
0 0.105305 0.476190 0.041492 0.048553
0 0.097164 0.379085 0.040966 0.039216
0 0.062237 0.442110 0.041492 0.049486
0 0.077731 0.261438 0.040966 0.050420
0 0.138393 0.302054 0.045693 0.049486
0 0.050945 0.289916 0.035714 0.049486
0 0.569853 0.386555 0.031513 0.067227
0 0.672006 0.123716 0.025735 0.062558
1 0.576418 0.570495 0.056197 0.112045
2 0.010504 0.145658 0.022059 0.084034
0 0.974790 0.824930 0.045168 0.049486
0 0.035189 0.400560 0.025210 0.067227
0 0.008141 0.409430 0.017332 0.043884
