0 0.022321 0.335201 0.027836 0.072829
0 0.020746 0.270308 0.034139 0.066293
0 0.954832 0.870682 0.040966 0.043884
0 0.681723 0.185808 0.028361 0.056022
0 0.391282 0.933707 0.031513 0.072829
2 0.431460 0.735294 0.075105 0.185808
1 0.753151 0.043884 0.031513 0.067227
0 0.679622 0.351074 0.022059 0.059757
0 0.636817 0.319795 0.030987 0.062558
0 0.494223 0.557423 0.028361 0.061625
0 0.579832 0.507937 0.031513 0.063492
0 0.658876 0.176937 0.027836 0.056956
0 0.603729 0.227358 0.030987 0.062558
0 0.620011 0.245098 0.026786 0.055089
0 0.664128 0.077031 0.027836 0.062558
0 0.306723 0.588702 0.040966 0.040149
0 0.325105 0.554155 0.037815 0.047619
0 0.333246 0.514472 0.039391 0.044818
0 0.252363 0.557890 0.039391 0.047619
0 0.279412 0.528945 0.037815 0.042017
0 0.285977 0.481793 0.039391 0.046685
0 0.212185 0.526144 0.034664 0.040149
0 0.231355 0.498133 0.040441 0.045752
0 0.240021 0.450980 0.034664 0.039216
0 0.164128 0.506069 0.041492 0.044818
0 0.182773 0.467320 0.040966 0.049486
0 0.199317 0.430439 0.038340 0.044818
0 0.716912 0.671335 0.040966 0.044818
0 0.718750 0.628385 0.036239 0.046685
0 0.725578 0.580299 0.036239 0.040149
0 0.745273 0.550887 0.040966 0.044818
0 0.753676 0.700280 0.034664 0.037348
0 0.775473 0.662465 0.040441 0.047619
0 0.778887 0.612979 0.042017 0.047619
0 0.803309 0.584034 0.043592 0.049486
0 0.792279 0.720822 0.039391 0.044818
0 0.828782 0.646125 0.040966 0.044818
0 0.840599 0.751634 0.040441 0.044818
0 0.880777 0.774043 0.043067 0.046685
0 0.926733 0.797852 0.040441 0.047619
1 0.573792 0.438375 0.041492 0.105509
1 0.474527 0.732026 0.026786 0.072829
0 0.549632 0.339869 0.032038 0.059757
0 0.149422 0.403361 0.040441 0.044818
0 0.134979 0.440243 0.040966 0.043884
0 0.105830 0.476190 0.041492 0.048553
0 0.101891 0.380952 0.040966 0.039216
0 0.064338 0.442110 0.041492 0.049486
0 0.093487 0.274977 0.038866 0.043884
0 0.147847 0.306723 0.044643 0.049486
0 0.054097 0.289916 0.035714 0.049486
0 0.595851 0.325864 0.030987 0.067227
0 0.691702 0.063959 0.026261 0.062558
1 0.533876 0.702614 0.056197 0.126050
3 0.595588 0.154995 0.010504 0.026144
2 0.066176 0.185808 0.087185 0.084034
0 0.972426 0.824930 0.048845 0.049486
0 0.037290 0.401494 0.025210 0.067227
0 0.009716 0.409430 0.020483 0.043884
