0 0.726190 0.516534 0.026786 0.041005
0 0.853423 0.708333 0.022321 0.027778
0 0.837426 0.674603 0.027530 0.034392
0 0.871652 0.592593 0.020089 0.047619
0 0.888765 0.648810 0.021577 0.048942
0 0.124256 0.599868 0.029762 0.035714
0 0.197545 0.489418 0.026042 0.034392
0 0.010417 0.620370 0.020833 0.047619
0 0.853051 0.171958 0.027530 0.034392
1 0.959449 0.113757 0.031994 0.042328
0 0.713170 0.148810 0.024554 0.043651
0 0.738839 0.226852 0.031250 0.030423
0 0.295387 0.230159 0.019345 0.055556
0 0.257440 0.208333 0.019345 0.048942
0 0.249256 0.155423 0.019345 0.054233
0 0.282366 0.150794 0.018601 0.044974
0 0.330729 0.179894 0.023065 0.052910
0 0.156622 0.645503 0.029018 0.039683
0 0.193080 0.625000 0.027530 0.033069
2 0.743304 0.296296 0.063988 0.031746
0 0.593750 0.169974 0.026786 0.041005
3 0.340030 0.242725 0.010417 0.030423
0 0.240699 0.535053 0.027530 0.041005
0 0.302083 0.488095 0.020833 0.042328
0 0.421875 0.770503 0.025298 0.046296
0 0.248140 0.589286 0.030506 0.035714
0 0.604167 0.748016 0.028274 0.030423
1 0.659598 0.716931 0.030506 0.037037
1 0.740699 0.605820 0.024554 0.037037
0 0.054688 0.676587 0.029018 0.035714
0 0.184896 0.601852 0.024554 0.031746
0 0.247396 0.561508 0.029018 0.035714
3 0.272321 0.525794 0.013393 0.019841
0 0.312128 0.527778 0.027530 0.039683
0 0.637277 0.654762 0.024554 0.042328
0 0.654390 0.679233 0.026042 0.041005
0 0.667411 0.607804 0.023810 0.041005
0 0.680804 0.635582 0.023810 0.041005
0 0.696801 0.562831 0.026042 0.038360
0 0.707217 0.595238 0.024554 0.037037
0 0.036830 0.218915 0.029018 0.038360
