0 0.032300 0.301120 0.035189 0.060691
0 0.035189 0.238562 0.040966 0.055089
0 0.644170 0.814192 0.038340 0.037348
0 0.511029 0.770308 0.028361 0.061625
0 0.468750 0.926237 0.035189 0.070962
0 0.442752 0.887955 0.034664 0.072829
0 0.659664 0.185808 0.031513 0.061625
3 0.413866 0.756303 0.012605 0.022409
3 0.380777 0.824463 0.010504 0.022409
3 0.456670 0.349673 0.016282 0.023343
0 0.309874 0.588702 0.039916 0.040149
0 0.327994 0.555556 0.038340 0.046685
0 0.337710 0.516807 0.038866 0.045752
0 0.255252 0.556956 0.039916 0.045752
0 0.283351 0.528945 0.038340 0.042017
0 0.289653 0.483660 0.039391 0.046685
0 0.214286 0.528945 0.037815 0.038282
0 0.232931 0.497199 0.040441 0.045752
0 0.242910 0.452848 0.034139 0.042951
0 0.167805 0.503735 0.041492 0.045752
0 0.185399 0.468721 0.039916 0.048553
0 0.200368 0.429972 0.038340 0.045752
0 0.716912 0.677871 0.040966 0.044818
0 0.725053 0.640523 0.036239 0.046685
0 0.720851 0.585901 0.036239 0.040149
0 0.743435 0.555556 0.040441 0.044818
0 0.750525 0.704015 0.034664 0.037348
0 0.792279 0.681139 0.040441 0.047619
0 0.842437 0.663399 0.043067 0.047619
0 0.801471 0.594771 0.040966 0.046685
0 0.790966 0.727358 0.038866 0.044818
0 0.836922 0.758170 0.040441 0.044818
0 0.881565 0.781513 0.042542 0.046685
0 0.925158 0.805789 0.040441 0.046685
0 0.069328 0.359944 0.042017 0.040149
0 0.110557 0.474323 0.041492 0.048553
0 0.068803 0.442110 0.040966 0.049486
0 0.111345 0.285247 0.038866 0.043884
0 0.169118 0.315593 0.044118 0.050420
0 0.067227 0.281979 0.039916 0.042951
2 0.491597 0.696545 0.039916 0.149393
0 0.793330 0.862278 0.040441 0.051354
0 0.940389 0.914099 0.036239 0.042951
1 0.589286 0.457049 0.029412 0.062558
1 0.390231 0.911765 0.089286 0.174603
0 0.696166 0.161064 0.026786 0.062558
0 0.617647 0.685808 0.031513 0.071895
0 0.598214 0.581699 0.024160 0.069094
2 0.535714 0.347806 0.081933 0.107376
0 0.740021 0.082633 0.032563 0.064426
0 0.778624 0.007003 0.030987 0.015873
0 0.585872 0.374883 0.028887 0.064426
0 0.607143 0.260971 0.029412 0.062558
0 0.972952 0.832400 0.048845 0.049486
0 0.039391 0.400093 0.025210 0.066293
0 0.013918 0.409430 0.028887 0.043884
