0 0.982143 0.274471 0.026786 0.033069
0 0.851935 0.713624 0.023810 0.025132
0 0.837426 0.681217 0.024554 0.029101
0 0.870908 0.598545 0.018601 0.046296
0 0.879464 0.687169 0.016369 0.046296
0 0.123884 0.601190 0.027530 0.033069
0 0.198661 0.490079 0.026786 0.035714
0 0.012649 0.620370 0.023810 0.047619
0 0.853423 0.178571 0.026786 0.031746
1 0.960565 0.119048 0.031250 0.037037
1 0.712054 0.154101 0.020833 0.041005
0 0.738095 0.231481 0.025298 0.023810
0 0.297991 0.229497 0.020089 0.056878
0 0.259301 0.208995 0.020089 0.050265
0 0.248512 0.156746 0.019345 0.054233
0 0.283110 0.152116 0.018601 0.044974
0 0.329985 0.182540 0.023065 0.055556
2 0.741443 0.300926 0.063244 0.033069
0 0.595610 0.171958 0.026042 0.042328
0 0.058408 0.678571 0.029018 0.037037
0 0.231771 0.574074 0.029018 0.034392
0 0.149926 0.623677 0.026042 0.038360
3 0.830729 0.314815 0.012649 0.018519
3 0.319940 0.281746 0.014881 0.039683
3 0.005952 0.701058 0.013393 0.021164
3 0.802455 0.209656 0.011161 0.019841
3 0.593378 0.679894 0.014137 0.021164
3 0.353795 0.648810 0.011161 0.019841
3 0.340402 0.236772 0.011161 0.034392
3 0.907738 0.276455 0.017857 0.018519
0 0.558036 0.351852 0.029762 0.031746
0 0.567708 0.394180 0.025298 0.026455
0 0.288318 0.062169 0.018601 0.044974
0 0.034598 0.727513 0.031994 0.037037
0 0.206845 0.647487 0.031250 0.038360
1 0.236979 0.628307 0.027530 0.029101
1 0.276786 0.605159 0.029762 0.033069
0 0.609747 0.341931 0.030506 0.030423
0 0.595982 0.381614 0.026786 0.022487
0 0.637277 0.380952 0.029018 0.026455
3 0.773065 0.343915 0.014881 0.015873
0 0.647693 0.645503 0.027530 0.039683
0 0.654018 0.681217 0.026786 0.042328
0 0.671131 0.605820 0.026786 0.042328
0 0.684152 0.632937 0.027530 0.046296
0 0.701265 0.558862 0.026042 0.038360
0 0.614955 0.750000 0.026042 0.034392
0 0.038690 0.216931 0.025298 0.037037
