0 0.707217 0.544974 0.024554 0.042328
0 0.797247 0.452381 0.033482 0.042328
0 0.853423 0.708333 0.022321 0.027778
0 0.837426 0.674603 0.027530 0.034392
0 0.871280 0.592593 0.019345 0.047619
0 0.890625 0.657407 0.020833 0.047619
0 0.123512 0.603836 0.031250 0.038360
0 0.196801 0.489418 0.026042 0.034392
0 0.009301 0.622354 0.020089 0.046296
0 0.853051 0.173280 0.027530 0.037037
1 0.959449 0.113757 0.031994 0.042328
0 0.713542 0.148810 0.025298 0.043651
0 0.738839 0.228175 0.031250 0.030423
0 0.293155 0.231481 0.019345 0.055556
0 0.256324 0.208333 0.018601 0.048942
0 0.248884 0.156085 0.018601 0.052910
0 0.281622 0.150794 0.018601 0.044974
0 0.327753 0.180556 0.021577 0.056878
0 0.160714 0.646825 0.028274 0.039683
0 0.202009 0.621032 0.031994 0.038360
0 0.318080 0.045635 0.012649 0.033069
2 0.743304 0.296296 0.063988 0.031746
0 0.593750 0.169974 0.026786 0.041005
3 0.339286 0.241402 0.010417 0.030423
0 0.146949 0.614418 0.027530 0.041005
0 0.222842 0.559524 0.023065 0.039683
0 0.260789 0.583995 0.031994 0.038360
0 0.745536 0.581349 0.023810 0.043651
1 0.807292 0.488095 0.026786 0.039683
1 0.939360 0.362434 0.024554 0.039683
0 0.075521 0.671958 0.031994 0.037037
3 0.180060 0.584656 0.013393 0.021164
0 0.172991 0.615079 0.026042 0.037037
0 0.605655 0.709656 0.023810 0.041005
0 0.623512 0.755952 0.023810 0.046296
0 0.640625 0.652116 0.023810 0.042328
0 0.667411 0.657407 0.025298 0.042328
0 0.673735 0.599868 0.026042 0.038360
0 0.698289 0.611111 0.024554 0.042328
0 0.034598 0.220899 0.029018 0.037037
