0 0.025735 0.338002 0.027311 0.072829
0 0.022847 0.265640 0.035189 0.066293
0 0.883666 0.909897 0.041492 0.051354
0 0.717437 0.112979 0.031513 0.067227
0 0.796744 0.794118 0.040966 0.043884
0 0.616071 0.381886 0.028361 0.056022
0 0.454307 0.745098 0.031513 0.072829
2 0.485819 0.574697 0.075630 0.178338
1 0.682773 0.258637 0.030462 0.067227
0 0.692752 0.455649 0.030462 0.056022
0 0.569065 0.525210 0.030987 0.062558
0 0.542542 0.418301 0.028361 0.061625
0 0.511292 0.688609 0.032038 0.068161
0 0.693015 0.088235 0.027836 0.056956
0 0.647059 0.121382 0.030462 0.057890
0 0.652574 0.161064 0.027836 0.053221
0 0.307248 0.588702 0.040966 0.040149
0 0.325630 0.554155 0.037815 0.047619
0 0.334034 0.515406 0.038866 0.044818
0 0.252889 0.557890 0.039391 0.047619
0 0.280462 0.528945 0.037815 0.042017
0 0.286502 0.481793 0.039391 0.046685
0 0.212185 0.525677 0.034664 0.039216
0 0.231355 0.498133 0.040441 0.045752
0 0.240021 0.451914 0.034664 0.039216
0 0.164653 0.507003 0.041492 0.044818
0 0.182773 0.467320 0.040966 0.049486
0 0.199317 0.430439 0.038340 0.044818
0 0.716912 0.671335 0.040966 0.044818
0 0.718225 0.630252 0.036239 0.046685
0 0.724527 0.581232 0.036239 0.040149
0 0.742647 0.549953 0.040966 0.044818
0 0.752626 0.700280 0.034664 0.037348
0 0.773897 0.662465 0.040441 0.047619
0 0.775210 0.612979 0.042017 0.047619
0 0.801733 0.585434 0.042542 0.048553
0 0.790704 0.720822 0.039391 0.044818
0 0.857931 0.662932 0.040441 0.044818
0 0.838498 0.751634 0.040441 0.044818
0 0.880777 0.775910 0.043067 0.046685
0 0.926733 0.799720 0.040441 0.047619
1 0.589811 0.385154 0.046218 0.105509
1 0.443540 0.867414 0.032038 0.078431
0 0.605830 0.229692 0.027836 0.061625
0 0.150473 0.405229 0.040441 0.044818
0 0.137605 0.440243 0.040966 0.043884
0 0.106880 0.476190 0.041492 0.048553
0 0.101366 0.378151 0.040966 0.039216
0 0.064863 0.442110 0.041492 0.049486
0 0.101628 0.282446 0.038340 0.043884
0 0.159664 0.311858 0.044118 0.050420
0 0.058036 0.288515 0.036239 0.048553
0 0.628676 0.245098 0.030462 0.064426
1 0.476891 0.871148 0.056723 0.128852
2 0.190126 0.257236 0.088235 0.090570
2 0.019433 0.152661 0.039916 0.079365
0 0.972426 0.825864 0.048845 0.049486
0 0.037815 0.401494 0.025210 0.067227
0 0.012080 0.409430 0.025210 0.043884
