0 0.638918 0.822596 0.059349 0.106443
0 0.934874 0.308123 0.047269 0.084034
0 0.423845 0.697479 0.066176 0.117647
0 0.665966 0.956116 0.066176 0.061625
0 0.709034 0.867414 0.059874 0.104575
0 0.764443 0.774043 0.056197 0.117647
0 0.821954 0.658263 0.053571 0.106443
0 0.930410 0.564893 0.059349 0.059757
0 0.879727 0.520075 0.056723 0.095238
0 0.948004 0.514472 0.063025 0.056022
0 0.933824 0.431373 0.047269 0.078431
0 0.644958 0.508870 0.044118 0.100840
0 0.546744 0.709150 0.056723 0.099907
0 0.744485 0.354809 0.053046 0.095238
0 0.784664 0.280112 0.059874 0.061625
0 0.716649 0.248833 0.060399 0.060691
0 0.804622 0.424370 0.053571 0.094304
0 0.436712 0.849673 0.068803 0.070962
0 0.840074 0.191877 0.049895 0.088702
0 0.880515 0.126050 0.049895 0.089636
0 0.916754 0.061625 0.049895 0.078431
3 0.715861 0.771242 0.018908 0.033613
3 0.977941 0.274043 0.022059 0.040149
3 0.740546 0.494398 0.022059 0.038282
3 0.804622 0.333800 0.018908 0.040149
3 0.689338 0.435107 0.028887 0.037348
3 0.583771 0.715219 0.014181 0.037348
3 0.920168 0.158730 0.018908 0.037348
3 0.828782 0.271709 0.023109 0.037348
