0 0.032038 0.301120 0.035714 0.060691
0 0.034664 0.239496 0.040966 0.055089
0 0.694590 0.826797 0.038340 0.042017
0 0.530987 0.711485 0.028361 0.061625
0 0.487658 0.886555 0.035189 0.068161
0 0.451155 0.863679 0.034664 0.072829
0 0.641019 0.233427 0.030987 0.063492
3 0.397584 0.813725 0.012605 0.023343
3 0.374475 0.854342 0.010504 0.022409
3 0.426471 0.336601 0.016807 0.023343
0 0.309611 0.588702 0.040441 0.040149
0 0.327994 0.555556 0.038340 0.046685
0 0.337447 0.516807 0.038340 0.045752
0 0.255252 0.556956 0.039916 0.045752
0 0.283351 0.528945 0.038340 0.042017
0 0.289653 0.482726 0.039391 0.046685
0 0.214286 0.528478 0.037815 0.039216
0 0.232931 0.497199 0.040441 0.045752
0 0.242384 0.452381 0.034139 0.042017
0 0.167805 0.503735 0.041492 0.045752
0 0.184874 0.468721 0.039916 0.048553
0 0.200368 0.429972 0.038340 0.045752
0 0.716912 0.676937 0.040966 0.044818
0 0.720851 0.637722 0.036239 0.046685
0 0.720851 0.584967 0.036239 0.040149
0 0.743435 0.554622 0.040441 0.044818
0 0.750525 0.703081 0.034664 0.037348
0 0.782826 0.673669 0.040441 0.047619
0 0.830620 0.654995 0.042542 0.047619
0 0.801471 0.593371 0.040966 0.047619
0 0.790966 0.726424 0.038866 0.044818
0 0.836922 0.757236 0.040441 0.044818
0 0.881565 0.780579 0.042542 0.046685
0 0.925158 0.805322 0.040441 0.047619
0 0.089023 0.368347 0.041492 0.040149
0 0.110557 0.474323 0.041492 0.048553
0 0.068540 0.442110 0.041492 0.049486
0 0.108718 0.283380 0.038866 0.043884
0 0.168592 0.315593 0.044118 0.050420
0 0.066702 0.281513 0.039916 0.043884
2 0.493435 0.665266 0.027836 0.148459
0 0.865809 0.907563 0.040441 0.052288
0 0.988708 0.941176 0.019433 0.042951
1 0.601891 0.419701 0.029412 0.062558
1 0.384191 0.935107 0.064601 0.122316
0 0.711397 0.114846 0.026786 0.061625
0 0.632353 0.714286 0.035714 0.069094
0 0.601628 0.617180 0.024685 0.069094
2 0.511555 0.364613 0.084034 0.090570
0 0.750525 0.046218 0.032563 0.064426
0 0.571691 0.414099 0.028887 0.068161
0 0.591387 0.301120 0.029412 0.062558
0 0.972952 0.832400 0.048845 0.049486
0 0.039916 0.400093 0.025210 0.066293
0 0.013918 0.409430 0.028887 0.043884
