0 0.683408 0.582672 0.024554 0.041005
0 0.716518 0.583995 0.026786 0.043651
0 0.853423 0.708333 0.022321 0.027778
0 0.837426 0.675265 0.027530 0.033069
0 0.870908 0.592593 0.020089 0.047619
0 0.889137 0.655423 0.020833 0.046296
0 0.121280 0.602513 0.031250 0.038360
0 0.196057 0.490079 0.026042 0.035714
0 0.009301 0.622354 0.020089 0.046296
0 0.853051 0.174603 0.027530 0.037037
1 0.959449 0.113757 0.031994 0.042328
0 0.713542 0.148810 0.025298 0.043651
0 0.738839 0.228175 0.031250 0.030423
0 0.293155 0.231481 0.019345 0.055556
0 0.255952 0.208333 0.017857 0.048942
0 0.248884 0.156085 0.018601 0.052910
0 0.281622 0.150794 0.018601 0.044974
0 0.327009 0.180556 0.021577 0.056878
0 0.183408 0.630952 0.027530 0.039683
0 0.250744 0.591270 0.032738 0.037037
0 0.343006 0.160053 0.013393 0.034392
2 0.743304 0.296296 0.063988 0.031746
0 0.593750 0.169974 0.026786 0.041005
3 0.339286 0.240079 0.010417 0.030423
0 0.071429 0.660714 0.025298 0.038360
0 0.177827 0.597222 0.023810 0.041005
0 0.321057 0.535053 0.031994 0.041005
0 0.834077 0.458995 0.026786 0.039683
1 0.922991 0.364418 0.033482 0.043651
3 0.136905 0.614418 0.011905 0.019841
0 0.106027 0.659392 0.026042 0.038360
0 0.549107 0.832672 0.022321 0.043651
0 0.570312 0.971561 0.021577 0.048942
0 0.585565 0.745370 0.023810 0.041005
0 0.623884 0.736772 0.024554 0.042328
0 0.641741 0.651455 0.024554 0.041005
0 0.664807 0.675265 0.023065 0.038360
0 0.034598 0.220899 0.029018 0.037037
