0 0.731771 0.511243 0.026042 0.041005
0 0.852307 0.710979 0.023065 0.027778
0 0.837426 0.679894 0.024554 0.031746
0 0.871280 0.591931 0.022321 0.043651
0 0.889137 0.652116 0.022321 0.044974
0 0.125000 0.598545 0.026786 0.038360
0 0.198661 0.491402 0.026786 0.035714
0 0.011905 0.618386 0.023810 0.048942
0 0.853423 0.177249 0.026786 0.031746
1 0.960565 0.117725 0.031250 0.037037
1 0.712054 0.150132 0.020833 0.041005
0 0.738839 0.231481 0.025298 0.023810
0 0.297991 0.229497 0.020089 0.056878
0 0.258929 0.208995 0.020833 0.050265
0 0.248884 0.155423 0.020089 0.054233
0 0.283110 0.151455 0.018601 0.043651
0 0.329985 0.177910 0.023065 0.048942
0 0.114211 0.677910 0.027530 0.035714
0 0.170387 0.637566 0.028274 0.034392
2 0.743304 0.295635 0.063988 0.030423
0 0.596354 0.171958 0.026042 0.042328
3 0.648065 0.284392 0.010417 0.015873
3 0.322173 0.281746 0.014881 0.039683
3 0.807292 0.218915 0.011905 0.019841
3 0.530878 0.949074 0.011161 0.030423
3 0.209449 0.677249 0.011161 0.015873
3 0.321801 0.137566 0.012649 0.034392
3 0.351190 0.244048 0.008929 0.019841
3 0.702753 0.309524 0.015625 0.018519
3 0.942708 0.251984 0.017857 0.019841
0 0.234375 0.560847 0.026786 0.037037
0 0.318824 0.508598 0.024554 0.030423
0 0.335193 0.381614 0.012649 0.048942
0 0.336682 0.300926 0.020089 0.043651
0 0.089658 0.726852 0.027530 0.035714
0 0.228051 0.603175 0.031994 0.037037
0 0.348586 0.578704 0.031994 0.030423
1 0.414435 0.628307 0.029762 0.039683
1 0.475818 0.721561 0.026042 0.035714
0 0.387277 0.455688 0.027530 0.038360
0 0.435268 0.453704 0.023810 0.023810
0 0.494048 0.425926 0.028274 0.029101
3 0.458705 0.405423 0.012649 0.019841
0 0.625744 0.380291 0.025298 0.025132
0 0.646205 0.642857 0.027530 0.039683
0 0.654390 0.680556 0.027530 0.043651
0 0.671875 0.605820 0.025298 0.039683
0 0.683408 0.634259 0.027530 0.043651
0 0.699033 0.560847 0.024554 0.042328
0 0.790551 0.462302 0.024554 0.035714
0 0.819568 0.456349 0.027530 0.047619
0 0.038318 0.217593 0.026042 0.038360
