0 0.742560 0.497354 0.025298 0.042328
0 0.853051 0.710317 0.023065 0.026455
0 0.837426 0.679894 0.024554 0.031746
0 0.871652 0.593254 0.020089 0.043651
0 0.888393 0.654762 0.020833 0.044974
0 0.124256 0.599206 0.026786 0.037037
0 0.198661 0.491402 0.026786 0.035714
0 0.011905 0.619048 0.023810 0.050265
0 0.853423 0.177249 0.026786 0.031746
1 0.960565 0.117725 0.031250 0.037037
1 0.712054 0.150132 0.020833 0.041005
0 0.738839 0.231481 0.025298 0.023810
0 0.297991 0.229497 0.020089 0.056878
0 0.258929 0.208995 0.020833 0.050265
0 0.248884 0.155423 0.020089 0.054233
0 0.283110 0.151455 0.018601 0.043651
0 0.329985 0.178571 0.023065 0.050265
0 0.088170 0.697090 0.031994 0.037037
0 0.149926 0.648148 0.030506 0.037037
2 0.743304 0.294974 0.063988 0.031746
0 0.596354 0.171958 0.026042 0.042328
3 0.657738 0.289683 0.010417 0.015873
3 0.321429 0.281746 0.014881 0.039683
3 0.805804 0.214286 0.011905 0.021164
3 0.535342 0.884259 0.011161 0.033069
3 0.228795 0.666667 0.011161 0.015873
3 0.324405 0.152116 0.011905 0.034392
3 0.347470 0.218254 0.008929 0.021164
3 0.716518 0.316138 0.016369 0.018519
3 0.957589 0.240741 0.017857 0.018519
0 0.293155 0.519841 0.025298 0.037037
0 0.368676 0.484788 0.024554 0.030423
0 0.338914 0.346561 0.014137 0.047619
0 0.329985 0.267196 0.023065 0.044974
0 0.034970 0.757275 0.026786 0.033069
0 0.214658 0.611111 0.031994 0.037037
0 0.318080 0.581349 0.030506 0.030423
1 0.382440 0.602513 0.029762 0.035714
1 0.443080 0.684524 0.026042 0.038360
0 0.429688 0.423942 0.027530 0.038360
0 0.467262 0.436508 0.023810 0.023810
0 0.529018 0.408730 0.028274 0.029101
3 0.495164 0.382937 0.012649 0.019841
0 0.696057 0.367725 0.027530 0.026455
0 0.646205 0.641534 0.027530 0.039683
0 0.654390 0.679894 0.027530 0.044974
0 0.671875 0.605159 0.025298 0.041005
0 0.684152 0.633598 0.027530 0.044974
0 0.700149 0.562169 0.023810 0.039683
0 0.827381 0.410053 0.025298 0.039683
0 0.790923 0.490079 0.026786 0.043651
0 0.038318 0.217593 0.026042 0.038360
