0 0.733259 0.510582 0.024554 0.042328
0 0.852307 0.710979 0.023065 0.027778
0 0.837426 0.679894 0.024554 0.031746
0 0.871280 0.591931 0.022321 0.043651
0 0.889137 0.653439 0.022321 0.044974
0 0.125000 0.598545 0.026786 0.038360
0 0.198661 0.491402 0.026786 0.035714
0 0.011905 0.618386 0.023810 0.048942
0 0.853423 0.177249 0.026786 0.031746
1 0.960565 0.117725 0.031250 0.037037
1 0.712054 0.150132 0.020833 0.041005
0 0.738839 0.231481 0.025298 0.023810
0 0.297991 0.229497 0.020089 0.056878
0 0.258929 0.208995 0.020833 0.050265
0 0.248884 0.155423 0.020089 0.054233
0 0.283110 0.151455 0.018601 0.043651
0 0.329985 0.177910 0.023065 0.048942
0 0.111607 0.679233 0.034226 0.038360
0 0.166295 0.640873 0.029018 0.038360
2 0.743304 0.295635 0.063988 0.030423
0 0.596354 0.171958 0.026042 0.042328
3 0.648810 0.284392 0.010417 0.015873
3 0.322173 0.281746 0.014881 0.039683
3 0.807292 0.218254 0.011905 0.021164
3 0.531622 0.939815 0.011161 0.030423
3 0.212426 0.675926 0.011161 0.015873
3 0.322173 0.138889 0.011905 0.034392
3 0.350446 0.241402 0.008929 0.019841
3 0.704241 0.310847 0.015625 0.018519
3 0.944940 0.250661 0.017857 0.019841
0 0.242560 0.559524 0.026786 0.037037
0 0.326265 0.505952 0.024554 0.030423
0 0.335565 0.376323 0.013393 0.046296
0 0.336682 0.295635 0.020089 0.043651
0 0.082589 0.730820 0.026786 0.035714
0 0.226562 0.604497 0.031994 0.037037
0 0.344122 0.578704 0.031994 0.030423
1 0.409226 0.624339 0.029762 0.039683
1 0.471354 0.716270 0.026042 0.035714
0 0.395089 0.454365 0.032738 0.038360
0 0.439732 0.451058 0.023810 0.023810
0 0.499256 0.423280 0.028274 0.029101
3 0.463170 0.405423 0.012649 0.019841
0 0.636161 0.375000 0.026786 0.025132
0 0.646205 0.642857 0.027530 0.039683
0 0.654390 0.679894 0.027530 0.044974
0 0.671875 0.605820 0.025298 0.039683
0 0.683408 0.634259 0.027530 0.043651
0 0.699033 0.563492 0.024554 0.039683
0 0.797619 0.448413 0.025298 0.039683
0 0.815104 0.461640 0.027530 0.047619
0 0.038318 0.217593 0.026042 0.038360
