0 0.032826 0.301120 0.034139 0.060691
0 0.036239 0.238562 0.039916 0.055089
0 0.556985 0.830999 0.038340 0.048553
0 0.471113 0.883754 0.028361 0.062558
0 0.696429 0.087768 0.030462 0.061625
3 0.452731 0.636788 0.012605 0.022409
3 0.395483 0.757236 0.010504 0.022409
3 0.514443 0.352007 0.016282 0.024276
0 0.310137 0.588702 0.040441 0.040149
0 0.328519 0.556022 0.038340 0.045752
0 0.338498 0.517740 0.038340 0.045752
0 0.255777 0.556956 0.039916 0.045752
0 0.283876 0.528945 0.038340 0.042017
0 0.289653 0.483660 0.039391 0.046685
0 0.214811 0.528945 0.037815 0.038282
0 0.233456 0.497199 0.040441 0.045752
0 0.243960 0.453782 0.034139 0.042951
0 0.168330 0.504202 0.041492 0.044818
0 0.185924 0.468721 0.039916 0.048553
0 0.198792 0.429972 0.038340 0.045752
0 0.716912 0.679739 0.040966 0.044818
0 0.742647 0.652194 0.040966 0.047619
0 0.720851 0.586835 0.036239 0.040149
0 0.742910 0.558357 0.040441 0.044818
0 0.750263 0.705882 0.034139 0.037348
0 0.825105 0.701681 0.040966 0.047619
0 0.870536 0.682073 0.043592 0.047619
0 0.801996 0.597572 0.040966 0.046685
0 0.790441 0.729225 0.038866 0.044818
0 0.836922 0.759104 0.040441 0.044818
0 0.881565 0.783380 0.042542 0.046685
0 0.925158 0.807190 0.040441 0.047619
0 0.035714 0.353408 0.042017 0.040149
0 0.111082 0.474323 0.041492 0.048553
0 0.069065 0.442110 0.040441 0.049486
0 0.116071 0.288049 0.038866 0.043884
0 0.169643 0.316527 0.044118 0.050420
0 0.069328 0.281046 0.039916 0.041083
2 0.482143 0.755836 0.056723 0.146592
0 0.666229 0.799720 0.040441 0.038282
0 0.822742 0.849206 0.036239 0.038282
1 0.564076 0.529879 0.029412 0.062558
1 0.425683 0.826797 0.082458 0.213819
0 0.356880 0.964519 0.030987 0.069094
0 0.671218 0.248833 0.026261 0.062558
0 0.600053 0.619048 0.026786 0.072829
0 0.597164 0.504202 0.024160 0.069094
2 0.576943 0.301587 0.068803 0.128852
0 0.720063 0.135387 0.032563 0.065359
0 0.757616 0.047152 0.030987 0.058824
0 0.625000 0.278711 0.029412 0.062558
0 0.631303 0.191877 0.029412 0.062558
0 0.972952 0.834267 0.048845 0.049486
0 0.038866 0.401027 0.025210 0.066293
0 0.014181 0.409430 0.029412 0.043884
