0 0.398109 0.044351 0.050420 0.084967
0 0.553571 0.084500 0.031513 0.083100
0 0.313813 0.110644 0.030987 0.088702
0 0.407563 0.129785 0.028361 0.089636
0 0.408876 0.227358 0.028887 0.090570
0 0.582195 0.163399 0.044643 0.085901
0 0.614233 0.174136 0.056197 0.071895
0 0.627101 0.244631 0.054622 0.084034
0 0.569853 0.244631 0.028361 0.084034
0 0.583246 0.319795 0.049895 0.088702
0 0.581933 0.448646 0.032563 0.111111
0 0.345326 0.315126 0.056197 0.083100
0 0.349790 0.392624 0.059874 0.055089
0 0.345851 0.477591 0.060399 0.088702
0 0.299895 0.502334 0.047269 0.110177
0 0.226103 0.556956 0.068803 0.056956
0 0.113445 0.559290 0.075630 0.063492
0 0.647847 0.591503 0.068803 0.077498
0 0.420693 0.671335 0.040966 0.121382
0 0.271271 0.704482 0.075105 0.071895
0 0.176208 0.792250 0.063550 0.112979
0 0.141544 0.778711 0.057248 0.117647
0 0.074055 0.485528 0.075630 0.072829
0 0.601628 0.800187 0.035189 0.121382
0 0.310662 0.791317 0.046744 0.111111
0 0.413866 0.869748 0.035714 0.118581
0 0.711134 0.930906 0.044118 0.136321
3 0.494223 0.251167 0.014706 0.044818
3 0.534664 0.410364 0.016807 0.055089
3 0.475053 0.715219 0.016282 0.054155
3 0.554359 0.903361 0.016282 0.055089
3 0.546744 0.314192 0.010504 0.038282
