0 0.989211 0.266534 0.020089 0.035714
0 0.852307 0.713624 0.023065 0.025132
0 0.836682 0.681878 0.024554 0.027778
0 0.870908 0.598545 0.018601 0.046296
0 0.879464 0.688492 0.016369 0.046296
0 0.123884 0.601190 0.027530 0.033069
0 0.198661 0.490079 0.026786 0.035714
0 0.012649 0.620370 0.023810 0.047619
0 0.853423 0.178571 0.026786 0.031746
1 0.960565 0.119048 0.031250 0.037037
1 0.712798 0.154101 0.020833 0.041005
0 0.738095 0.231481 0.025298 0.023810
0 0.297991 0.229497 0.020089 0.056878
0 0.259301 0.208995 0.020089 0.050265
0 0.248512 0.156746 0.019345 0.054233
0 0.283110 0.152116 0.018601 0.044974
0 0.329985 0.181217 0.023065 0.055556
2 0.741443 0.300926 0.063244 0.033069
0 0.595610 0.171958 0.026042 0.042328
0 0.067708 0.672619 0.028274 0.035714
0 0.239955 0.570767 0.029018 0.033069
0 0.161830 0.615741 0.026042 0.038360
3 0.839658 0.314815 0.012649 0.018519
3 0.319940 0.281746 0.014881 0.039683
3 0.010417 0.697090 0.014881 0.021164
3 0.802455 0.209656 0.011161 0.019841
3 0.594866 0.678571 0.014137 0.021164
3 0.357515 0.649471 0.011161 0.021164
3 0.340402 0.234127 0.011161 0.034392
3 0.915179 0.273810 0.017857 0.018519
0 0.561012 0.350529 0.029762 0.031746
0 0.569940 0.392857 0.025298 0.026455
0 0.286086 0.048942 0.018601 0.044974
0 0.026042 0.732143 0.031250 0.035714
0 0.206845 0.647487 0.031250 0.038360
1 0.236235 0.629630 0.027530 0.029101
1 0.275298 0.606481 0.029762 0.033069
0 0.611979 0.341931 0.030506 0.030423
0 0.596354 0.381614 0.027530 0.022487
0 0.638765 0.380952 0.029018 0.026455
3 0.781994 0.343915 0.014881 0.015873
0 0.647693 0.645503 0.027530 0.039683
0 0.654018 0.682540 0.026786 0.042328
0 0.671131 0.605820 0.026786 0.042328
0 0.684152 0.632937 0.027530 0.046296
0 0.702009 0.557540 0.026042 0.038360
0 0.608631 0.750661 0.026786 0.033069
0 0.038690 0.216931 0.025298 0.037037
