0 0.034401 0.300187 0.033088 0.056956
0 0.037290 0.238095 0.038866 0.056022
0 0.489758 0.885621 0.035189 0.062558
3 0.493172 0.525210 0.013655 0.023343
3 0.327731 0.986461 0.012605 0.019608
3 0.408876 0.690943 0.009979 0.022409
3 0.555147 0.311858 0.014706 0.029879
0 0.310399 0.588702 0.039916 0.040149
0 0.328782 0.556022 0.037815 0.045752
0 0.339023 0.517740 0.038340 0.045752
0 0.255777 0.556956 0.039916 0.045752
0 0.284401 0.528945 0.038340 0.042017
0 0.290179 0.484594 0.039391 0.046685
0 0.215861 0.528478 0.037815 0.037348
0 0.233981 0.497199 0.040441 0.045752
0 0.243960 0.452848 0.034139 0.041083
0 0.168855 0.504669 0.041492 0.045752
0 0.186450 0.468721 0.039916 0.048553
0 0.172006 0.415033 0.038340 0.045752
0 0.716912 0.680672 0.040966 0.044818
0 0.764706 0.669001 0.040966 0.047619
0 0.721376 0.589636 0.036239 0.040149
0 0.742647 0.560224 0.040966 0.044818
0 0.750263 0.706816 0.034139 0.037348
0 0.875788 0.733427 0.040441 0.047619
0 0.909401 0.706349 0.043592 0.047619
0 0.802258 0.597572 0.040441 0.046685
0 0.790179 0.731092 0.038340 0.044818
0 0.836922 0.760037 0.040441 0.044818
0 0.881565 0.785247 0.042542 0.046685
0 0.925158 0.808590 0.040441 0.046685
0 0.019170 0.353875 0.039391 0.039216
0 0.111607 0.473389 0.041492 0.048553
0 0.069328 0.442110 0.039916 0.049486
0 0.118172 0.288982 0.038866 0.043884
0 0.170693 0.316527 0.044118 0.050420
0 0.074055 0.279178 0.039916 0.041083
2 0.465599 0.809524 0.062500 0.147526
0 0.576418 0.806256 0.037290 0.047619
0 0.717174 0.805789 0.035189 0.037348
1 0.545168 0.592437 0.029412 0.062558
1 0.464286 0.716620 0.081933 0.206349
0 0.408613 0.790850 0.030462 0.067227
0 0.653887 0.335668 0.026261 0.062558
0 0.590074 0.535481 0.022584 0.073763
0 0.605042 0.403361 0.024160 0.069094
2 0.603729 0.248833 0.061450 0.142857
0 0.715861 0.148459 0.032563 0.065359
0 0.749737 0.067227 0.030987 0.061625
0 0.664391 0.168534 0.027311 0.064426
0 0.648634 0.141457 0.029412 0.062558
0 0.972952 0.836134 0.048845 0.049486
0 0.040441 0.401027 0.025210 0.066293
0 0.014443 0.409430 0.029937 0.043884
