0 0.025735 0.331933 0.027311 0.070028
0 0.022847 0.262838 0.035189 0.066293
0 0.830620 0.879085 0.041492 0.051354
0 0.692752 0.187208 0.031513 0.066293
0 0.746586 0.776377 0.040441 0.043884
0 0.591649 0.450980 0.027836 0.056022
0 0.474265 0.685341 0.031513 0.070962
2 0.503676 0.524276 0.075630 0.178338
1 0.653361 0.345472 0.030462 0.067227
0 0.711397 0.483660 0.035189 0.050420
0 0.543855 0.595238 0.030987 0.068161
0 0.560399 0.368814 0.028361 0.061625
0 0.487658 0.756769 0.032038 0.068161
0 0.701943 0.056489 0.026786 0.058824
0 0.666754 0.126050 0.025735 0.052288
0 0.307511 0.588702 0.040441 0.040149
0 0.325893 0.554155 0.038340 0.047619
0 0.334296 0.515406 0.039391 0.044818
0 0.252889 0.557890 0.039391 0.047619
0 0.280462 0.528945 0.037815 0.042017
0 0.287027 0.481793 0.039391 0.046685
0 0.212185 0.525677 0.034664 0.039216
0 0.231355 0.498133 0.040441 0.045752
0 0.240021 0.451914 0.034664 0.039216
0 0.164653 0.507003 0.041492 0.044818
0 0.183036 0.467787 0.040441 0.048553
0 0.199317 0.430439 0.038340 0.044818
0 0.716912 0.672269 0.040966 0.044818
0 0.718225 0.630252 0.036239 0.046685
0 0.724002 0.581232 0.036239 0.040149
0 0.742647 0.551821 0.040966 0.044818
0 0.752626 0.700280 0.034664 0.037348
0 0.772847 0.661531 0.040441 0.047619
0 0.774685 0.613912 0.042017 0.047619
0 0.800945 0.585901 0.042017 0.049486
0 0.790179 0.720822 0.039391 0.044818
0 0.878939 0.676004 0.040441 0.044818
0 0.838498 0.751634 0.040441 0.044818
0 0.880777 0.775910 0.043067 0.046685
0 0.926733 0.799720 0.040441 0.047619
1 0.598477 0.358077 0.046744 0.105509
0 0.623424 0.190476 0.027311 0.061625
0 0.150998 0.405229 0.040441 0.044818
0 0.137605 0.440243 0.040966 0.043884
0 0.106880 0.476190 0.041492 0.048553
0 0.099265 0.378151 0.040966 0.039216
0 0.064863 0.442110 0.041492 0.049486
0 0.101628 0.282446 0.038340 0.043884
0 0.163340 0.313725 0.044118 0.050420
0 0.058824 0.287582 0.036765 0.048553
0 0.640756 0.212418 0.030462 0.062558
2 0.231618 0.284781 0.087185 0.093371
2 0.048845 0.169468 0.077731 0.083100
0 0.372111 0.976657 0.032038 0.044818
0 0.357668 0.954715 0.030462 0.070028
0 0.972426 0.826797 0.048845 0.049486
0 0.038340 0.401494 0.025210 0.067227
0 0.012868 0.409430 0.026786 0.043884
