0 0.418855 0.051354 0.049895 0.089636
0 0.568803 0.105042 0.031513 0.083100
0 0.330095 0.116246 0.030987 0.088702
0 0.424370 0.135387 0.028361 0.089636
0 0.422794 0.234827 0.028361 0.090570
0 0.600840 0.183940 0.048319 0.087768
0 0.627363 0.190009 0.056197 0.071895
0 0.632878 0.261438 0.055672 0.080299
0 0.585609 0.268908 0.028361 0.095238
0 0.604779 0.342204 0.049895 0.088702
0 0.589811 0.466853 0.031513 0.100840
0 0.388393 0.305322 0.051996 0.087768
0 0.370536 0.395425 0.056197 0.056956
0 0.363971 0.471989 0.059874 0.088702
0 0.318277 0.499066 0.043067 0.111111
0 0.244485 0.548553 0.068803 0.056956
0 0.133403 0.542484 0.067227 0.056022
0 0.649422 0.606909 0.065651 0.067227
0 0.446166 0.672269 0.049895 0.104575
0 0.288866 0.694678 0.073529 0.074697
0 0.197216 0.736228 0.063550 0.112979
0 0.161765 0.726424 0.057773 0.112045
0 0.097689 0.469188 0.068277 0.068161
0 0.605830 0.779178 0.035189 0.122316
0 0.321166 0.786648 0.046744 0.107376
0 0.418592 0.845472 0.035714 0.118581
0 0.710609 0.960317 0.044118 0.075630
3 0.491071 0.326797 0.015756 0.044818
3 0.540704 0.294585 0.016282 0.045752
3 0.476103 0.832866 0.016282 0.054155
3 0.554097 0.737162 0.015756 0.055089
3 0.572479 0.381886 0.017857 0.056022
