0 0.027311 0.310458 0.037815 0.066293
0 0.029412 0.249767 0.040966 0.060691
0 0.696691 0.199813 0.027836 0.057890
0 0.676996 0.799253 0.043067 0.044818
0 0.596113 0.462652 0.034664 0.071895
0 0.597952 0.775910 0.040441 0.044818
0 0.507616 0.686275 0.027836 0.061625
0 0.529674 0.527077 0.030987 0.066293
2 0.567752 0.343137 0.075630 0.178338
1 0.544905 0.668067 0.034139 0.073763
0 0.816439 0.554622 0.035189 0.044818
0 0.458771 0.843604 0.030987 0.071895
0 0.625788 0.190476 0.028887 0.061625
3 0.100840 0.166200 0.016807 0.018674
0 0.308036 0.588702 0.040441 0.040149
0 0.326681 0.554622 0.037815 0.046685
0 0.335347 0.515873 0.039391 0.045752
0 0.253676 0.557423 0.039916 0.046685
0 0.281513 0.528945 0.037815 0.042017
0 0.288078 0.481793 0.039391 0.046685
0 0.213235 0.525677 0.035714 0.039216
0 0.231880 0.497199 0.040441 0.045752
0 0.240021 0.451914 0.034664 0.039216
0 0.166229 0.506069 0.041492 0.044818
0 0.183036 0.467787 0.040441 0.048553
0 0.199842 0.430439 0.038340 0.044818
0 0.716912 0.673203 0.040966 0.044818
0 0.718225 0.632120 0.036239 0.046685
0 0.722426 0.582166 0.036239 0.040149
0 0.743172 0.556489 0.040966 0.044818
0 0.751576 0.700280 0.034664 0.037348
0 0.770746 0.661531 0.040441 0.047619
0 0.781513 0.620448 0.042017 0.047619
0 0.798845 0.587768 0.040966 0.047619
0 0.789653 0.722689 0.039391 0.044818
0 0.975578 0.732026 0.040441 0.044818
0 0.837447 0.753501 0.040441 0.044818
0 0.881303 0.778711 0.043067 0.046685
0 0.925683 0.800654 0.040441 0.047619
1 0.640231 0.236695 0.046218 0.099907
0 0.152048 0.407096 0.040441 0.044818
0 0.128676 0.436041 0.040966 0.052288
0 0.108456 0.476190 0.041492 0.048553
0 0.057248 0.355275 0.044118 0.036415
0 0.065389 0.442110 0.041492 0.049486
0 0.102416 0.281513 0.038866 0.043884
0 0.164916 0.313725 0.044118 0.050420
0 0.063025 0.284314 0.038866 0.045752
2 0.372637 0.392624 0.083508 0.107376
1 0.730567 0.053688 0.029412 0.062558
0 0.957983 0.917367 0.042017 0.049486
0 0.833246 0.846405 0.036239 0.049486
2 0.222164 0.261438 0.087185 0.089636
0 0.474527 0.686741 0.029937 0.064426
0 0.454307 0.666667 0.030462 0.059757
0 0.972426 0.827731 0.048845 0.049486
0 0.039391 0.402428 0.025210 0.067227
0 0.013393 0.409430 0.027836 0.043884
