0 0.334034 0.376751 0.037815 0.047619
0 0.640494 0.764706 0.043592 0.044818
0 0.712710 0.856209 0.044118 0.039216
0 0.698529 0.721755 0.043067 0.063492
0 0.387605 0.858543 0.035714 0.081232
0 0.434086 0.818861 0.029937 0.070962
0 0.321691 0.283847 0.043592 0.048553
0 0.402574 0.651727 0.044643 0.050420
0 0.453256 0.628385 0.038866 0.046685
0 0.492384 0.608777 0.041492 0.046685
0 0.292542 0.582633 0.047269 0.050420
0 0.346639 0.564426 0.044118 0.049486
0 0.285977 0.470588 0.043592 0.056022
0 0.172006 0.508403 0.038340 0.043884
0 0.233981 0.498599 0.046744 0.046685
0 0.209559 0.428571 0.036765 0.044818
0 0.114758 0.485061 0.045693 0.047619
0 0.141282 0.448179 0.043067 0.041083
0 0.157826 0.401494 0.040441 0.046685
0 0.754989 0.681139 0.042542 0.047619
0 0.670693 0.581232 0.040966 0.045752
0 0.638918 0.500934 0.039391 0.042017
0 0.710084 0.492063 0.040966 0.044818
0 0.796481 0.707750 0.033088 0.039216
0 0.787553 0.647526 0.042542 0.047619
0 0.771271 0.578898 0.042542 0.050420
0 0.810399 0.546218 0.048319 0.050420
0 0.842437 0.729692 0.040966 0.047619
0 0.857668 0.627918 0.044118 0.045752
0 0.897584 0.766573 0.046218 0.050420
0 0.944853 0.675537 0.046218 0.047619
0 0.947742 0.792717 0.045693 0.050420
0 0.989496 0.818394 0.018908 0.053221
1 0.782038 0.760971 0.066176 0.070962
0 0.214811 0.267040 0.044118 0.052288
1 0.068277 0.169935 0.046218 0.056022
0 0.098739 0.372549 0.045168 0.050420
0 0.083508 0.413632 0.040966 0.052288
0 0.053571 0.455649 0.043067 0.048553
0 0.042017 0.342670 0.040966 0.044818
0 0.054097 0.231559 0.045168 0.050420
0 0.900210 0.604108 0.046218 0.054155
0 0.388130 0.942110 0.034664 0.082166
0 0.484244 0.347339 0.049370 0.056022
0 0.655462 0.192344 0.026261 0.069094
0 0.683298 0.126050 0.030462 0.067227
0 0.633929 0.147526 0.032563 0.070962
0 0.709034 0.042017 0.031513 0.067227
0 0.671481 0.056022 0.033088 0.072829
0 0.965599 0.741363 0.043592 0.050420
3 0.521008 0.285247 0.012605 0.025210
