0 0.900473 0.170868 0.062500 0.059757
0 0.856092 0.265173 0.068277 0.057890
0 0.960872 0.504202 0.044643 0.091503
0 0.914916 0.120448 0.064076 0.070962
0 0.970326 0.095238 0.044643 0.080299
0 0.882878 0.380019 0.051471 0.093371
0 0.761292 0.211485 0.049895 0.083100
0 0.826418 0.336601 0.051996 0.084967
0 0.780200 0.408964 0.047794 0.089636
0 0.947216 0.601307 0.065651 0.072829
0 0.969013 0.652194 0.059874 0.066293
0 0.950105 0.714753 0.072479 0.066293
0 0.894433 0.642857 0.051471 0.094304
0 0.873950 0.714286 0.065126 0.059757
0 0.812237 0.802521 0.051996 0.099907
0 0.695378 0.387488 0.031513 0.095238
0 0.668855 0.448179 0.053046 0.089636
0 0.628939 0.494398 0.040441 0.099907
0 0.587973 0.459384 0.043592 0.104575
0 0.524160 0.408030 0.054622 0.087768
0 0.463235 0.281046 0.056723 0.089636
0 0.792017 0.972456 0.072479 0.053221
0 0.546744 0.949113 0.058824 0.090570
0 0.494748 0.554622 0.051471 0.112045
0 0.421218 0.481793 0.063025 0.063492
0 0.411239 0.436041 0.059874 0.069094
0 0.462447 0.193744 0.050945 0.094304
0 0.399422 0.115780 0.044643 0.082166
1 0.286765 0.076564 0.070378 0.106443
0 0.313550 0.222689 0.050420 0.066293
0 0.481355 0.659197 0.057248 0.072829
0 0.523109 0.827264 0.057773 0.100840
0 0.442227 0.957983 0.063025 0.080299
3 0.657038 0.719888 0.025210 0.046685
3 0.886292 0.556022 0.019433 0.043884
3 0.762605 0.843137 0.017857 0.056022
