0 0.369485 0.936041 0.030987 0.077498
0 0.723739 0.085434 0.031513 0.062558
0 0.460084 0.752568 0.022059 0.065359
0 0.493697 0.895892 0.036765 0.068161
0 0.597426 0.452848 0.024685 0.067227
0 0.506565 0.494865 0.030987 0.072829
0 0.545693 0.441643 0.028361 0.059757
0 0.576943 0.286648 0.033088 0.065359
0 0.301471 0.589169 0.047269 0.052288
0 0.318277 0.549486 0.037815 0.047619
0 0.327994 0.510738 0.039391 0.044818
0 0.241859 0.558824 0.039391 0.047619
0 0.272059 0.521475 0.037815 0.042017
0 0.274422 0.471989 0.044643 0.049486
0 0.196954 0.521475 0.037815 0.040149
0 0.215861 0.489262 0.042017 0.046685
0 0.226891 0.445378 0.034664 0.039216
0 0.145483 0.497666 0.044118 0.048553
0 0.164653 0.457516 0.044643 0.048553
0 0.183561 0.423436 0.038340 0.045752
0 0.731092 0.676471 0.042017 0.047619
0 0.730830 0.628852 0.039391 0.047619
0 0.735557 0.577498 0.036239 0.040149
0 0.756828 0.549020 0.040966 0.044818
0 0.767857 0.702148 0.034664 0.037348
0 0.787027 0.663399 0.040441 0.047619
0 0.790441 0.613912 0.042017 0.047619
0 0.819853 0.579832 0.045168 0.050420
0 0.808561 0.724556 0.039391 0.044818
0 0.846639 0.645191 0.040966 0.044818
0 0.857143 0.755369 0.043067 0.050420
0 0.899947 0.672736 0.043592 0.049486
0 0.904412 0.779178 0.045168 0.055089
0 0.953782 0.807656 0.043067 0.048553
0 0.697479 0.831466 0.040966 0.049486
1 0.576943 0.595705 0.045693 0.112045
0 0.450105 0.612512 0.025210 0.067227
1 0.418855 0.450514 0.039391 0.062558
0 0.324580 0.353875 0.037815 0.044818
0 0.131040 0.393091 0.040441 0.044818
0 0.115546 0.429972 0.042017 0.047619
0 0.088235 0.468721 0.042017 0.050420
0 0.078782 0.366013 0.040966 0.039216
0 0.044118 0.437442 0.042017 0.051354
0 0.035189 0.239496 0.040966 0.040149
0 0.093750 0.267040 0.047794 0.052288
0 0.029149 0.271242 0.040441 0.049486
0 0.519958 0.541083 0.031513 0.070028
0 0.641807 0.137722 0.032563 0.068161
0 0.649685 0.193277 0.028361 0.061625
0 0.681197 0.121849 0.028361 0.062558
1 0.666492 0.295051 0.056723 0.123249
0 0.989233 0.834267 0.018382 0.049486
0 0.012342 0.390289 0.024685 0.067227
