0 0.612658 0.842670 0.061450 0.109244
0 0.918067 0.317927 0.049370 0.084967
0 0.420693 0.676004 0.066176 0.117647
0 0.665441 0.927171 0.066176 0.061625
0 0.707983 0.838469 0.059874 0.104575
0 0.762342 0.746965 0.056197 0.117647
0 0.822216 0.630719 0.054097 0.105509
0 0.927784 0.537815 0.059349 0.059757
0 0.877889 0.495798 0.057248 0.095238
0 0.945903 0.488329 0.063025 0.056022
0 0.931723 0.408030 0.047269 0.078431
0 0.645483 0.488329 0.044118 0.100840
0 0.546744 0.688142 0.056723 0.098973
0 0.743960 0.335201 0.053046 0.093371
0 0.783613 0.257703 0.059874 0.061625
0 0.715599 0.225490 0.060399 0.060691
0 0.824317 0.363212 0.053046 0.089636
0 0.436712 0.818861 0.068803 0.070962
0 0.839023 0.171335 0.049895 0.088702
0 0.878414 0.104108 0.049895 0.086835
0 0.914653 0.043417 0.049895 0.075630
3 0.697479 0.772176 0.018908 0.033613
3 0.966387 0.264706 0.022059 0.040149
3 0.754202 0.441176 0.022059 0.038282
3 0.815126 0.296452 0.018908 0.040149
3 0.689601 0.412232 0.029412 0.038282
3 0.589023 0.670401 0.014181 0.037348
3 0.932773 0.110177 0.018908 0.037348
3 0.827994 0.250233 0.023634 0.037348
