0 0.503720 0.985450 0.022321 0.023810
0 0.853051 0.708995 0.023065 0.029101
0 0.837426 0.675926 0.027530 0.031746
0 0.870164 0.591931 0.020089 0.048942
0 0.887649 0.657407 0.020833 0.047619
0 0.831101 0.464286 0.026786 0.042328
0 0.796503 0.505291 0.023065 0.044974
0 0.123512 0.605159 0.031250 0.035714
0 0.196429 0.495370 0.026786 0.035714
0 0.009301 0.621693 0.020089 0.050265
0 0.852679 0.174603 0.028274 0.034392
1 0.957961 0.114418 0.033482 0.041005
0 0.712798 0.150132 0.025298 0.043651
0 0.738095 0.230820 0.031250 0.030423
0 0.296875 0.231481 0.019345 0.055556
0 0.255952 0.208333 0.017857 0.048942
0 0.248140 0.156746 0.018601 0.051587
0 0.279762 0.152116 0.019345 0.047619
0 0.328497 0.186508 0.021577 0.052910
0 0.314360 0.130291 0.020089 0.048942
0 0.302455 0.063492 0.021577 0.050265
0 0.372024 0.198413 0.020833 0.052910
0 0.339286 0.056217 0.020833 0.054233
0 0.353423 0.218915 0.013393 0.035714
2 0.742560 0.296296 0.065476 0.034392
0 0.593006 0.171296 0.026786 0.041005
3 0.352307 0.314815 0.011161 0.031746
3 0.037574 0.763228 0.017113 0.021164
3 0.383557 0.727513 0.011161 0.023810
3 0.533482 0.789683 0.010417 0.021164
0 0.597842 0.683201 0.014137 0.019841
0 0.491071 0.245370 0.014881 0.017196
0 0.035714 0.223545 0.026786 0.034392
