0 0.031250 0.301120 0.037290 0.060691
0 0.033088 0.239496 0.040966 0.055089
0 0.935924 0.939776 0.040966 0.049486
0 0.615021 0.447246 0.028361 0.061625
0 0.575105 0.796452 0.043067 0.048553
0 0.505252 0.703081 0.034664 0.072829
0 0.496849 0.864146 0.033613 0.062558
0 0.439863 0.886555 0.027836 0.060691
0 0.572742 0.415033 0.030987 0.066293
2 0.622374 0.193277 0.073529 0.175537
1 0.451943 0.934641 0.034139 0.074697
0 0.669380 0.066293 0.028887 0.061625
3 0.340336 0.985994 0.010504 0.020542
3 0.272584 0.241830 0.016807 0.020542
0 0.309086 0.588702 0.040441 0.040149
0 0.327206 0.555556 0.037815 0.046685
0 0.336397 0.516340 0.038340 0.044818
0 0.254464 0.557423 0.039391 0.046685
0 0.282300 0.528945 0.038340 0.042017
0 0.289128 0.481793 0.039391 0.046685
0 0.214023 0.525677 0.037290 0.039216
0 0.231880 0.497199 0.040441 0.045752
0 0.240021 0.450980 0.034664 0.039216
0 0.167279 0.503268 0.041492 0.044818
0 0.183824 0.468721 0.039916 0.048553
0 0.200368 0.429972 0.038340 0.045752
0 0.716912 0.675070 0.040966 0.044818
0 0.718225 0.634921 0.036239 0.046685
0 0.721376 0.583100 0.036239 0.040149
0 0.743435 0.553688 0.040441 0.044818
0 0.750525 0.700280 0.034664 0.037348
0 0.771796 0.663399 0.040441 0.047619
0 0.795168 0.629785 0.042017 0.047619
0 0.799895 0.589636 0.040966 0.047619
0 0.789391 0.725490 0.038866 0.044818
0 0.836922 0.754435 0.040441 0.044818
0 0.881303 0.779645 0.043067 0.046685
0 0.925158 0.800654 0.040441 0.047619
0 0.145221 0.399627 0.040441 0.044818
0 0.085872 0.390756 0.040441 0.056956
0 0.109506 0.475257 0.041492 0.048553
0 0.066439 0.442110 0.041492 0.049486
0 0.103466 0.280579 0.038866 0.043884
0 0.167017 0.314659 0.044118 0.050420
0 0.066439 0.281513 0.040441 0.043884
2 0.460347 0.519608 0.062500 0.140990
1 0.665441 0.238562 0.029412 0.062558
0 0.771534 0.810924 0.043067 0.049486
0 0.666229 0.739963 0.036239 0.053221
2 0.381565 0.352941 0.086660 0.076564
0 0.527048 0.535481 0.027836 0.068161
0 0.521796 0.480392 0.026786 0.058824
0 0.972426 0.829599 0.048845 0.049486
0 0.039916 0.401027 0.025210 0.066293
0 0.013655 0.409430 0.028361 0.043884
