0 0.026786 0.311391 0.037815 0.066293
0 0.028887 0.249767 0.040966 0.060691
0 0.699055 0.192810 0.027311 0.056956
0 0.680672 0.801120 0.043067 0.044818
0 0.598739 0.455182 0.034664 0.071895
0 0.601103 0.774510 0.040441 0.043884
0 0.510242 0.679739 0.027836 0.061625
0 0.528624 0.529879 0.030987 0.066293
2 0.565914 0.347806 0.075105 0.178338
1 0.547532 0.659664 0.034139 0.073763
0 0.812763 0.552754 0.035189 0.044818
0 0.460347 0.838002 0.030987 0.071895
0 0.623687 0.195145 0.028887 0.061625
3 0.096113 0.164332 0.016807 0.018674
0 0.308036 0.588702 0.040441 0.040149
0 0.326681 0.554622 0.037815 0.046685
0 0.335347 0.515873 0.039391 0.045752
0 0.253676 0.557423 0.039916 0.046685
0 0.281513 0.528945 0.037815 0.042017
0 0.288078 0.481793 0.039391 0.046685
0 0.213235 0.525677 0.035714 0.039216
0 0.231880 0.497199 0.040441 0.045752
0 0.240021 0.451914 0.034664 0.039216
0 0.166229 0.506069 0.041492 0.044818
0 0.183036 0.467787 0.040441 0.048553
0 0.199842 0.430439 0.038340 0.044818
0 0.716912 0.673203 0.040966 0.044818
0 0.718225 0.632120 0.036239 0.046685
0 0.722426 0.582166 0.036239 0.040149
0 0.743172 0.556489 0.040966 0.044818
0 0.751576 0.700280 0.034664 0.037348
0 0.770746 0.661531 0.040441 0.047619
0 0.780987 0.619514 0.042017 0.047619
0 0.798845 0.587768 0.040966 0.047619
0 0.789653 0.722689 0.039391 0.044818
0 0.972426 0.730159 0.040441 0.044818
0 0.837973 0.753501 0.040441 0.044818
0 0.881303 0.778711 0.043067 0.046685
0 0.925683 0.800654 0.040441 0.047619
1 0.638655 0.239496 0.046218 0.099907
0 0.152048 0.407096 0.040441 0.044818
0 0.129202 0.436508 0.040966 0.051354
0 0.108456 0.476190 0.041492 0.048553
0 0.058824 0.356209 0.044118 0.036415
0 0.065389 0.442110 0.041492 0.049486
0 0.102416 0.281513 0.038866 0.043884
0 0.164916 0.313725 0.044118 0.050420
0 0.062763 0.284314 0.038340 0.045752
2 0.369485 0.389356 0.083508 0.106443
1 0.731618 0.048086 0.029412 0.062558
0 0.963761 0.920168 0.042017 0.049486
0 0.839548 0.850140 0.036239 0.049486
2 0.217174 0.258637 0.086660 0.089636
0 0.472164 0.693744 0.030462 0.065359
0 0.451943 0.673203 0.030987 0.059757
0 0.972426 0.827731 0.048845 0.049486
0 0.039391 0.402428 0.025210 0.067227
0 0.013393 0.409430 0.027836 0.043884
