0 0.924632 0.797386 0.047794 0.123249
0 0.273372 0.787582 0.062500 0.096172
0 0.770221 0.936508 0.062500 0.089636
0 0.777836 0.795518 0.052521 0.104575
0 0.807248 0.767974 0.046218 0.111111
0 0.969800 0.776844 0.027836 0.117647
0 0.989496 0.626050 0.018908 0.096172
1 0.967437 0.394958 0.055672 0.136321
0 0.890494 0.493464 0.049895 0.094304
0 0.702994 0.944444 0.057248 0.084967
0 0.516807 0.955649 0.069328 0.083100
0 0.451418 0.889823 0.062500 0.106443
0 0.358718 0.766573 0.037815 0.112045
0 0.309349 0.708217 0.058824 0.096172
0 0.250788 0.628385 0.066702 0.085901
0 0.173845 0.539683 0.061975 0.078431
0 0.179359 0.777311 0.062500 0.094304
0 0.107143 0.378618 0.034664 0.096172
0 0.085609 0.453782 0.061975 0.084034
0 0.080357 0.359010 0.030462 0.098039
0 0.027311 0.376751 0.051471 0.077498
0 0.096639 0.865079 0.070378 0.073763
3 0.120536 0.570495 0.027836 0.041083
3 0.047794 0.793184 0.025210 0.049486
