0 0.031775 0.301120 0.036239 0.060691
0 0.034139 0.239496 0.040966 0.055089
0 0.757616 0.845938 0.039391 0.046685
0 0.554622 0.636788 0.028361 0.061625
0 0.512605 0.850140 0.037815 0.062558
0 0.462185 0.830999 0.034664 0.072829
0 0.618435 0.290850 0.030987 0.066293
3 0.379202 0.887955 0.012605 0.028011
3 0.365021 0.892624 0.010504 0.024276
3 0.387342 0.306723 0.016282 0.023343
0 0.309349 0.588702 0.039916 0.040149
0 0.327731 0.555556 0.037815 0.046685
0 0.337185 0.516807 0.038866 0.045752
0 0.254727 0.557423 0.039916 0.046685
0 0.283088 0.528945 0.037815 0.042017
0 0.289128 0.482726 0.039391 0.046685
0 0.214286 0.527544 0.037815 0.039216
0 0.232405 0.497199 0.040441 0.045752
0 0.241334 0.451914 0.034139 0.041083
0 0.167805 0.503268 0.041492 0.044818
0 0.184874 0.468721 0.039916 0.048553
0 0.200368 0.429972 0.038340 0.045752
0 0.716912 0.676004 0.040966 0.044818
0 0.718225 0.635854 0.036239 0.046685
0 0.720851 0.584034 0.036239 0.040149
0 0.743435 0.553688 0.040441 0.044818
0 0.750525 0.701214 0.034664 0.037348
0 0.777048 0.668067 0.040441 0.047619
0 0.818803 0.646125 0.042017 0.046685
0 0.801471 0.591503 0.040966 0.047619
0 0.790441 0.726424 0.038866 0.044818
0 0.836922 0.756303 0.040441 0.044818
0 0.881303 0.779645 0.043067 0.046685
0 0.925158 0.803455 0.040441 0.047619
0 0.110294 0.379085 0.040966 0.041083
0 0.046481 0.356209 0.041492 0.038282
0 0.110032 0.474323 0.041492 0.048553
0 0.068015 0.442110 0.041492 0.049486
0 0.106092 0.281513 0.038866 0.043884
0 0.168067 0.315593 0.044118 0.050420
0 0.066702 0.281513 0.039916 0.043884
2 0.488445 0.623716 0.031513 0.147526
0 0.962973 0.970121 0.040441 0.052288
1 0.619748 0.370215 0.029412 0.062558
1 0.373424 0.967320 0.038866 0.059757
0 0.728466 0.058824 0.026261 0.061625
0 0.663340 0.739496 0.039916 0.056022
0 0.608456 0.657796 0.027836 0.070028
2 0.477416 0.372549 0.084034 0.069094
0 0.766282 0.015873 0.032563 0.033613
0 0.557248 0.455182 0.028361 0.070028
0 0.570116 0.352941 0.029937 0.061625
0 0.972426 0.830532 0.048845 0.049486
0 0.039916 0.400093 0.025210 0.066293
0 0.013918 0.409430 0.028887 0.043884
