0 0.880208 0.347884 0.031250 0.037037
0 0.851562 0.712302 0.023065 0.025132
0 0.837426 0.681217 0.024554 0.029101
0 0.870908 0.597884 0.018601 0.044974
0 0.883185 0.670635 0.019345 0.044974
0 0.123140 0.601852 0.027530 0.034392
0 0.198661 0.491402 0.026786 0.035714
0 0.011905 0.620370 0.023810 0.047619
0 0.853423 0.177249 0.026786 0.031746
1 0.960565 0.117725 0.031250 0.037037
1 0.712054 0.152778 0.020833 0.041005
0 0.738095 0.231481 0.025298 0.023810
0 0.297991 0.229497 0.020089 0.056878
0 0.258929 0.208995 0.020833 0.050265
0 0.247768 0.156085 0.019345 0.055556
0 0.283110 0.152116 0.018601 0.044974
0 0.329985 0.179233 0.023065 0.048942
0 0.012649 0.744048 0.026786 0.035714
2 0.741443 0.298280 0.063244 0.033069
0 0.595610 0.171958 0.026042 0.042328
0 0.137277 0.625661 0.030506 0.034392
0 0.032366 0.693783 0.026042 0.038360
3 0.764137 0.339286 0.011905 0.019841
3 0.319196 0.281746 0.014881 0.039683
3 0.802455 0.207011 0.011161 0.019841
3 0.575521 0.695767 0.012649 0.026455
3 0.312872 0.638228 0.011161 0.017196
3 0.337054 0.219577 0.011905 0.034392
3 0.829613 0.311508 0.017857 0.019841
0 0.502976 0.376323 0.028274 0.035714
0 0.537946 0.406085 0.025298 0.026455
0 0.311012 0.172619 0.020833 0.048942
0 0.289062 0.070106 0.020089 0.042328
0 0.111235 0.676587 0.033482 0.038360
0 0.213542 0.640873 0.029762 0.033069
1 0.264137 0.611111 0.031250 0.031746
1 0.318824 0.595238 0.027530 0.023810
0 0.580357 0.347222 0.029762 0.027778
0 0.579985 0.386243 0.024554 0.023810
0 0.628348 0.380952 0.029018 0.026455
3 0.668155 0.342593 0.011905 0.015873
0 0.937128 0.292989 0.030506 0.033069
0 0.646949 0.644180 0.027530 0.039683
0 0.654018 0.681217 0.026786 0.042328
0 0.670387 0.605820 0.026786 0.042328
0 0.681920 0.634259 0.027530 0.046296
0 0.697173 0.561508 0.025298 0.041005
0 0.670015 0.701058 0.026042 0.039683
0 0.037946 0.217593 0.025298 0.038360
