0 0.034139 0.300654 0.033613 0.057890
0 0.037290 0.238095 0.038866 0.056022
0 0.495536 0.877218 0.036239 0.060691
3 0.488971 0.536881 0.013655 0.022409
3 0.407826 0.697479 0.009979 0.022409
3 0.550945 0.316060 0.014706 0.028945
0 0.310399 0.588702 0.039916 0.040149
0 0.328519 0.556022 0.038340 0.045752
0 0.339023 0.517740 0.038340 0.045752
0 0.255777 0.556956 0.039916 0.045752
0 0.284401 0.528945 0.038340 0.042017
0 0.290179 0.484594 0.039391 0.046685
0 0.215336 0.528478 0.037815 0.037348
0 0.233981 0.497199 0.040441 0.045752
0 0.243960 0.452848 0.034139 0.041083
0 0.168330 0.504669 0.041492 0.045752
0 0.186450 0.468721 0.039916 0.048553
0 0.175158 0.416900 0.038340 0.045752
0 0.716912 0.680672 0.040966 0.044818
0 0.761555 0.667134 0.040966 0.047619
0 0.721376 0.589636 0.036239 0.040149
0 0.742647 0.560224 0.040966 0.044818
0 0.750263 0.706816 0.034139 0.037348
0 0.869485 0.730626 0.040441 0.047619
0 0.904149 0.703548 0.043592 0.047619
0 0.802258 0.597572 0.040441 0.046685
0 0.790179 0.731092 0.038340 0.044818
0 0.836922 0.760037 0.040441 0.044818
0 0.881565 0.784314 0.042542 0.046685
0 0.925158 0.808590 0.040441 0.046685
0 0.019695 0.353408 0.040441 0.040149
0 0.111607 0.473389 0.041492 0.048553
0 0.069328 0.442110 0.039916 0.049486
0 0.117647 0.288982 0.038866 0.043884
0 0.170693 0.316527 0.044118 0.050420
0 0.073529 0.279178 0.039916 0.041083
2 0.467437 0.803455 0.061975 0.146592
0 0.584821 0.803922 0.037290 0.046685
0 0.727679 0.809524 0.035189 0.037348
1 0.546744 0.585901 0.029412 0.062558
1 0.460084 0.728291 0.080882 0.207283
0 0.403361 0.809524 0.030462 0.067227
0 0.655462 0.326331 0.026261 0.062558
0 0.590861 0.543884 0.022059 0.073763
0 0.603992 0.415500 0.024160 0.069094
2 0.601103 0.253968 0.062500 0.141923
0 0.716387 0.147526 0.032563 0.065359
0 0.750788 0.065359 0.030987 0.061625
0 0.660189 0.179739 0.027311 0.064426
0 0.647059 0.146125 0.029412 0.062558
0 0.972952 0.836134 0.048845 0.049486
0 0.040179 0.401027 0.025735 0.066293
0 0.014181 0.409430 0.029412 0.043884
