0 0.726935 0.517196 0.026786 0.039683
0 0.852679 0.708995 0.022321 0.029101
0 0.838170 0.677910 0.026042 0.033069
0 0.871280 0.593254 0.019345 0.048942
0 0.888021 0.646164 0.020089 0.046296
0 0.124628 0.598545 0.027530 0.038360
0 0.198661 0.492063 0.026786 0.037037
0 0.011905 0.618386 0.022321 0.048942
0 0.852307 0.175265 0.026042 0.035714
1 0.959821 0.115079 0.031250 0.039683
0 0.712054 0.149471 0.022321 0.042328
0 0.739583 0.230820 0.028274 0.027778
0 0.296875 0.228836 0.019345 0.055556
0 0.258185 0.208333 0.020833 0.048942
0 0.249256 0.155423 0.019345 0.054233
0 0.282366 0.150794 0.018601 0.044974
0 0.330729 0.181217 0.021577 0.052910
0 0.154762 0.651455 0.029762 0.041005
0 0.192336 0.625661 0.030506 0.034392
2 0.742560 0.296958 0.065476 0.033069
0 0.594866 0.170635 0.026042 0.042328
3 0.341518 0.242725 0.010417 0.030423
0 0.088542 0.659392 0.028274 0.041005
0 0.198661 0.587302 0.025298 0.031746
0 0.316964 0.454365 0.020833 0.048942
0 0.340030 0.374339 0.014881 0.047619
0 0.222098 0.652116 0.027530 0.029101
0 0.245536 0.592593 0.029762 0.034392
0 0.427455 0.638889 0.030506 0.042328
1 0.505952 0.707672 0.031250 0.042328
1 0.565476 0.769841 0.023810 0.026455
0 0.280134 0.532407 0.029018 0.041005
0 0.354539 0.498677 0.023065 0.026455
0 0.408482 0.469577 0.029762 0.034392
3 0.377976 0.455026 0.011905 0.018519
0 0.475446 0.435185 0.028274 0.031746
0 0.643229 0.646825 0.026042 0.039683
0 0.654390 0.681217 0.027530 0.042328
0 0.669643 0.605159 0.023810 0.041005
0 0.681548 0.634921 0.025298 0.042328
0 0.697917 0.562169 0.025298 0.039683
0 0.732887 0.560847 0.025298 0.037037
0 0.907366 0.351852 0.030506 0.039683
0 0.038690 0.218254 0.028274 0.039683
