0 0.027574 0.309524 0.037290 0.066293
0 0.029937 0.248833 0.040966 0.060691
0 0.687763 0.227358 0.027836 0.058824
0 0.662815 0.794585 0.043067 0.044818
0 0.585084 0.492063 0.034664 0.072829
0 0.586397 0.781046 0.040441 0.045752
0 0.498162 0.712418 0.027836 0.061625
0 0.534401 0.514006 0.030987 0.066293
2 0.574580 0.322596 0.076681 0.178338
1 0.532826 0.701681 0.034139 0.073763
0 0.833246 0.564893 0.035189 0.044818
0 0.450893 0.866013 0.030987 0.071895
0 0.632616 0.171802 0.028887 0.061625
3 0.120273 0.174603 0.016807 0.018674
0 0.308036 0.588702 0.040441 0.040149
0 0.326681 0.554622 0.037815 0.046685
0 0.335609 0.515873 0.038866 0.045752
0 0.253676 0.557423 0.039916 0.046685
0 0.281513 0.528945 0.037815 0.042017
0 0.288078 0.481793 0.039391 0.046685
0 0.213235 0.525677 0.035714 0.039216
0 0.231880 0.497199 0.040441 0.045752
0 0.240021 0.451914 0.034664 0.039216
0 0.166229 0.506069 0.041492 0.044818
0 0.183036 0.467787 0.040441 0.048553
0 0.199842 0.429972 0.038340 0.045752
0 0.716912 0.673203 0.040966 0.044818
0 0.718225 0.633053 0.036239 0.046685
0 0.722426 0.582166 0.036239 0.040149
0 0.743172 0.555556 0.040966 0.044818
0 0.751576 0.700280 0.034664 0.037348
0 0.770746 0.661531 0.040441 0.047619
0 0.783088 0.621382 0.042017 0.047619
0 0.798845 0.587768 0.040966 0.047619
0 0.789653 0.722689 0.039391 0.044818
0 0.837447 0.753501 0.040441 0.044818
0 0.881303 0.778711 0.043067 0.046685
0 0.925683 0.800654 0.040441 0.047619
1 0.644958 0.220822 0.046218 0.099907
0 0.152048 0.407096 0.040441 0.044818
0 0.126313 0.434641 0.040441 0.055089
0 0.108456 0.476190 0.041492 0.048553
0 0.051208 0.352941 0.044643 0.035481
0 0.065914 0.442110 0.041492 0.049486
0 0.102679 0.281513 0.038340 0.043884
0 0.165441 0.314659 0.044118 0.050420
0 0.063288 0.283380 0.039391 0.045752
2 0.386029 0.404295 0.081933 0.108310
1 0.723739 0.076097 0.029412 0.062558
0 0.935399 0.905229 0.042017 0.049486
0 0.810137 0.832400 0.036239 0.049486
2 0.241597 0.272642 0.087185 0.089636
0 0.483193 0.660131 0.029412 0.065359
0 0.464023 0.640056 0.030987 0.058824
0 0.972426 0.828665 0.048845 0.049486
0 0.039391 0.402428 0.025210 0.067227
0 0.013393 0.409430 0.027836 0.043884
