0 0.031775 0.301120 0.036239 0.060691
0 0.034139 0.239496 0.040966 0.055089
0 0.799632 0.864146 0.040441 0.049486
0 0.569328 0.588235 0.028361 0.061625
0 0.528887 0.830065 0.040966 0.059757
0 0.471113 0.802988 0.034664 0.072829
0 0.605305 0.327264 0.030987 0.066293
3 0.365021 0.936508 0.012605 0.029879
3 0.359769 0.917834 0.010504 0.026144
3 0.360294 0.288515 0.016807 0.022409
0 0.309349 0.588702 0.039916 0.040149
0 0.327468 0.555556 0.038340 0.046685
0 0.337185 0.516807 0.038866 0.045752
0 0.254727 0.557423 0.039916 0.046685
0 0.282826 0.528945 0.038340 0.042017
0 0.289128 0.482726 0.039391 0.046685
0 0.214286 0.526611 0.037815 0.039216
0 0.232405 0.497199 0.040441 0.045752
0 0.240809 0.451447 0.034139 0.040149
0 0.167279 0.503268 0.041492 0.044818
0 0.184349 0.468721 0.039916 0.048553
0 0.200368 0.429972 0.038340 0.045752
0 0.716912 0.676004 0.040966 0.044818
0 0.718225 0.635854 0.036239 0.046685
0 0.720851 0.584034 0.036239 0.040149
0 0.743435 0.552754 0.040441 0.044818
0 0.750525 0.701214 0.034664 0.037348
0 0.775473 0.666200 0.040441 0.047619
0 0.812500 0.640523 0.042017 0.046685
0 0.800945 0.590570 0.040966 0.047619
0 0.789916 0.726424 0.038866 0.044818
0 0.836922 0.755369 0.040441 0.044818
0 0.881303 0.779645 0.043067 0.046685
0 0.925158 0.802521 0.040441 0.047619
0 0.122111 0.385154 0.040441 0.042017
0 0.058561 0.361811 0.041492 0.042017
0 0.110032 0.475257 0.041492 0.048553
0 0.068015 0.442110 0.041492 0.049486
0 0.103992 0.280579 0.038866 0.043884
0 0.167542 0.315593 0.044118 0.050420
0 0.066439 0.281513 0.040441 0.043884
2 0.482668 0.596639 0.039916 0.147526
1 0.632353 0.337535 0.029412 0.062558
0 0.740021 0.032213 0.026261 0.055089
0 0.685137 0.755836 0.042542 0.049486
0 0.617910 0.680672 0.030987 0.069094
2 0.456408 0.377684 0.084034 0.055089
0 0.549370 0.476657 0.028361 0.070028
0 0.555672 0.387488 0.030462 0.061625
0 0.972426 0.830532 0.048845 0.049486
0 0.039916 0.400093 0.025210 0.066293
0 0.013655 0.409430 0.028361 0.043884
