0 0.023897 0.336134 0.027836 0.072829
0 0.022321 0.269374 0.035189 0.066293
0 0.970063 0.961251 0.036765 0.051354
0 0.750263 0.024743 0.028887 0.043884
0 0.872899 0.829599 0.040966 0.043884
0 0.649685 0.282913 0.028361 0.056022
0 0.423845 0.834734 0.031513 0.072829
2 0.459034 0.652661 0.075630 0.181139
1 0.719538 0.145658 0.030462 0.067227
0 0.678309 0.406162 0.023634 0.059757
0 0.602153 0.427171 0.030987 0.062558
0 0.517857 0.489262 0.028361 0.061625
0 0.547006 0.596172 0.032038 0.068161
0 0.673582 0.133053 0.027836 0.056956
0 0.626313 0.170868 0.030987 0.056022
0 0.635504 0.207750 0.029412 0.055089
0 0.306985 0.588702 0.040441 0.040149
0 0.325630 0.554155 0.037815 0.047619
0 0.333508 0.514939 0.038866 0.045752
0 0.252363 0.557890 0.039391 0.047619
0 0.279937 0.528945 0.037815 0.042017
0 0.285977 0.481793 0.039391 0.046685
0 0.212185 0.526144 0.034664 0.040149
0 0.231355 0.498133 0.040441 0.045752
0 0.240021 0.451914 0.034664 0.039216
0 0.164128 0.507003 0.041492 0.044818
0 0.182773 0.467320 0.040966 0.049486
0 0.199317 0.430439 0.038340 0.044818
0 0.716912 0.671335 0.040966 0.044818
0 0.718225 0.629318 0.036239 0.046685
0 0.725053 0.580299 0.036239 0.040149
0 0.743697 0.549953 0.040966 0.044818
0 0.753151 0.700280 0.034664 0.037348
0 0.774422 0.662465 0.040441 0.047619
0 0.777311 0.612979 0.042017 0.047619
0 0.802521 0.584967 0.043067 0.049486
0 0.791754 0.720822 0.039391 0.044818
0 0.840336 0.652661 0.040966 0.044818
0 0.839548 0.751634 0.040441 0.044818
0 0.880777 0.774977 0.043067 0.046685
0 0.926733 0.798786 0.040441 0.047619
1 0.580357 0.413632 0.044118 0.104575
1 0.461397 0.800187 0.032038 0.078431
0 0.578519 0.285714 0.029937 0.061625
0 0.149947 0.404295 0.040441 0.044818
0 0.136555 0.440243 0.040966 0.043884
0 0.106355 0.476190 0.041492 0.048553
0 0.102416 0.379085 0.040966 0.039216
0 0.064338 0.442110 0.041492 0.049486
0 0.098477 0.280579 0.038340 0.043884
0 0.153887 0.309057 0.044118 0.050420
0 0.056197 0.289916 0.035714 0.049486
0 0.612658 0.285714 0.030987 0.067227
1 0.503414 0.788515 0.054097 0.124183
3 0.602416 0.132586 0.010504 0.026144
2 0.127363 0.220355 0.089811 0.084034
0 0.972426 0.824930 0.048845 0.049486
0 0.037815 0.401494 0.025210 0.067227
0 0.010767 0.409430 0.022584 0.043884
