0 0.367647 0.417367 0.033613 0.057890
0 0.599527 0.767974 0.043592 0.049486
0 0.662290 0.843137 0.044118 0.039216
0 0.664916 0.685808 0.036765 0.070028
0 0.419905 0.764706 0.034139 0.078431
0 0.459821 0.737628 0.029937 0.070962
0 0.376576 0.318394 0.044118 0.048553
0 0.366071 0.633987 0.044118 0.052288
0 0.408613 0.603641 0.038866 0.045752
0 0.431460 0.570028 0.041492 0.049486
0 0.254727 0.565826 0.047269 0.050420
0 0.299895 0.542951 0.044118 0.051354
0 0.262868 0.464052 0.043592 0.052288
0 0.169118 0.511204 0.037815 0.043884
0 0.208771 0.487862 0.044643 0.047619
0 0.202206 0.430439 0.037815 0.044818
0 0.112132 0.485528 0.046744 0.048553
0 0.137080 0.449113 0.043067 0.041083
0 0.155725 0.401494 0.041492 0.046685
0 0.754464 0.681139 0.042542 0.047619
0 0.702994 0.600373 0.041492 0.044818
0 0.681197 0.528945 0.038866 0.042017
0 0.741597 0.513539 0.040966 0.044818
0 0.796481 0.707750 0.033088 0.039216
0 0.807511 0.658730 0.042542 0.047619
0 0.795956 0.597106 0.042542 0.049486
0 0.823004 0.557890 0.047269 0.049486
0 0.841387 0.732493 0.040966 0.047619
0 0.870011 0.637255 0.043592 0.043884
0 0.897059 0.766573 0.046218 0.050420
0 0.943803 0.675537 0.046218 0.047619
0 0.948004 0.796452 0.046218 0.050420
0 0.989496 0.818394 0.018908 0.053221
1 0.740021 0.743697 0.066176 0.070028
0 0.267857 0.307190 0.044118 0.057890
1 0.133141 0.205882 0.044643 0.056956
0 0.098214 0.376284 0.045168 0.050420
0 0.083508 0.413632 0.040966 0.052288
0 0.053046 0.458450 0.043067 0.048553
0 0.043067 0.347339 0.040966 0.044818
0 0.053309 0.232026 0.049895 0.051354
0 0.928046 0.625584 0.046218 0.054155
0 0.418067 0.855275 0.034664 0.082166
0 0.523634 0.333333 0.047269 0.063492
0 0.654412 0.194211 0.026261 0.069094
0 0.683298 0.126050 0.030462 0.067227
0 0.640756 0.126984 0.032563 0.070962
0 0.707983 0.042951 0.031513 0.067227
3 0.579044 0.177404 0.009979 0.022409
3 0.535189 0.270308 0.012605 0.025210
