0 0.314601 0.356676 0.037815 0.048553
0 0.666492 0.770308 0.045168 0.046685
0 0.742384 0.865079 0.044643 0.043884
0 0.725053 0.745098 0.042542 0.061625
0 0.365546 0.919234 0.035714 0.081232
0 0.416229 0.868347 0.029937 0.070962
0 0.285977 0.262372 0.043592 0.048553
0 0.427784 0.663866 0.044643 0.050420
0 0.482668 0.644258 0.038866 0.046685
0 0.530725 0.637722 0.041492 0.050420
0 0.317489 0.600373 0.046744 0.054155
0 0.377626 0.578898 0.044118 0.046685
0 0.304359 0.481793 0.043592 0.056022
0 0.174107 0.507003 0.038340 0.042951
0 0.253151 0.508870 0.046218 0.048553
0 0.217174 0.431373 0.036239 0.044818
0 0.116334 0.484594 0.044643 0.046685
0 0.143908 0.448179 0.043067 0.041083
0 0.158876 0.401494 0.040441 0.046685
0 0.754989 0.681139 0.042542 0.047619
0 0.646534 0.564893 0.040966 0.044818
0 0.608456 0.485061 0.039391 0.042017
0 0.689076 0.478992 0.040966 0.044818
0 0.796481 0.707750 0.033088 0.039216
0 0.771271 0.636321 0.042542 0.047619
0 0.752889 0.568627 0.042542 0.050420
0 0.800945 0.539683 0.048319 0.050420
0 0.842437 0.729692 0.040966 0.047619
0 0.846639 0.619048 0.044118 0.044818
0 0.897584 0.766573 0.046218 0.050420
0 0.944853 0.675537 0.046218 0.047619
0 0.947742 0.792717 0.045693 0.050420
0 0.989496 0.818394 0.018908 0.053221
1 0.807248 0.773109 0.066176 0.070962
0 0.183824 0.245565 0.044118 0.052288
1 0.031513 0.147993 0.040966 0.055089
0 0.098739 0.370682 0.045168 0.050420
0 0.083508 0.413632 0.040966 0.052288
0 0.053571 0.454715 0.043067 0.048553
0 0.041492 0.339869 0.040966 0.044818
0 0.054097 0.231559 0.045168 0.050420
0 0.885504 0.592904 0.046218 0.054155
0 0.370798 0.975724 0.034664 0.048553
0 0.460347 0.351541 0.048845 0.045752
0 0.655987 0.192344 0.026261 0.069094
0 0.683298 0.126050 0.030462 0.067227
0 0.631828 0.155929 0.032563 0.070962
0 0.709034 0.042017 0.031513 0.067227
0 0.666229 0.070962 0.033088 0.072829
0 0.951681 0.731092 0.044118 0.050420
3 0.511029 0.292250 0.013655 0.024276
