0 0.649926 0.640873 0.024554 0.041005
0 0.644345 0.701720 0.026786 0.041005
0 0.853423 0.708333 0.022321 0.027778
0 0.837426 0.675265 0.027530 0.033069
0 0.870536 0.592593 0.019345 0.047619
0 0.889509 0.656746 0.021577 0.048942
0 0.659598 0.842593 0.018601 0.047619
0 0.637277 0.955688 0.015625 0.046296
0 0.123512 0.603175 0.031250 0.037037
0 0.196057 0.490079 0.026042 0.035714
0 0.009301 0.621693 0.020089 0.044974
0 0.853051 0.174603 0.027530 0.037037
1 0.959449 0.113757 0.031994 0.042328
0 0.713542 0.148810 0.025298 0.043651
0 0.738839 0.229497 0.031250 0.030423
0 0.294643 0.231481 0.019345 0.055556
0 0.255580 0.208333 0.017113 0.048942
0 0.248884 0.156085 0.018601 0.052910
0 0.281622 0.150794 0.018601 0.044974
0 0.327381 0.181217 0.020833 0.055556
0 0.264137 0.585317 0.026786 0.038360
0 0.331101 0.522487 0.028274 0.039683
0 0.354167 0.216270 0.013393 0.035714
2 0.743304 0.296296 0.063988 0.031746
0 0.593750 0.169974 0.026786 0.041005
3 0.338542 0.240741 0.010417 0.031746
0 0.117932 0.645503 0.023065 0.037037
0 0.377604 0.403439 0.023065 0.055556
0 0.943452 0.356481 0.025298 0.038360
3 0.065476 0.666005 0.011905 0.019841
0 0.524182 0.910714 0.021577 0.043651
0 0.575893 0.871032 0.023810 0.046296
0 0.574405 0.769841 0.023810 0.042328
0 0.607515 0.785053 0.020089 0.041005
0 0.034970 0.221561 0.028274 0.035714
