0 0.692336 0.568783 0.024554 0.042328
0 0.742188 0.539683 0.029018 0.042328
0 0.853423 0.708333 0.022321 0.027778
0 0.837426 0.675265 0.027530 0.033069
0 0.870908 0.592593 0.020089 0.047619
0 0.889137 0.656085 0.020833 0.047619
0 0.122024 0.605159 0.031250 0.038360
0 0.196057 0.490079 0.026042 0.035714
0 0.009301 0.622354 0.020089 0.046296
0 0.853051 0.174603 0.027530 0.037037
1 0.959449 0.113757 0.031994 0.042328
0 0.713542 0.148810 0.025298 0.043651
0 0.738839 0.228175 0.031250 0.030423
0 0.293155 0.231481 0.019345 0.055556
0 0.255952 0.208333 0.017857 0.048942
0 0.248884 0.156085 0.018601 0.052910
0 0.281622 0.150794 0.018601 0.044974
0 0.327009 0.180556 0.021577 0.056878
0 0.171503 0.639550 0.031994 0.038360
0 0.227307 0.605159 0.031994 0.038360
0 0.333705 0.122354 0.012649 0.027778
2 0.743304 0.296296 0.063988 0.031746
0 0.593750 0.169974 0.026786 0.041005
3 0.339286 0.240079 0.010417 0.030423
0 0.100074 0.642196 0.026042 0.038360
0 0.191220 0.584656 0.025298 0.037037
0 0.296875 0.557540 0.032738 0.038360
0 0.799479 0.505952 0.026042 0.041005
1 0.877976 0.401455 0.034226 0.046296
0 0.014881 0.714286 0.028274 0.037037
3 0.153274 0.601190 0.011905 0.019841
0 0.135417 0.634921 0.026786 0.037037
0 0.572173 0.777116 0.023810 0.041005
0 0.591518 0.881614 0.022321 0.048942
0 0.608631 0.706349 0.023810 0.042328
0 0.641369 0.699735 0.025298 0.042328
0 0.656622 0.625661 0.026042 0.042328
0 0.678943 0.643519 0.023065 0.038360
0 0.034598 0.220899 0.029018 0.037037
