0 0.311975 0.353875 0.037815 0.048553
0 0.670431 0.772176 0.045693 0.048553
0 0.746586 0.866480 0.044643 0.044818
0 0.728466 0.746965 0.042017 0.061625
0 0.362395 0.928571 0.035714 0.081232
0 0.413603 0.875817 0.029937 0.070962
0 0.280987 0.258637 0.044118 0.048553
0 0.431460 0.665733 0.044643 0.050420
0 0.486870 0.647059 0.038866 0.046685
0 0.536502 0.641457 0.041492 0.050420
0 0.321166 0.603175 0.046744 0.054155
0 0.382353 0.581232 0.044118 0.045752
0 0.306985 0.482726 0.043592 0.056022
0 0.174370 0.507003 0.038866 0.042951
0 0.255777 0.510271 0.046218 0.047619
0 0.218225 0.431373 0.036239 0.044818
0 0.116597 0.484594 0.045168 0.046685
0 0.143908 0.448179 0.043067 0.041083
0 0.159139 0.401494 0.039916 0.046685
0 0.754989 0.681139 0.042542 0.047619
0 0.642857 0.563025 0.040966 0.044818
0 0.604779 0.483193 0.039391 0.042017
0 0.685924 0.478058 0.040966 0.044818
0 0.796481 0.707750 0.033088 0.039216
0 0.768120 0.633987 0.042542 0.048553
0 0.750263 0.566760 0.042542 0.050420
0 0.799370 0.538749 0.048319 0.050420
0 0.842437 0.729692 0.040966 0.047619
0 0.844538 0.619048 0.044118 0.044818
0 0.897584 0.766573 0.046218 0.050420
0 0.944853 0.675537 0.046218 0.047619
0 0.947742 0.792717 0.045693 0.050420
0 0.989496 0.818394 0.018908 0.053221
1 0.810924 0.775910 0.066176 0.070962
0 0.179097 0.242764 0.044118 0.052288
1 0.026523 0.144725 0.038340 0.056022
0 0.098739 0.369748 0.045168 0.050420
0 0.083508 0.413632 0.040966 0.052288
0 0.053571 0.454715 0.043067 0.048553
0 0.041492 0.338936 0.040966 0.044818
0 0.054097 0.231559 0.045168 0.050420
0 0.883403 0.591036 0.046218 0.054155
0 0.368172 0.979458 0.034664 0.041083
0 0.457195 0.350607 0.048845 0.045752
0 0.655987 0.192344 0.026261 0.069094
0 0.683298 0.126050 0.030462 0.067227
0 0.631828 0.155929 0.032563 0.070962
0 0.709034 0.042017 0.031513 0.067227
0 0.665179 0.072829 0.033088 0.072829
0 0.949580 0.730159 0.044118 0.050420
3 0.509191 0.292250 0.014181 0.024276
