0 0.665179 0.616402 0.025298 0.039683
0 0.666667 0.664021 0.026786 0.042328
0 0.853423 0.708333 0.022321 0.027778
0 0.837426 0.675265 0.027530 0.033069
0 0.870536 0.592593 0.019345 0.047619
0 0.889509 0.656085 0.021577 0.047619
0 0.644345 0.913360 0.020833 0.048942
0 0.121280 0.605159 0.031250 0.038360
0 0.196057 0.490079 0.026042 0.035714
0 0.009301 0.621693 0.020089 0.044974
0 0.853051 0.174603 0.027530 0.037037
1 0.959449 0.113757 0.031994 0.042328
0 0.713542 0.148810 0.025298 0.043651
0 0.738839 0.228175 0.031250 0.030423
0 0.294643 0.231481 0.019345 0.055556
0 0.255580 0.208333 0.017113 0.048942
0 0.248884 0.156085 0.018601 0.052910
0 0.281622 0.150794 0.018601 0.044974
0 0.327009 0.182540 0.021577 0.058201
0 0.231771 0.604497 0.027530 0.037037
0 0.301339 0.556217 0.028274 0.041005
0 0.351190 0.205026 0.013393 0.029101
2 0.743304 0.296296 0.063988 0.031746
0 0.593750 0.169974 0.026786 0.041005
3 0.338542 0.240079 0.010417 0.030423
0 0.016741 0.695767 0.029018 0.039683
0 0.140997 0.627646 0.024554 0.035714
0 0.363467 0.458995 0.024554 0.047619
0 0.903646 0.385582 0.026042 0.038360
3 0.090774 0.647487 0.013393 0.019841
0 0.024554 0.727513 0.026786 0.042328
0 0.519345 0.953042 0.020833 0.043651
0 0.544271 0.848545 0.023065 0.043651
0 0.589658 0.826058 0.023065 0.043651
0 0.600446 0.722222 0.023810 0.042328
0 0.628348 0.740079 0.023065 0.041005
0 0.034970 0.221561 0.028274 0.035714
