0 0.025735 0.333333 0.027311 0.070962
0 0.022847 0.263772 0.035189 0.066293
0 0.846376 0.888422 0.041492 0.051354
0 0.700105 0.164799 0.031513 0.066293
0 0.760767 0.779178 0.040441 0.043884
0 0.599002 0.429505 0.027836 0.056022
0 0.468487 0.701681 0.031513 0.071895
2 0.498424 0.539216 0.075630 0.178338
1 0.662290 0.319328 0.030462 0.067227
0 0.704832 0.476190 0.033613 0.052288
0 0.551208 0.574230 0.030987 0.067227
0 0.555147 0.383754 0.028361 0.061625
0 0.495011 0.736228 0.032038 0.068161
0 0.699055 0.065826 0.027311 0.058824
0 0.655725 0.094304 0.029937 0.057890
0 0.663078 0.137255 0.025735 0.052288
0 0.307248 0.588702 0.040966 0.040149
0 0.325893 0.554155 0.038340 0.047619
0 0.334034 0.515406 0.038866 0.044818
0 0.252889 0.557890 0.039391 0.047619
0 0.280462 0.528945 0.037815 0.042017
0 0.287027 0.481793 0.039391 0.046685
0 0.212185 0.525677 0.034664 0.039216
0 0.231355 0.498133 0.040441 0.045752
0 0.240021 0.451914 0.034664 0.039216
0 0.164653 0.507003 0.041492 0.044818
0 0.183036 0.467787 0.040441 0.048553
0 0.199317 0.430439 0.038340 0.044818
0 0.716912 0.672269 0.040966 0.044818
0 0.718225 0.630252 0.036239 0.046685
0 0.724527 0.581232 0.036239 0.040149
0 0.742647 0.551821 0.040966 0.044818
0 0.752626 0.700280 0.034664 0.037348
0 0.773372 0.661531 0.040441 0.047619
0 0.774685 0.612979 0.042017 0.047619
0 0.801208 0.585434 0.042542 0.048553
0 0.790704 0.720822 0.039391 0.044818
0 0.872637 0.672269 0.040441 0.044818
0 0.838498 0.751634 0.040441 0.044818
0 0.880777 0.775910 0.043067 0.046685
0 0.926733 0.799720 0.040441 0.047619
1 0.595851 0.366480 0.046744 0.105509
1 0.432511 0.900093 0.032038 0.078431
0 0.619748 0.201681 0.027311 0.061625
0 0.150473 0.405229 0.040441 0.044818
0 0.137605 0.440243 0.040966 0.043884
0 0.106880 0.476190 0.041492 0.048553
0 0.099790 0.378151 0.040966 0.039216
0 0.064863 0.442110 0.041492 0.049486
0 0.101628 0.282446 0.038340 0.043884
0 0.162815 0.312792 0.044118 0.050420
0 0.058824 0.287582 0.036765 0.048553
0 0.637080 0.222689 0.030462 0.062558
1 0.463235 0.911765 0.056723 0.127918
2 0.219275 0.276844 0.087710 0.092437
2 0.037290 0.162465 0.070378 0.080299
0 0.367910 0.988329 0.032038 0.021475
0 0.349265 0.971989 0.030462 0.048553
0 0.972426 0.825864 0.048845 0.049486
0 0.038340 0.401494 0.025210 0.067227
0 0.012605 0.409430 0.026261 0.043884
