0 0.726935 0.517196 0.026786 0.039683
0 0.852679 0.708333 0.022321 0.027778
0 0.838170 0.677910 0.026042 0.033069
0 0.871280 0.593254 0.019345 0.048942
0 0.888021 0.646164 0.020089 0.046296
0 0.124628 0.598545 0.027530 0.038360
0 0.198661 0.492063 0.026786 0.037037
0 0.011905 0.618386 0.022321 0.048942
0 0.852307 0.175265 0.026042 0.035714
1 0.959821 0.115079 0.031250 0.039683
0 0.712054 0.149471 0.022321 0.042328
0 0.739211 0.230820 0.029018 0.027778
0 0.296875 0.228836 0.019345 0.055556
0 0.258185 0.208333 0.020833 0.048942
0 0.249256 0.155423 0.019345 0.054233
0 0.282366 0.150794 0.018601 0.044974
0 0.330729 0.181217 0.021577 0.052910
0 0.154762 0.651455 0.029762 0.041005
0 0.193452 0.625000 0.029762 0.033069
2 0.742560 0.296958 0.065476 0.033069
0 0.594866 0.170635 0.026042 0.042328
3 0.341518 0.242725 0.010417 0.030423
0 0.079241 0.664683 0.027530 0.038360
0 0.192336 0.591270 0.024554 0.029101
0 0.315476 0.458333 0.020833 0.048942
0 0.338542 0.377646 0.016369 0.046296
0 0.231027 0.649471 0.027530 0.031746
0 0.246280 0.592593 0.029762 0.034392
0 0.433036 0.643519 0.028274 0.041005
1 0.510417 0.708995 0.031250 0.042328
1 0.571429 0.769841 0.023810 0.026455
0 0.272693 0.537698 0.029018 0.041005
0 0.351190 0.503307 0.025298 0.025132
0 0.403274 0.473545 0.029762 0.034392
3 0.374256 0.457672 0.011905 0.018519
0 0.468750 0.439153 0.028274 0.031746
0 0.642857 0.647487 0.026786 0.041005
0 0.654762 0.680556 0.026786 0.041005
0 0.669643 0.605159 0.023810 0.041005
0 0.681548 0.634921 0.025298 0.042328
0 0.697917 0.561508 0.025298 0.038360
0 0.731399 0.564815 0.025298 0.037037
0 0.914062 0.342593 0.030506 0.039683
0 0.038690 0.218254 0.028274 0.039683
