0 0.035189 0.299253 0.032563 0.055089
0 0.038603 0.236228 0.039391 0.054155
0 0.472426 0.915500 0.034139 0.066293
3 0.508403 0.485994 0.014706 0.023343
3 0.338761 0.960317 0.012605 0.025210
3 0.413603 0.668534 0.009979 0.022409
3 0.565914 0.295051 0.014181 0.029879
0 0.310924 0.588702 0.039916 0.040149
0 0.329044 0.556022 0.038340 0.045752
0 0.339023 0.517740 0.038340 0.045752
0 0.256303 0.556956 0.039916 0.045752
0 0.284401 0.528945 0.038340 0.042017
0 0.290179 0.485528 0.039391 0.046685
0 0.215861 0.528478 0.037815 0.037348
0 0.233981 0.497199 0.040441 0.045752
0 0.243960 0.452381 0.034139 0.040149
0 0.168855 0.504669 0.041492 0.045752
0 0.186450 0.468721 0.039916 0.048553
0 0.159401 0.407563 0.038340 0.045752
0 0.716912 0.681606 0.040966 0.044818
0 0.776261 0.676004 0.040966 0.046685
0 0.721901 0.591503 0.036239 0.040149
0 0.742647 0.561158 0.040966 0.044818
0 0.750263 0.707750 0.034139 0.037348
0 0.898897 0.745565 0.040441 0.047619
0 0.926733 0.716620 0.043592 0.047619
0 0.802521 0.597572 0.040966 0.046685
0 0.789916 0.731559 0.038866 0.043884
0 0.836922 0.760037 0.040441 0.044818
0 0.881565 0.785247 0.042542 0.046685
0 0.925158 0.809057 0.040441 0.045752
0 0.017332 0.355275 0.035714 0.038282
0 0.111607 0.473389 0.041492 0.048553
0 0.069590 0.442110 0.039391 0.049486
0 0.119223 0.288982 0.038866 0.043884
0 0.171218 0.316527 0.044118 0.050420
0 0.076155 0.278245 0.039916 0.041083
2 0.458771 0.829599 0.063550 0.148459
0 0.549895 0.817460 0.037815 0.051354
0 0.683036 0.797386 0.035189 0.037348
1 0.538340 0.612979 0.029412 0.062558
1 0.477416 0.677404 0.084034 0.204482
0 0.367910 0.970121 0.030987 0.057890
0 0.431460 0.728758 0.030987 0.064426
0 0.646534 0.366480 0.027311 0.062558
0 0.589811 0.503735 0.024160 0.073763
0 0.611082 0.359944 0.025735 0.068161
2 0.611870 0.232026 0.059874 0.144725
0 0.715336 0.152194 0.032563 0.065359
0 0.747637 0.072829 0.030987 0.061625
0 0.678309 0.133520 0.028887 0.061625
0 0.653887 0.124650 0.029412 0.062558
0 0.972952 0.837068 0.048845 0.049486
0 0.041229 0.400093 0.025735 0.066293
0 0.014443 0.409430 0.029937 0.043884
