0 0.853423 0.716931 0.023810 0.023810
0 0.836682 0.684524 0.024554 0.027778
0 0.872396 0.600529 0.018601 0.044974
0 0.880580 0.701058 0.012649 0.047619
0 0.126116 0.597222 0.027530 0.033069
0 0.199405 0.488757 0.026786 0.035714
0 0.013393 0.613757 0.023810 0.050265
0 0.854911 0.182540 0.026786 0.031746
1 0.960565 0.123016 0.031250 0.037037
1 0.715030 0.155423 0.020833 0.041005
0 0.739955 0.234127 0.026042 0.023810
0 0.299107 0.229497 0.019345 0.056878
0 0.260417 0.208333 0.019345 0.048942
0 0.250372 0.156746 0.018601 0.054233
0 0.284226 0.152116 0.017857 0.044974
0 0.318452 0.111111 0.022321 0.050265
2 0.744420 0.302249 0.063244 0.033069
0 0.597098 0.173280 0.026042 0.042328
0 0.286830 0.550926 0.029018 0.030423
0 0.379836 0.621032 0.027530 0.046296
0 0.328869 0.435185 0.022321 0.050265
3 0.977679 0.257275 0.011905 0.017196
3 0.321429 0.281746 0.014881 0.039683
3 0.146577 0.621693 0.014881 0.021164
3 0.803571 0.215608 0.011905 0.021164
3 0.607143 0.668651 0.014881 0.019841
3 0.414807 0.753307 0.011161 0.025132
3 0.326637 0.160053 0.011905 0.034392
0 0.615327 0.343915 0.028274 0.029101
0 0.575149 0.392857 0.025298 0.026455
0 0.207589 0.646164 0.031250 0.038360
1 0.239211 0.623677 0.029018 0.027778
1 0.269717 0.611111 0.031994 0.037037
0 0.699405 0.342593 0.031250 0.026455
0 0.604539 0.382275 0.024554 0.023810
0 0.643229 0.380952 0.029018 0.026455
0 0.647693 0.645503 0.027530 0.039683
0 0.654018 0.683862 0.026786 0.042328
0 0.673363 0.606481 0.026786 0.041005
0 0.687500 0.628307 0.026786 0.044974
0 0.739211 0.511905 0.026042 0.039683
0 0.498884 0.713624 0.024554 0.046296
0 0.040923 0.215608 0.025298 0.034392
