0 0.977679 0.481793 0.042542 0.061625
0 0.847426 0.751167 0.064601 0.084967
0 0.902836 0.386555 0.063025 0.076564
0 0.947479 0.536881 0.059874 0.067227
0 0.887342 0.589636 0.058298 0.077498
0 0.966124 0.894024 0.055147 0.086835
0 0.934349 0.943978 0.069328 0.054155
0 0.849265 0.983660 0.063025 0.030812
0 0.801471 0.528478 0.033613 0.102708
0 0.766807 0.572362 0.052521 0.100840
0 0.718487 0.597106 0.035714 0.099907
0 0.683036 0.539683 0.054097 0.104575
0 0.627626 0.455649 0.049370 0.102708
0 0.586660 0.306723 0.046218 0.098039
0 0.576155 0.588702 0.040966 0.116713
0 0.514706 0.479925 0.061975 0.061625
0 0.513130 0.422969 0.059874 0.056022
0 0.601366 0.223156 0.044118 0.093371
0 0.553046 0.119514 0.040966 0.089636
1 0.451418 0.043884 0.057248 0.089636
0 0.453519 0.180205 0.049895 0.056022
0 0.546218 0.679739 0.056723 0.072829
0 0.559611 0.860878 0.064601 0.085901
0 0.458246 0.956116 0.066702 0.085901
3 0.617647 0.927171 0.025210 0.044818
