0 0.034139 0.300654 0.033613 0.057890
0 0.037290 0.238095 0.038866 0.056022
0 0.498687 0.873483 0.036239 0.060691
3 0.486870 0.542484 0.013655 0.022409
3 0.407300 0.701214 0.009979 0.022409
3 0.548845 0.318394 0.014706 0.028011
0 0.310399 0.588702 0.039916 0.040149
0 0.328519 0.556022 0.038340 0.045752
0 0.339023 0.517740 0.038340 0.045752
0 0.255777 0.556956 0.039916 0.045752
0 0.284401 0.528945 0.038340 0.042017
0 0.290179 0.484594 0.039391 0.046685
0 0.215336 0.528478 0.037815 0.037348
0 0.233981 0.497199 0.040441 0.045752
0 0.243960 0.452848 0.034139 0.041083
0 0.168330 0.504669 0.041492 0.045752
0 0.186450 0.468721 0.039916 0.048553
0 0.176733 0.417834 0.038340 0.045752
0 0.716912 0.680672 0.040966 0.044818
0 0.759979 0.666200 0.040966 0.047619
0 0.721376 0.589636 0.036239 0.040149
0 0.742647 0.560224 0.040966 0.044818
0 0.750263 0.706816 0.034139 0.037348
0 0.866334 0.728758 0.040441 0.047619
0 0.902048 0.701681 0.043592 0.047619
0 0.802258 0.597572 0.040441 0.046685
0 0.790179 0.730626 0.038340 0.043884
0 0.836922 0.760037 0.040441 0.044818
0 0.881565 0.784314 0.042542 0.046685
0 0.925158 0.808590 0.040441 0.046685
0 0.019958 0.353408 0.040966 0.040149
0 0.111607 0.473389 0.041492 0.048553
0 0.069328 0.442110 0.039916 0.049486
0 0.117647 0.288982 0.038866 0.043884
0 0.170693 0.316527 0.044118 0.050420
0 0.073529 0.279645 0.039916 0.040149
2 0.468225 0.800654 0.061450 0.146592
0 0.589023 0.802521 0.037290 0.045752
0 0.733456 0.811391 0.035189 0.037348
1 0.547794 0.582166 0.029412 0.062558
1 0.458246 0.733894 0.080357 0.207283
0 0.401261 0.818861 0.030462 0.067227
0 0.656513 0.321662 0.026261 0.062558
0 0.591124 0.548553 0.021534 0.073763
0 0.602941 0.421102 0.024160 0.069094
2 0.599790 0.256303 0.063025 0.140990
0 0.716387 0.147526 0.032563 0.065359
0 0.750788 0.064426 0.030987 0.061625
0 0.658088 0.185341 0.027311 0.064426
0 0.646008 0.147993 0.029412 0.062558
0 0.972952 0.836134 0.048845 0.049486
0 0.040179 0.401027 0.025735 0.066293
0 0.014181 0.409430 0.029412 0.043884
