0 0.684611 0.487862 0.048845 0.103641
0 0.353992 0.729225 0.063025 0.128852
0 0.583246 0.967320 0.049895 0.061625
0 0.641282 0.814659 0.064076 0.079365
0 0.673319 0.716153 0.052521 0.110177
0 0.715336 0.618114 0.047269 0.123249
0 0.755515 0.482726 0.048845 0.106443
0 0.559874 0.686275 0.052521 0.110177
0 0.847689 0.365079 0.052521 0.056022
0 0.793067 0.337068 0.047269 0.100840
0 0.857931 0.313725 0.062500 0.056022
0 0.836660 0.241830 0.042017 0.085901
0 0.581670 0.407096 0.038340 0.097106
0 0.504989 0.629318 0.051996 0.104575
0 0.653624 0.225490 0.045693 0.094304
0 0.679359 0.136321 0.056197 0.078431
0 0.608718 0.132586 0.056723 0.056022
0 0.412027 0.799253 0.068803 0.061625
0 0.728992 0.047152 0.040966 0.090570
3 0.539391 0.967320 0.019958 0.042951
3 0.774160 0.283380 0.016807 0.049486
3 0.610294 0.322596 0.024160 0.040149
3 0.724265 0.123249 0.016807 0.044818
