0 0.403624 0.485994 0.029937 0.070028
0 0.552258 0.792717 0.043592 0.072829
0 0.611345 0.843137 0.044118 0.041083
0 0.639968 0.643324 0.032038 0.074697
0 0.451943 0.664799 0.032038 0.072829
0 0.487658 0.647059 0.027836 0.070962
0 0.441702 0.347339 0.040966 0.048553
0 0.334559 0.615780 0.044118 0.051354
0 0.360032 0.573763 0.039391 0.045752
0 0.372111 0.533147 0.041492 0.046685
0 0.227679 0.554155 0.045693 0.051354
0 0.266019 0.522409 0.041492 0.047619
0 0.258929 0.461718 0.043067 0.053221
0 0.170956 0.514006 0.038340 0.043884
0 0.196429 0.480859 0.044118 0.048553
0 0.203782 0.428571 0.036765 0.044818
0 0.116071 0.490663 0.046218 0.047619
0 0.141282 0.450980 0.043067 0.041083
0 0.157300 0.405229 0.041492 0.046685
0 0.751838 0.681139 0.042542 0.047619
0 0.731092 0.618114 0.040966 0.044818
0 0.722426 0.551354 0.038340 0.042017
0 0.764706 0.530345 0.040966 0.044818
0 0.793855 0.707750 0.033088 0.039216
0 0.814076 0.665266 0.043067 0.047619
0 0.814338 0.608310 0.042542 0.049486
0 0.840861 0.569561 0.045168 0.050420
0 0.839286 0.735294 0.040966 0.047619
0 0.876838 0.642857 0.042542 0.042017
0 0.894695 0.768908 0.044643 0.051354
0 0.938813 0.677404 0.044643 0.047619
0 0.944590 0.792717 0.045693 0.050420
0 0.987658 0.816993 0.022584 0.054155
1 0.688025 0.713819 0.066176 0.075630
0 0.332195 0.367414 0.039391 0.064426
1 0.211397 0.255369 0.042542 0.056956
0 0.065126 0.185808 0.042017 0.048553
0 0.100840 0.376284 0.045168 0.050420
0 0.084559 0.414566 0.040966 0.052288
0 0.055672 0.458450 0.043067 0.048553
0 0.045168 0.349206 0.040966 0.044818
0 0.012080 0.420168 0.025210 0.054155
0 0.008403 0.210084 0.017857 0.033613
0 0.059874 0.242764 0.045168 0.050420
0 0.949580 0.635854 0.046218 0.054155
0 0.452206 0.757236 0.034664 0.082166
0 0.564863 0.299720 0.041492 0.070962
0 0.652311 0.198880 0.026261 0.069094
0 0.681197 0.129785 0.030462 0.067227
0 0.653887 0.093371 0.032563 0.070962
0 0.706408 0.045752 0.031513 0.067227
3 0.566964 0.212885 0.009979 0.022409
3 0.546481 0.245098 0.014181 0.023343
