0 0.790923 0.439153 0.026786 0.042328
0 0.852307 0.710979 0.023065 0.025132
0 0.837426 0.680556 0.024554 0.030423
0 0.871652 0.595238 0.018601 0.044974
0 0.884673 0.662698 0.019345 0.044974
0 0.124256 0.597884 0.028274 0.031746
0 0.198661 0.491402 0.026786 0.035714
0 0.011905 0.619048 0.023810 0.050265
0 0.853423 0.177249 0.026786 0.031746
1 0.960565 0.117725 0.031250 0.037037
1 0.712054 0.151455 0.020833 0.041005
0 0.738095 0.231481 0.025298 0.023810
0 0.297991 0.229497 0.020089 0.056878
0 0.258929 0.208995 0.020833 0.050265
0 0.248140 0.156085 0.020089 0.055556
0 0.283110 0.152116 0.018601 0.044974
0 0.329613 0.179894 0.023810 0.055556
0 0.024182 0.736772 0.031994 0.042328
0 0.094122 0.686508 0.031994 0.039683
2 0.742188 0.296958 0.064732 0.033069
0 0.595610 0.171958 0.026042 0.042328
0 0.021577 0.699735 0.031250 0.044974
3 0.696057 0.318783 0.009673 0.018519
3 0.319940 0.281746 0.014881 0.039683
3 0.802455 0.205688 0.011161 0.019841
3 0.547247 0.772487 0.011161 0.031746
3 0.267485 0.645503 0.011161 0.015873
3 0.330357 0.182540 0.011905 0.034392
3 0.337054 0.154101 0.008929 0.022487
3 0.763393 0.319444 0.017857 0.019841
0 0.399554 0.443122 0.026786 0.039683
0 0.456473 0.438492 0.024554 0.030423
0 0.331845 0.275794 0.019345 0.051587
0 0.311384 0.183862 0.021577 0.042328
0 0.176711 0.633598 0.031994 0.037037
0 0.264137 0.609127 0.028274 0.033069
1 0.325521 0.583995 0.031994 0.027778
1 0.384673 0.618386 0.026786 0.033069
0 0.508557 0.372354 0.033482 0.038360
0 0.523438 0.407407 0.024554 0.023810
0 0.587798 0.386243 0.029762 0.026455
3 0.572173 0.350529 0.010417 0.018519
0 0.808036 0.343254 0.026786 0.025132
0 0.646205 0.641534 0.027530 0.039683
0 0.653646 0.680556 0.026042 0.043651
0 0.671131 0.603175 0.025298 0.042328
0 0.681176 0.634259 0.027530 0.046296
0 0.696429 0.560847 0.025298 0.039683
0 0.914807 0.330688 0.026042 0.026455
0 0.731771 0.587302 0.023065 0.047619
0 0.037946 0.217593 0.025298 0.038360
