0 0.034401 0.300187 0.033088 0.056956
0 0.037290 0.238095 0.038866 0.056022
0 0.487132 0.889823 0.035189 0.063492
3 0.495273 0.519608 0.013655 0.023343
3 0.329832 0.984127 0.012605 0.022409
3 0.409926 0.688142 0.009979 0.022409
3 0.557248 0.309991 0.014706 0.029879
0 0.310662 0.588702 0.040441 0.040149
0 0.328782 0.556022 0.037815 0.045752
0 0.339023 0.517740 0.038340 0.045752
0 0.256040 0.556956 0.039391 0.045752
0 0.284401 0.528945 0.038340 0.042017
0 0.290179 0.484594 0.039391 0.046685
0 0.215861 0.528478 0.037815 0.037348
0 0.233981 0.497199 0.040441 0.045752
0 0.243960 0.452848 0.034139 0.041083
0 0.168855 0.504669 0.041492 0.045752
0 0.186450 0.468721 0.039916 0.048553
0 0.170431 0.414099 0.038340 0.045752
0 0.716912 0.680672 0.040966 0.044818
0 0.766282 0.669935 0.040966 0.047619
0 0.721376 0.589636 0.036239 0.040149
0 0.742647 0.560224 0.040966 0.044818
0 0.750263 0.706816 0.034139 0.037348
0 0.878939 0.734360 0.040441 0.047619
0 0.912027 0.707283 0.043592 0.047619
0 0.802258 0.597572 0.040441 0.046685
0 0.790179 0.731092 0.038340 0.044818
0 0.836922 0.760037 0.040441 0.044818
0 0.881565 0.785247 0.042542 0.046685
0 0.925158 0.808590 0.040441 0.046685
0 0.018908 0.353875 0.038866 0.039216
0 0.111607 0.473389 0.041492 0.048553
0 0.069590 0.442110 0.039391 0.049486
0 0.118172 0.288982 0.038866 0.043884
0 0.170693 0.316527 0.044118 0.050420
0 0.074580 0.279178 0.039916 0.041083
2 0.464548 0.812325 0.062500 0.147526
0 0.572479 0.807190 0.037815 0.047619
0 0.711922 0.803922 0.035189 0.037348
1 0.544118 0.595238 0.029412 0.062558
1 0.466124 0.710551 0.082458 0.205415
0 0.411765 0.781979 0.030462 0.066293
0 0.652836 0.340336 0.026261 0.062558
0 0.589811 0.531279 0.023109 0.074697
0 0.605567 0.397759 0.024160 0.069094
2 0.605042 0.246032 0.060924 0.142857
0 0.715861 0.149393 0.032563 0.065359
0 0.749737 0.068161 0.030987 0.061625
0 0.666492 0.163399 0.027311 0.063492
0 0.649160 0.138655 0.029412 0.062558
0 0.972952 0.837068 0.048845 0.049486
0 0.040704 0.401027 0.025735 0.066293
0 0.014443 0.409430 0.029937 0.043884
