0 0.853051 0.709656 0.024554 0.030423
0 0.837798 0.675926 0.026786 0.031746
0 0.869792 0.592593 0.020833 0.050265
0 0.887649 0.656746 0.020833 0.048942
0 0.894345 0.397487 0.032738 0.041005
0 0.861607 0.412037 0.026786 0.043651
0 0.123512 0.605159 0.031250 0.035714
0 0.196057 0.493386 0.029018 0.037037
0 0.009673 0.621693 0.020833 0.050265
0 0.851562 0.174603 0.029018 0.034392
1 0.956473 0.114418 0.034970 0.041005
0 0.712426 0.150794 0.026042 0.044974
0 0.737351 0.230820 0.031250 0.030423
0 0.296503 0.232143 0.020089 0.056878
0 0.255952 0.208995 0.017857 0.050265
0 0.247396 0.158069 0.020089 0.051587
0 0.279762 0.151455 0.019345 0.048942
0 0.328497 0.191799 0.021577 0.055556
0 0.314360 0.132937 0.020089 0.054233
0 0.304688 0.065476 0.021577 0.054233
0 0.329613 0.012566 0.020833 0.027778
0 0.353423 0.220238 0.014881 0.038360
0 0.890253 0.308201 0.031994 0.037037
2 0.741071 0.296296 0.066964 0.037037
0 0.592262 0.171958 0.028274 0.042328
0 0.069568 0.757937 0.031994 0.034392
3 0.364211 0.401455 0.011161 0.033069
3 0.100818 0.723545 0.015625 0.018519
3 0.373140 0.703704 0.011161 0.023810
3 0.529018 0.761905 0.010417 0.021164
0 0.564360 0.732804 0.012649 0.021164
0 0.421875 0.187169 0.014881 0.017196
