0 0.019170 0.332400 0.027836 0.072829
0 0.015231 0.266573 0.029412 0.066293
2 0.369485 0.922969 0.065651 0.150327
0 0.718487 0.177404 0.024160 0.056022
0 0.715861 0.089169 0.031513 0.062558
0 0.434611 0.732493 0.028887 0.068161
0 0.649685 0.298786 0.031513 0.063492
0 0.627101 0.280112 0.028361 0.061625
0 0.546218 0.378151 0.031513 0.063492
0 0.581933 0.339869 0.027311 0.059757
0 0.623687 0.187208 0.028887 0.062558
0 0.306197 0.588702 0.040966 0.040149
0 0.323529 0.552288 0.037815 0.047619
0 0.332195 0.514472 0.039391 0.044818
0 0.251838 0.558824 0.039391 0.047619
0 0.278887 0.528945 0.037815 0.042017
0 0.284926 0.481793 0.039391 0.046685
0 0.207721 0.525677 0.036239 0.039216
0 0.228729 0.497199 0.040441 0.045752
0 0.238445 0.450047 0.034664 0.039216
0 0.160452 0.504202 0.041492 0.044818
0 0.178834 0.467320 0.040441 0.049486
0 0.194590 0.429038 0.038340 0.045752
0 0.720326 0.673203 0.040441 0.044818
0 0.721901 0.627451 0.036239 0.046685
0 0.727153 0.579365 0.036239 0.040149
0 0.748950 0.551821 0.040966 0.044818
0 0.754202 0.700280 0.034664 0.037348
0 0.777048 0.662465 0.040441 0.047619
0 0.782563 0.612979 0.042017 0.047619
0 0.804884 0.582633 0.044643 0.050420
0 0.793855 0.720822 0.039391 0.044818
0 0.830882 0.644258 0.040966 0.044818
0 0.842700 0.751634 0.040441 0.044818
0 0.893645 0.675537 0.043592 0.045752
0 0.888655 0.776844 0.043067 0.046685
0 0.931985 0.797852 0.040441 0.047619
0 0.562237 0.822596 0.040441 0.052288
1 0.561187 0.512605 0.035189 0.106443
0 0.460609 0.763305 0.027311 0.070028
1 0.480567 0.594771 0.027311 0.070962
0 0.453782 0.410831 0.037815 0.039216
0 0.146271 0.400560 0.040441 0.044818
0 0.130252 0.438375 0.040966 0.043884
0 0.104779 0.476190 0.041492 0.048553
0 0.094538 0.378151 0.040966 0.039216
0 0.060662 0.442110 0.041492 0.049486
0 0.065126 0.255369 0.040966 0.043884
0 0.130252 0.297386 0.046218 0.049486
0 0.047532 0.286181 0.038340 0.049486
0 0.556723 0.423903 0.031513 0.067227
0 0.662815 0.147526 0.028361 0.061625
0 0.698529 0.063492 0.028361 0.061625
1 0.601628 0.493931 0.056197 0.112045
0 0.976891 0.824930 0.042017 0.049486
0 0.031513 0.399627 0.025210 0.067227
0 0.007353 0.409430 0.015756 0.043884
