0 0.031250 0.301120 0.037290 0.060691
0 0.033613 0.239496 0.040966 0.055089
0 0.878414 0.907096 0.040441 0.049486
0 0.596639 0.502334 0.028361 0.061625
0 0.556460 0.805789 0.043592 0.052288
0 0.490021 0.746965 0.034664 0.072829
0 0.476628 0.900560 0.032038 0.068161
0 0.429359 0.915966 0.027836 0.059757
0 0.584821 0.382353 0.030987 0.066293
3 0.348214 0.958917 0.010504 0.026144
3 0.308824 0.258637 0.016807 0.022409
0 0.309086 0.588702 0.040441 0.040149
0 0.327468 0.555556 0.038340 0.046685
0 0.336660 0.516807 0.038866 0.045752
0 0.254464 0.557423 0.039391 0.046685
0 0.282563 0.528945 0.037815 0.042017
0 0.289128 0.481793 0.039391 0.046685
0 0.214023 0.525677 0.037290 0.039216
0 0.231880 0.497199 0.040441 0.045752
0 0.240284 0.450980 0.034139 0.039216
0 0.167279 0.503268 0.041492 0.044818
0 0.183824 0.468721 0.039916 0.048553
0 0.200368 0.429972 0.038340 0.045752
0 0.716912 0.675070 0.040966 0.044818
0 0.718225 0.634921 0.036239 0.046685
0 0.720851 0.583100 0.036239 0.040149
0 0.743435 0.552754 0.040441 0.044818
0 0.750525 0.700280 0.034664 0.037348
0 0.773372 0.664332 0.040441 0.047619
0 0.801471 0.632586 0.042017 0.047619
0 0.800420 0.590570 0.040966 0.047619
0 0.789391 0.726424 0.038866 0.044818
0 0.836922 0.754435 0.040441 0.044818
0 0.881303 0.779645 0.043067 0.046685
0 0.925158 0.800654 0.040441 0.047619
0 0.138918 0.395425 0.040441 0.043884
0 0.075893 0.376751 0.040441 0.056956
0 0.109506 0.475257 0.041492 0.048553
0 0.066964 0.442110 0.041492 0.049486
0 0.103466 0.280579 0.038866 0.043884
0 0.167017 0.314659 0.044118 0.050420
0 0.066439 0.281513 0.040441 0.043884
2 0.472689 0.550420 0.054622 0.146592
1 0.651261 0.279645 0.029412 0.062558
0 0.747374 0.014939 0.026261 0.031746
0 0.732931 0.787115 0.044643 0.050420
0 0.643120 0.717087 0.034139 0.061625
2 0.412290 0.363679 0.086134 0.068161
0 0.535714 0.513539 0.028361 0.069094
0 0.534926 0.444911 0.026786 0.060691
0 0.972426 0.830532 0.048845 0.049486
0 0.039916 0.401027 0.025210 0.066293
0 0.013655 0.409430 0.028361 0.043884
