0 0.025210 0.337068 0.027311 0.072829
0 0.022321 0.266573 0.035189 0.066293
0 0.907826 0.924837 0.041492 0.051354
0 0.727679 0.084500 0.029937 0.066293
0 0.817227 0.803455 0.040966 0.043884
0 0.626050 0.353875 0.028361 0.056022
0 0.445903 0.770308 0.031513 0.072829
2 0.478992 0.595238 0.075630 0.178338
1 0.693277 0.225957 0.030462 0.067227
0 0.688550 0.441643 0.028361 0.057890
0 0.578519 0.497199 0.030987 0.062558
0 0.535714 0.438842 0.028361 0.061625
0 0.521796 0.662465 0.032038 0.068161
0 0.687237 0.101307 0.027836 0.056956
0 0.642069 0.136321 0.030987 0.057890
0 0.646271 0.174136 0.028887 0.055089
0 0.307248 0.588702 0.040966 0.040149
0 0.325630 0.554155 0.037815 0.047619
0 0.333771 0.514939 0.039391 0.045752
0 0.252626 0.557890 0.039916 0.047619
0 0.280200 0.528945 0.038340 0.042017
0 0.286502 0.481793 0.039391 0.046685
0 0.212185 0.525677 0.034664 0.039216
0 0.231355 0.498133 0.040441 0.045752
0 0.240021 0.451914 0.034664 0.039216
0 0.164653 0.507003 0.041492 0.044818
0 0.182773 0.467320 0.040966 0.049486
0 0.199317 0.430439 0.038340 0.044818
0 0.716912 0.671335 0.040966 0.044818
0 0.718225 0.629318 0.036239 0.046685
0 0.724527 0.580299 0.036239 0.040149
0 0.742647 0.549953 0.040966 0.044818
0 0.752626 0.700280 0.034664 0.037348
0 0.773897 0.662465 0.040441 0.047619
0 0.775735 0.612979 0.042017 0.047619
0 0.801733 0.584967 0.042542 0.049486
0 0.791229 0.720822 0.039391 0.044818
0 0.851366 0.659197 0.040966 0.044818
0 0.839023 0.751634 0.040441 0.044818
0 0.880777 0.774977 0.043067 0.046685
0 0.926733 0.799720 0.040441 0.047619
1 0.586922 0.393557 0.045693 0.105509
1 0.448792 0.847806 0.032038 0.078431
0 0.597952 0.245565 0.028887 0.061625
0 0.150473 0.404295 0.040441 0.044818
0 0.137080 0.440243 0.040966 0.043884
0 0.106880 0.476190 0.041492 0.048553
0 0.102416 0.378151 0.040966 0.039216
0 0.064338 0.442110 0.041492 0.049486
0 0.101628 0.282446 0.038340 0.043884
0 0.158088 0.310924 0.044118 0.050420
0 0.057511 0.288982 0.036239 0.049486
0 0.623687 0.257236 0.030987 0.066293
1 0.484769 0.848739 0.056723 0.128852
2 0.172006 0.246032 0.087710 0.086835
2 0.010504 0.150794 0.022059 0.079365
0 0.972426 0.825864 0.048845 0.049486
0 0.037815 0.401494 0.025210 0.067227
0 0.011555 0.409430 0.024160 0.043884
