0 0.445378 0.624650 0.028361 0.069094
0 0.487132 0.878618 0.037290 0.072829
0 0.545693 0.850607 0.043067 0.056022
0 0.613183 0.568161 0.027836 0.071895
0 0.485557 0.568161 0.029937 0.071895
0 0.519695 0.535014 0.027836 0.065359
0 0.522584 0.345005 0.038866 0.053221
0 0.308298 0.598973 0.045168 0.051354
0 0.321954 0.550887 0.038866 0.044818
0 0.334821 0.511671 0.040441 0.044818
0 0.233193 0.554155 0.040966 0.049486
0 0.265494 0.521475 0.040441 0.043884
0 0.268645 0.469655 0.042542 0.048553
0 0.186712 0.520542 0.039391 0.043884
0 0.206408 0.486928 0.044118 0.049486
0 0.217700 0.439309 0.035189 0.042017
0 0.131040 0.495331 0.042542 0.043884
0 0.152836 0.453782 0.043067 0.042951
0 0.169905 0.415500 0.040441 0.046685
0 0.741859 0.679272 0.042542 0.047619
0 0.740809 0.628852 0.039391 0.042017
0 0.743172 0.572829 0.037815 0.038282
0 0.766807 0.541550 0.040966 0.044818
0 0.780462 0.704949 0.033613 0.039216
0 0.799895 0.661064 0.040966 0.044818
0 0.805410 0.613445 0.042542 0.050420
0 0.834559 0.578431 0.045168 0.051354
0 0.822479 0.729692 0.040966 0.047619
0 0.862658 0.644725 0.041492 0.042017
0 0.876050 0.761905 0.042017 0.050420
0 0.919905 0.676471 0.043592 0.047619
0 0.923057 0.787115 0.045693 0.050420
0 0.975053 0.814659 0.043592 0.053221
0 0.832983 0.890756 0.045168 0.050420
1 0.616859 0.657796 0.059349 0.092437
0 0.412553 0.487862 0.030987 0.066293
1 0.329044 0.346405 0.040441 0.056022
0 0.205357 0.276377 0.042017 0.048553
0 0.119223 0.388422 0.045168 0.050420
0 0.102416 0.424837 0.040966 0.052288
0 0.074580 0.465920 0.043067 0.048553
0 0.064601 0.363212 0.038866 0.044818
0 0.027836 0.432306 0.043067 0.054155
0 0.018382 0.225023 0.037815 0.033613
0 0.071954 0.250233 0.045168 0.050420
0 0.013655 0.255836 0.028361 0.054155
0 0.971639 0.659197 0.046218 0.057890
0 0.490284 0.637722 0.033088 0.074697
0 0.609244 0.219888 0.031513 0.073763
0 0.647321 0.205882 0.027836 0.064426
0 0.676208 0.138189 0.029937 0.067227
0 0.704569 0.045752 0.032038 0.069094
1 0.719013 0.132586 0.053571 0.123249
3 0.545693 0.266573 0.011555 0.025210
3 0.558561 0.230159 0.013130 0.023343
0 0.002889 0.381886 0.006828 0.067227
