0 0.036239 0.296452 0.032563 0.055089
0 0.043592 0.231092 0.043067 0.045752
3 0.555147 0.371148 0.014706 0.023343
3 0.368172 0.865546 0.009454 0.028011
3 0.429359 0.601307 0.009979 0.024276
3 0.592174 0.241363 0.014181 0.028945
0 0.310924 0.588702 0.039916 0.040149
0 0.329044 0.556022 0.038340 0.045752
0 0.339548 0.517740 0.038340 0.045752
0 0.256303 0.556956 0.039916 0.045752
0 0.284926 0.528945 0.038340 0.042017
0 0.290179 0.485528 0.039391 0.046685
0 0.216387 0.528478 0.037815 0.037348
0 0.234506 0.497199 0.040441 0.045752
0 0.243960 0.451914 0.034139 0.039216
0 0.168855 0.504669 0.041492 0.045752
0 0.186975 0.468721 0.039916 0.048553
0 0.113183 0.379552 0.038340 0.045752
0 0.716912 0.682540 0.040966 0.044818
0 0.819853 0.700747 0.040966 0.045752
0 0.722689 0.594304 0.036765 0.040149
0 0.742647 0.563025 0.040966 0.044818
0 0.750263 0.708683 0.034139 0.037348
0 0.974002 0.792250 0.040441 0.047619
0 0.802784 0.597572 0.040441 0.046685
0 0.789653 0.733427 0.038340 0.043884
0 0.836922 0.760971 0.040441 0.044818
0 0.881565 0.787115 0.042542 0.046685
0 0.925158 0.809991 0.040441 0.045752
0 0.013393 0.360878 0.027836 0.038282
0 0.112132 0.473389 0.041492 0.048553
0 0.069853 0.442110 0.038866 0.049486
0 0.121324 0.289916 0.038866 0.043884
0 0.171744 0.316527 0.044118 0.050420
0 0.081408 0.276844 0.039916 0.042017
2 0.438813 0.887021 0.063550 0.149393
0 0.492122 0.884687 0.035714 0.066293
0 0.591912 0.796919 0.034664 0.042017
1 0.509454 0.686741 0.029412 0.060691
1 0.518382 0.564426 0.084034 0.202614
0 0.418330 0.820728 0.032038 0.069094
0 0.495536 0.547619 0.032038 0.058824
0 0.620536 0.451447 0.029937 0.060691
0 0.597689 0.395425 0.025210 0.071895
0 0.645221 0.225957 0.029937 0.061625
2 0.631040 0.181606 0.059349 0.142857
0 0.712710 0.162465 0.032563 0.065359
0 0.740284 0.092437 0.030987 0.061625
0 0.712447 0.042017 0.029937 0.059757
0 0.671218 0.077031 0.029412 0.060691
0 0.972952 0.838936 0.048845 0.049486
0 0.043067 0.400093 0.026261 0.066293
0 0.014443 0.409430 0.029937 0.043884
