0 0.028361 0.307656 0.037815 0.064426
0 0.030462 0.246965 0.040966 0.060691
0 0.673845 0.268441 0.028361 0.060691
0 0.643382 0.788982 0.043067 0.044818
0 0.569328 0.535014 0.034664 0.072829
0 0.568803 0.788515 0.040966 0.047619
0 0.485557 0.750233 0.027836 0.060691
0 0.541229 0.497199 0.030987 0.066293
2 0.584821 0.292717 0.078256 0.178338
1 0.516544 0.747899 0.034139 0.074697
0 0.860032 0.579832 0.035189 0.044818
0 0.439863 0.898226 0.030987 0.070962
0 0.641019 0.149393 0.028887 0.061625
3 0.149685 0.186741 0.016807 0.018674
0 0.308561 0.588702 0.040441 0.040149
0 0.326681 0.554622 0.037815 0.046685
0 0.335609 0.515873 0.038866 0.045752
0 0.253939 0.557423 0.039391 0.046685
0 0.281775 0.528945 0.038340 0.042017
0 0.288078 0.481793 0.039391 0.046685
0 0.213498 0.525677 0.036239 0.039216
0 0.231880 0.497199 0.040441 0.045752
0 0.240021 0.450980 0.034664 0.039216
0 0.166229 0.505135 0.041492 0.044818
0 0.183298 0.468721 0.039916 0.048553
0 0.199842 0.429972 0.038340 0.045752
0 0.716912 0.674136 0.040966 0.044818
0 0.718225 0.633053 0.036239 0.046685
0 0.722426 0.582166 0.036239 0.040149
0 0.743172 0.555556 0.040966 0.044818
0 0.751050 0.700280 0.034664 0.037348
0 0.770221 0.661531 0.040441 0.047619
0 0.785714 0.622316 0.042017 0.047619
0 0.798582 0.587768 0.040441 0.047619
0 0.789391 0.723623 0.038866 0.044818
0 0.837447 0.753501 0.040441 0.044818
0 0.881303 0.778711 0.043067 0.046685
0 0.925683 0.800654 0.040441 0.047619
1 0.652836 0.197479 0.046218 0.099907
0 0.152048 0.407096 0.040441 0.044818
0 0.119485 0.428571 0.040441 0.056022
0 0.108456 0.476190 0.041492 0.048553
0 0.042805 0.352007 0.044643 0.035481
0 0.065914 0.442110 0.041492 0.049486
0 0.102679 0.281513 0.038340 0.043884
0 0.165441 0.314659 0.044118 0.050420
0 0.063813 0.283380 0.039391 0.045752
2 0.403361 0.423903 0.078782 0.113912
1 0.711134 0.105042 0.029412 0.062558
0 0.903887 0.887488 0.042017 0.049486
0 0.779149 0.813725 0.036239 0.049486
2 0.268382 0.290383 0.087185 0.089636
0 0.492910 0.630719 0.028887 0.066293
0 0.477679 0.603175 0.030987 0.057890
0 0.972426 0.828665 0.048845 0.049486
0 0.039391 0.402428 0.025210 0.067227
0 0.013393 0.409430 0.027836 0.043884
