0 0.816964 0.219888 0.066702 0.060691
0 0.930147 0.441643 0.045168 0.091503
0 0.876838 0.271242 0.047794 0.092437
0 0.722164 0.180205 0.048319 0.085901
0 0.793067 0.290383 0.049370 0.085901
0 0.748950 0.369748 0.045168 0.089636
0 0.919118 0.538282 0.067227 0.071895
0 0.945903 0.587768 0.066176 0.066293
0 0.928571 0.652194 0.072479 0.066293
0 0.870798 0.585901 0.047269 0.094304
0 0.852941 0.659197 0.065126 0.059757
0 0.797269 0.755836 0.048319 0.099907
0 0.663340 0.361345 0.031513 0.095238
0 0.641544 0.425770 0.055147 0.084034
0 0.607405 0.475724 0.045693 0.099907
0 0.563025 0.444444 0.039916 0.104575
0 0.497374 0.405229 0.055672 0.085901
0 0.429097 0.284781 0.056723 0.085901
0 0.787290 0.950514 0.072479 0.091503
0 0.560662 0.908497 0.050945 0.123249
0 0.472952 0.553221 0.054097 0.109244
0 0.397059 0.492530 0.063025 0.070028
0 0.384191 0.444911 0.059349 0.075630
0 0.426471 0.197479 0.052521 0.094304
0 0.358981 0.127451 0.045693 0.081232
1 0.244223 0.098039 0.070378 0.106443
0 0.277574 0.246032 0.050945 0.071895
0 0.679622 0.976190 0.056723 0.045752
0 0.464548 0.660131 0.055147 0.076564
0 0.512868 0.822129 0.056197 0.101774
0 0.439601 0.959384 0.058824 0.075630
3 0.659139 0.661531 0.025210 0.051354
3 0.978466 0.242297 0.018908 0.043884
3 0.829569 0.566293 0.019433 0.043884
3 0.760504 0.776844 0.017857 0.056022
