0 0.700521 0.554233 0.024554 0.042328
0 0.774926 0.486111 0.031994 0.043651
0 0.853423 0.708333 0.022321 0.027778
0 0.837426 0.674603 0.027530 0.034392
0 0.871280 0.592593 0.019345 0.047619
0 0.890625 0.658730 0.020833 0.047619
0 0.122768 0.605159 0.031250 0.038360
0 0.196057 0.490741 0.026042 0.034392
0 0.009301 0.622354 0.020089 0.046296
0 0.853051 0.174603 0.027530 0.037037
1 0.959449 0.113757 0.031994 0.042328
0 0.713542 0.148810 0.025298 0.043651
0 0.738839 0.228175 0.031250 0.030423
0 0.293155 0.231481 0.019345 0.055556
0 0.256324 0.208333 0.018601 0.048942
0 0.248884 0.156085 0.018601 0.052910
0 0.281622 0.150794 0.018601 0.044974
0 0.327009 0.180556 0.021577 0.056878
0 0.162574 0.646164 0.027530 0.041005
0 0.206845 0.617063 0.031250 0.038360
0 0.323661 0.075397 0.013393 0.034392
2 0.743304 0.296296 0.063988 0.031746
0 0.593750 0.169974 0.026786 0.041005
3 0.339286 0.241402 0.010417 0.030423
0 0.126860 0.623016 0.027530 0.039683
0 0.210938 0.566138 0.024554 0.042328
0 0.271949 0.578704 0.031994 0.038360
0 0.763021 0.552910 0.024554 0.042328
1 0.831101 0.454365 0.026786 0.041005
1 0.962426 0.341270 0.023065 0.037037
0 0.054688 0.683862 0.033482 0.037037
3 0.170015 0.592593 0.012649 0.021164
0 0.161086 0.621032 0.026042 0.038360
0 0.594494 0.730820 0.023810 0.041005
0 0.610863 0.794312 0.023810 0.046296
0 0.627232 0.670635 0.023810 0.042328
0 0.659970 0.670635 0.025298 0.042328
0 0.668527 0.604497 0.026042 0.039683
0 0.693824 0.619048 0.024554 0.042328
0 0.034598 0.220899 0.029018 0.037037
