0 0.030200 0.302521 0.037290 0.061625
0 0.032563 0.241363 0.040966 0.056956
0 0.982668 0.974323 0.033613 0.049486
0 0.630777 0.399627 0.028361 0.061625
0 0.591387 0.788049 0.043067 0.044818
0 0.520483 0.661998 0.034664 0.072829
0 0.514706 0.834267 0.034664 0.056956
0 0.449842 0.855742 0.027836 0.060691
0 0.564338 0.438375 0.030987 0.066293
2 0.613708 0.215219 0.073004 0.174603
1 0.468225 0.887021 0.034139 0.074697
0 0.962185 0.638189 0.038866 0.045752
0 0.663078 0.085901 0.028887 0.061625
3 0.241071 0.227358 0.016807 0.019608
0 0.308561 0.588702 0.040441 0.040149
0 0.327206 0.555556 0.037815 0.046685
0 0.336134 0.516340 0.038866 0.044818
0 0.254202 0.557423 0.039916 0.046685
0 0.282300 0.528945 0.038340 0.042017
0 0.288603 0.481793 0.039391 0.046685
0 0.213761 0.525677 0.036765 0.039216
0 0.231880 0.497199 0.040441 0.045752
0 0.240021 0.450980 0.034664 0.039216
0 0.167279 0.503268 0.041492 0.044818
0 0.183824 0.468721 0.039916 0.048553
0 0.199842 0.429972 0.038340 0.045752
0 0.716912 0.674136 0.040966 0.044818
0 0.718225 0.633987 0.036239 0.046685
0 0.721376 0.583100 0.036239 0.040149
0 0.743435 0.553688 0.040441 0.044818
0 0.750525 0.700280 0.034664 0.037348
0 0.770221 0.661531 0.040441 0.047619
0 0.790966 0.627918 0.042017 0.047619
0 0.799370 0.589636 0.040966 0.047619
0 0.789391 0.724556 0.038866 0.044818
0 0.836922 0.754435 0.040441 0.044818
0 0.881303 0.778711 0.043067 0.046685
0 0.925158 0.800654 0.040441 0.047619
1 0.679359 0.122316 0.045693 0.102708
0 0.149947 0.403361 0.040441 0.044818
0 0.093750 0.403828 0.040441 0.056956
0 0.108981 0.475257 0.041492 0.048553
0 0.066439 0.442110 0.041492 0.049486
0 0.103204 0.280579 0.038340 0.043884
0 0.166492 0.314659 0.044118 0.050420
0 0.065914 0.281513 0.040441 0.043884
2 0.448792 0.492997 0.068803 0.136321
1 0.678571 0.202148 0.029412 0.062558
0 0.805672 0.831466 0.042017 0.049486
0 0.691439 0.759570 0.036239 0.049486
2 0.351628 0.338936 0.086660 0.082166
0 0.519170 0.554622 0.027836 0.067227
0 0.511029 0.509337 0.029412 0.058824
0 0.972426 0.829599 0.048845 0.049486
0 0.039391 0.401494 0.025210 0.067227
0 0.013655 0.409430 0.028361 0.043884
