0 0.415966 0.513539 0.028361 0.069094
0 0.537553 0.806723 0.042542 0.070962
0 0.595326 0.840803 0.042542 0.042017
0 0.632878 0.629318 0.029412 0.074697
0 0.462185 0.633520 0.031513 0.070028
0 0.496849 0.618114 0.027311 0.070962
0 0.463235 0.356676 0.039916 0.048553
0 0.326418 0.611111 0.043592 0.051354
0 0.345588 0.564426 0.039916 0.043884
0 0.358456 0.523810 0.041492 0.048553
0 0.224265 0.549486 0.045168 0.051354
0 0.263918 0.521942 0.040441 0.046685
0 0.261292 0.464519 0.042542 0.051354
0 0.174107 0.514939 0.038340 0.043884
0 0.197216 0.481793 0.044643 0.048553
0 0.205882 0.427638 0.035714 0.044818
0 0.118960 0.492530 0.044643 0.045752
0 0.143908 0.451447 0.043067 0.042017
0 0.159926 0.408030 0.041492 0.046685
0 0.750263 0.681139 0.042542 0.047619
0 0.736345 0.621849 0.040966 0.044818
0 0.730567 0.557890 0.037815 0.042017
0 0.767595 0.534080 0.041492 0.044818
0 0.792279 0.707750 0.033088 0.039216
0 0.814338 0.666200 0.042542 0.047619
0 0.815389 0.610177 0.042542 0.049486
0 0.842962 0.577031 0.047269 0.048553
0 0.836134 0.733427 0.040966 0.047619
0 0.876576 0.647059 0.046218 0.050420
0 0.891282 0.766573 0.044118 0.050420
0 0.936450 0.678338 0.044118 0.047619
0 0.942752 0.796452 0.046218 0.050420
0 0.985557 0.816993 0.026786 0.054155
0 0.965599 0.967787 0.045693 0.064426
1 0.671481 0.700747 0.063550 0.075630
0 0.352153 0.389823 0.039391 0.064426
1 0.238183 0.273109 0.042542 0.056956
0 0.096639 0.206349 0.042017 0.048553
0 0.102941 0.372549 0.045168 0.050420
0 0.090336 0.419234 0.040966 0.052288
0 0.060399 0.462185 0.043067 0.048553
0 0.049370 0.353875 0.039916 0.044818
0 0.014968 0.422035 0.030987 0.054155
0 0.011029 0.211018 0.023109 0.033613
0 0.064076 0.245565 0.045168 0.050420
0 0.956933 0.640523 0.046218 0.054155
0 0.461134 0.730159 0.033613 0.080299
0 0.576681 0.283847 0.038866 0.074697
0 0.650735 0.200747 0.026261 0.069094
0 0.679622 0.131653 0.030462 0.067227
0 0.658088 0.080299 0.032563 0.070962
0 0.705882 0.046685 0.031513 0.067227
3 0.562763 0.224090 0.009979 0.022409
3 0.548845 0.235761 0.014706 0.021475
