0 0.032563 0.301120 0.034664 0.060691
0 0.035977 0.238562 0.040441 0.055089
0 0.582983 0.822596 0.037815 0.042951
0 0.483193 0.848739 0.028361 0.061625
0 0.431460 0.920168 0.034139 0.071895
0 0.685137 0.117647 0.030987 0.061625
3 0.440126 0.674136 0.012605 0.022409
3 0.390756 0.779645 0.010504 0.022409
3 0.498162 0.357143 0.016282 0.023343
0 0.310137 0.588702 0.040441 0.040149
0 0.328519 0.556022 0.038340 0.045752
0 0.338235 0.517274 0.038866 0.044818
0 0.255515 0.556956 0.039391 0.045752
0 0.283876 0.528945 0.038340 0.042017
0 0.289653 0.483660 0.039391 0.046685
0 0.214811 0.528945 0.037815 0.038282
0 0.233456 0.497199 0.040441 0.045752
0 0.243960 0.453782 0.034139 0.042951
0 0.168330 0.504202 0.041492 0.044818
0 0.185399 0.468721 0.039916 0.048553
0 0.200368 0.429972 0.038340 0.045752
0 0.716912 0.678805 0.040966 0.044818
0 0.736345 0.647526 0.038866 0.047619
0 0.720851 0.586835 0.036239 0.040149
0 0.743172 0.557423 0.040966 0.044818
0 0.750263 0.704949 0.034139 0.037348
0 0.812500 0.693277 0.040966 0.047619
0 0.860032 0.675537 0.043592 0.047619
0 0.801996 0.597572 0.040966 0.046685
0 0.790704 0.728758 0.038340 0.043884
0 0.836922 0.758170 0.040441 0.044818
0 0.881565 0.782446 0.042542 0.046685
0 0.925158 0.806723 0.040441 0.046685
0 0.045168 0.355275 0.042017 0.040149
0 0.111082 0.474323 0.041492 0.048553
0 0.069065 0.442110 0.040441 0.049486
0 0.115021 0.287115 0.038866 0.043884
0 0.169643 0.315593 0.044118 0.050420
0 0.068803 0.281513 0.039916 0.042017
2 0.486870 0.739029 0.053571 0.148459
0 0.702731 0.812325 0.040966 0.042951
0 0.858718 0.866480 0.036765 0.039216
1 0.569853 0.509337 0.029412 0.062558
1 0.414653 0.859477 0.082458 0.213819
0 0.678834 0.222689 0.026786 0.062558
0 0.604779 0.640523 0.027836 0.072829
0 0.596376 0.530345 0.023634 0.069094
2 0.566176 0.317460 0.073529 0.125117
0 0.726366 0.120448 0.032563 0.065359
0 0.763393 0.033147 0.030987 0.051354
0 0.611870 0.310458 0.029412 0.062558
0 0.623950 0.212418 0.029412 0.062558
0 0.972952 0.834267 0.048845 0.049486
0 0.038866 0.401027 0.025210 0.066293
0 0.014181 0.409430 0.029412 0.043884
