0 0.718378 0.527778 0.024554 0.042328
0 0.844122 0.395503 0.033482 0.042328
0 0.853423 0.708333 0.022321 0.027778
0 0.837426 0.674603 0.027530 0.034392
0 0.871280 0.592593 0.019345 0.047619
0 0.890625 0.657407 0.020833 0.047619
0 0.123512 0.603175 0.031250 0.037037
0 0.196801 0.489418 0.026042 0.034392
0 0.009301 0.621693 0.020089 0.047619
0 0.853051 0.173280 0.027530 0.037037
1 0.959449 0.113757 0.031994 0.042328
0 0.713542 0.148810 0.025298 0.043651
0 0.738839 0.226852 0.031250 0.030423
0 0.293899 0.231481 0.019345 0.055556
0 0.256324 0.208333 0.018601 0.048942
0 0.249256 0.155423 0.019345 0.054233
0 0.281622 0.150794 0.018601 0.044974
0 0.327753 0.179233 0.021577 0.054233
0 0.158854 0.649471 0.029018 0.039683
0 0.198289 0.623016 0.031994 0.037037
2 0.743304 0.296296 0.063988 0.031746
0 0.593750 0.169974 0.026786 0.041005
3 0.339286 0.241402 0.010417 0.030423
0 0.164062 0.593915 0.024554 0.039683
0 0.243304 0.539683 0.023810 0.034392
0 0.250372 0.589286 0.030506 0.035714
0 0.718006 0.626323 0.025298 0.043651
1 0.771577 0.537037 0.025298 0.042328
1 0.902530 0.394180 0.023810 0.039683
0 0.035342 0.698413 0.024554 0.034392
0 0.105283 0.649471 0.026042 0.039683
3 0.194940 0.574074 0.013393 0.021164
0 0.189732 0.601852 0.025298 0.037037
0 0.621280 0.683201 0.023810 0.041005
0 0.639137 0.715608 0.025298 0.042328
0 0.648810 0.634921 0.023810 0.042328
0 0.676339 0.644180 0.025298 0.042328
0 0.676711 0.595899 0.026042 0.038360
0 0.703497 0.603175 0.024554 0.039683
0 0.034598 0.219577 0.029018 0.037037
