0 0.741071 0.501323 0.025298 0.042328
0 0.853051 0.710317 0.023065 0.026455
0 0.837426 0.679894 0.024554 0.031746
0 0.871652 0.593254 0.020089 0.043651
0 0.888393 0.654762 0.020833 0.044974
0 0.125000 0.598545 0.026786 0.038360
0 0.198661 0.491402 0.026786 0.035714
0 0.011905 0.618386 0.023810 0.048942
0 0.853423 0.177249 0.026786 0.031746
1 0.960565 0.117725 0.031250 0.037037
1 0.712054 0.150132 0.020833 0.041005
0 0.738839 0.231481 0.025298 0.023810
0 0.297991 0.229497 0.020089 0.056878
0 0.258929 0.208995 0.020833 0.050265
0 0.248884 0.155423 0.020089 0.054233
0 0.283110 0.151455 0.018601 0.043651
0 0.329985 0.178571 0.023065 0.050265
0 0.091146 0.694444 0.031994 0.037037
0 0.151414 0.648148 0.030506 0.037037
2 0.743304 0.294974 0.063988 0.031746
0 0.596354 0.171958 0.026042 0.042328
3 0.655506 0.288360 0.010417 0.015873
3 0.321429 0.281746 0.014881 0.039683
3 0.805804 0.214947 0.011905 0.019841
3 0.534598 0.894180 0.011161 0.031746
3 0.226562 0.667989 0.011161 0.015873
3 0.324033 0.149471 0.012649 0.034392
3 0.348214 0.222222 0.008929 0.021164
3 0.713170 0.316138 0.015625 0.018519
3 0.955357 0.242725 0.017857 0.019841
0 0.284598 0.528439 0.024554 0.038360
0 0.361979 0.488757 0.024554 0.030423
0 0.339658 0.349868 0.014137 0.048942
0 0.332217 0.273810 0.023065 0.044974
0 0.042039 0.753307 0.026042 0.038360
0 0.216890 0.609788 0.031994 0.037037
0 0.322173 0.580026 0.031250 0.030423
1 0.386905 0.605820 0.029762 0.037037
1 0.447545 0.691138 0.026042 0.038360
0 0.423735 0.426587 0.026042 0.038360
0 0.463542 0.439153 0.023810 0.023810
0 0.524554 0.411376 0.028274 0.029101
3 0.488467 0.384259 0.012649 0.019841
0 0.684524 0.370370 0.026786 0.026455
0 0.646205 0.642857 0.027530 0.039683
0 0.654390 0.679894 0.027530 0.044974
0 0.671875 0.605159 0.025298 0.041005
0 0.683408 0.633598 0.027530 0.044974
0 0.700149 0.563492 0.023810 0.039683
0 0.823661 0.414021 0.025298 0.039683
0 0.794643 0.484788 0.026786 0.043651
0 0.038318 0.217593 0.026042 0.038360
