0 0.014443 0.327731 0.023634 0.072829
0 0.013393 0.264706 0.027836 0.066293
2 0.357668 0.955182 0.043067 0.084034
0 0.738971 0.114379 0.025210 0.056956
0 0.738183 0.030345 0.028887 0.045752
0 0.415704 0.789449 0.030987 0.070028
0 0.671218 0.236228 0.031513 0.063492
0 0.435137 0.891223 0.027836 0.066293
0 0.616071 0.325864 0.028361 0.063492
0 0.532038 0.416433 0.031513 0.065359
0 0.570641 0.369748 0.027836 0.059757
0 0.611345 0.218487 0.030462 0.061625
0 0.304359 0.588235 0.042542 0.042951
0 0.322479 0.550420 0.037815 0.047619
0 0.331670 0.513539 0.039391 0.044818
0 0.248687 0.558824 0.039391 0.047619
0 0.277836 0.527077 0.037815 0.042017
0 0.282826 0.479925 0.040441 0.046685
0 0.206145 0.524743 0.037290 0.039216
0 0.224527 0.494398 0.040441 0.045752
0 0.234769 0.448179 0.034664 0.039216
0 0.156250 0.501867 0.042542 0.045752
0 0.175683 0.466387 0.040441 0.049486
0 0.191964 0.427171 0.038340 0.045752
0 0.722689 0.674136 0.040966 0.044818
0 0.723214 0.627451 0.036765 0.046685
0 0.728204 0.578431 0.036239 0.040149
0 0.750000 0.551821 0.040966 0.044818
0 0.757878 0.700280 0.034664 0.037348
0 0.777574 0.662465 0.040441 0.047619
0 0.783613 0.612979 0.042017 0.047619
0 0.808036 0.581699 0.044643 0.050420
0 0.797532 0.720822 0.039391 0.044818
0 0.835609 0.643324 0.040966 0.044818
0 0.846113 0.752101 0.040966 0.045752
0 0.888918 0.673203 0.043592 0.046685
0 0.891807 0.777778 0.043067 0.046685
0 0.937763 0.799720 0.041492 0.047619
0 0.600315 0.812792 0.040966 0.049486
1 0.561712 0.536415 0.034139 0.107376
0 0.462710 0.721289 0.023109 0.068161
1 0.470326 0.550887 0.030987 0.070962
0 0.418067 0.404295 0.037815 0.039216
0 0.141544 0.398693 0.040441 0.044818
0 0.126576 0.436041 0.040966 0.044818
0 0.104779 0.476190 0.041492 0.048553
0 0.091387 0.376284 0.040966 0.039216
0 0.057511 0.441176 0.041492 0.049486
0 0.055672 0.250700 0.040966 0.040149
0 0.118435 0.287582 0.046744 0.050420
0 0.044905 0.283380 0.040441 0.049486
0 0.546744 0.457516 0.031513 0.067227
0 0.658351 0.162465 0.028887 0.061625
0 0.691702 0.085901 0.028361 0.061625
1 0.619223 0.430439 0.052521 0.115780
0 0.980567 0.827731 0.035714 0.049486
0 0.026786 0.398693 0.025210 0.067227
