0 0.423319 0.538749 0.028361 0.069094
0 0.525735 0.821662 0.040966 0.070962
0 0.584034 0.842204 0.042017 0.046685
0 0.628676 0.617180 0.029412 0.074697
0 0.467700 0.618581 0.030987 0.070028
0 0.502101 0.598973 0.027311 0.070028
0 0.476891 0.354809 0.039916 0.048553
0 0.319853 0.607376 0.043067 0.051354
0 0.338498 0.560691 0.039391 0.043884
0 0.351628 0.520542 0.041492 0.047619
0 0.226628 0.550420 0.043592 0.051354
0 0.263655 0.521942 0.040966 0.046685
0 0.263130 0.466387 0.042017 0.049486
0 0.178046 0.516807 0.038866 0.043884
0 0.199317 0.483193 0.044643 0.049486
0 0.209034 0.431373 0.035714 0.044818
0 0.123162 0.492997 0.044643 0.046685
0 0.145483 0.452381 0.043067 0.042017
0 0.162290 0.408964 0.040966 0.046685
0 0.747637 0.681139 0.042542 0.047619
0 0.738445 0.623716 0.040966 0.044818
0 0.734769 0.563959 0.037815 0.042951
0 0.768645 0.537815 0.041492 0.044818
0 0.789128 0.707750 0.033088 0.039216
0 0.810137 0.663399 0.042542 0.047619
0 0.813288 0.612045 0.042542 0.049486
0 0.840599 0.577498 0.045693 0.049486
0 0.832983 0.731559 0.040966 0.047619
0 0.872899 0.644258 0.043067 0.044818
0 0.887605 0.764706 0.044118 0.050420
0 0.932248 0.678338 0.044118 0.047619
0 0.937500 0.792717 0.046218 0.050420
0 0.982405 0.816993 0.033088 0.054155
0 0.934086 0.947712 0.045693 0.056022
1 0.658088 0.691877 0.063025 0.078431
0 0.367384 0.410364 0.038340 0.064426
1 0.259716 0.288982 0.042542 0.056956
0 0.121849 0.223156 0.042017 0.048553
0 0.108193 0.380019 0.045168 0.050420
0 0.094538 0.422969 0.040966 0.052288
0 0.064601 0.464052 0.043067 0.048553
0 0.053046 0.357610 0.038866 0.044818
0 0.017332 0.423903 0.035714 0.054155
0 0.013393 0.216620 0.027836 0.033613
0 0.067227 0.247432 0.045168 0.050420
0 0.007353 0.251167 0.015756 0.054155
0 0.959034 0.644258 0.046218 0.054155
0 0.468487 0.708683 0.033613 0.078431
0 0.585084 0.270775 0.036765 0.076564
0 0.650210 0.201681 0.026261 0.069094
0 0.678571 0.134454 0.030462 0.067227
0 0.661239 0.072829 0.032563 0.070962
0 0.705882 0.046685 0.031513 0.067227
1 0.752101 0.048553 0.051471 0.085901
3 0.559611 0.233427 0.009979 0.022409
3 0.550945 0.234827 0.014706 0.021475
