0 0.032300 0.301120 0.035189 0.060691
0 0.035189 0.239496 0.040966 0.055089
0 0.649685 0.816060 0.037815 0.037348
0 0.513130 0.763772 0.028361 0.061625
0 0.470851 0.922035 0.035189 0.070028
0 0.443803 0.885154 0.034664 0.072829
0 0.657563 0.191410 0.031513 0.061625
3 0.411765 0.761905 0.012605 0.022409
3 0.380252 0.827264 0.010504 0.022409
3 0.453519 0.349673 0.016282 0.023343
0 0.309874 0.588702 0.039916 0.040149
0 0.327994 0.555556 0.038340 0.046685
0 0.337710 0.516807 0.038866 0.045752
0 0.255252 0.556956 0.039916 0.045752
0 0.283351 0.528945 0.038340 0.042017
0 0.289653 0.483660 0.039391 0.046685
0 0.214286 0.528945 0.037815 0.038282
0 0.232931 0.497199 0.040441 0.045752
0 0.242910 0.452848 0.034139 0.042951
0 0.167805 0.503735 0.041492 0.045752
0 0.185399 0.468721 0.039916 0.048553
0 0.200368 0.429972 0.038340 0.045752
0 0.716912 0.677871 0.040966 0.044818
0 0.724527 0.639589 0.036239 0.046685
0 0.720851 0.585901 0.036239 0.040149
0 0.743435 0.555556 0.040441 0.044818
0 0.750525 0.704015 0.034664 0.037348
0 0.791229 0.680205 0.040441 0.047619
0 0.841124 0.662465 0.042542 0.047619
0 0.801471 0.594771 0.040966 0.046685
0 0.790966 0.727358 0.038866 0.044818
0 0.836922 0.758170 0.040441 0.044818
0 0.881565 0.781513 0.042542 0.046685
0 0.925158 0.805789 0.040441 0.046685
0 0.071429 0.360878 0.042017 0.040149
0 0.110557 0.474323 0.041492 0.048553
0 0.068803 0.442110 0.040966 0.049486
0 0.111345 0.285247 0.038866 0.043884
0 0.169118 0.315593 0.044118 0.050420
0 0.067227 0.282446 0.039916 0.043884
2 0.491859 0.693277 0.038340 0.148459
0 0.800158 0.866013 0.040441 0.051354
0 0.946691 0.917834 0.035189 0.042951
1 0.591387 0.453315 0.029412 0.062558
1 0.389706 0.913632 0.086134 0.169001
0 0.697742 0.156396 0.026786 0.062558
0 0.618960 0.688609 0.032038 0.071895
0 0.598477 0.585434 0.023634 0.069094
2 0.532826 0.349673 0.082458 0.105509
0 0.741071 0.078431 0.032563 0.065359
0 0.779149 0.005135 0.030987 0.012138
0 0.584296 0.379085 0.028887 0.065359
0 0.605042 0.265640 0.029412 0.062558
0 0.972952 0.832400 0.048845 0.049486
0 0.039916 0.400093 0.025210 0.066293
0 0.013918 0.409430 0.028887 0.043884
