0 0.727307 0.518519 0.026042 0.039683
0 0.852307 0.710317 0.023065 0.029101
0 0.837798 0.678571 0.025298 0.031746
0 0.870164 0.593915 0.020089 0.047619
0 0.887277 0.649471 0.017113 0.047619
0 0.124628 0.598545 0.027530 0.038360
0 0.198661 0.491402 0.026786 0.035714
0 0.011905 0.618386 0.022321 0.048942
0 0.853423 0.176587 0.026786 0.033069
1 0.959821 0.116402 0.031250 0.037037
0 0.711682 0.149471 0.021577 0.042328
0 0.739211 0.230820 0.026042 0.025132
0 0.297619 0.228836 0.019345 0.055556
0 0.258185 0.208333 0.020833 0.048942
0 0.249256 0.155423 0.019345 0.054233
0 0.282366 0.150794 0.018601 0.044974
0 0.330729 0.179233 0.021577 0.051587
0 0.139137 0.662037 0.029762 0.041005
0 0.184896 0.632275 0.030506 0.034392
2 0.743304 0.295635 0.063988 0.030423
0 0.596354 0.171958 0.026042 0.042328
3 0.341518 0.242725 0.010417 0.030423
3 0.637649 0.279101 0.011905 0.015873
3 0.322917 0.281746 0.014881 0.039683
3 0.809524 0.224206 0.011905 0.019841
3 0.188616 0.689153 0.011161 0.015873
3 0.318824 0.120370 0.012649 0.034392
3 0.351935 0.257275 0.008929 0.019841
3 0.693824 0.299603 0.015625 0.019841
3 0.926339 0.267857 0.016369 0.019841
0 0.169643 0.604497 0.026786 0.039683
0 0.267485 0.542328 0.024554 0.031746
0 0.329985 0.414683 0.018601 0.048942
0 0.342634 0.334656 0.015625 0.044974
0 0.148810 0.693122 0.028274 0.034392
0 0.238095 0.597884 0.029762 0.034392
0 0.382068 0.593915 0.030506 0.034392
1 0.454241 0.666005 0.031994 0.046296
1 0.515625 0.753307 0.025298 0.033069
0 0.340402 0.490741 0.029018 0.037037
0 0.401414 0.471561 0.024554 0.027778
0 0.455357 0.444444 0.029762 0.034392
3 0.421131 0.429894 0.011905 0.018519
0 0.552827 0.398810 0.028274 0.030423
0 0.645089 0.644180 0.026786 0.039683
0 0.654390 0.681217 0.027530 0.042328
0 0.670387 0.605159 0.023810 0.041005
0 0.681548 0.634921 0.025298 0.042328
0 0.697545 0.562169 0.024554 0.039683
0 0.760789 0.515212 0.026042 0.038360
0 0.850818 0.417328 0.029018 0.041005
0 0.038318 0.218254 0.027530 0.039683
