0 0.017857 0.330532 0.027311 0.072829
0 0.014968 0.265640 0.028887 0.066293
2 0.366859 0.929038 0.061450 0.136321
0 0.723214 0.163399 0.024160 0.056022
0 0.721113 0.075163 0.031513 0.062558
0 0.430672 0.744631 0.029412 0.068161
0 0.654412 0.284781 0.031513 0.063492
0 0.625000 0.289449 0.028361 0.061625
0 0.542542 0.387488 0.031513 0.063492
0 0.579307 0.346405 0.027311 0.059757
0 0.621061 0.194211 0.029937 0.061625
0 0.306197 0.589169 0.040966 0.039216
0 0.323529 0.551354 0.037815 0.047619
0 0.332195 0.514472 0.039391 0.044818
0 0.250788 0.558824 0.039391 0.047619
0 0.278887 0.528945 0.037815 0.042017
0 0.284926 0.481793 0.039391 0.046685
0 0.207458 0.525677 0.036765 0.039216
0 0.228204 0.496265 0.040441 0.045752
0 0.237395 0.450047 0.034664 0.039216
0 0.159926 0.504202 0.041492 0.044818
0 0.178046 0.467320 0.039916 0.049486
0 0.194065 0.428571 0.038340 0.044818
0 0.720851 0.673203 0.040441 0.044818
0 0.721901 0.627451 0.036239 0.046685
0 0.727153 0.579365 0.036239 0.040149
0 0.749475 0.551821 0.040966 0.044818
0 0.754202 0.700280 0.034664 0.037348
0 0.777048 0.662465 0.040441 0.047619
0 0.782563 0.612979 0.042017 0.047619
0 0.804884 0.582633 0.044643 0.050420
0 0.793855 0.720822 0.039391 0.044818
0 0.831933 0.644258 0.040966 0.044818
0 0.842700 0.751634 0.040441 0.044818
0 0.892069 0.674603 0.043592 0.045752
0 0.889181 0.776844 0.043067 0.046685
0 0.932511 0.797852 0.040441 0.047619
0 0.569590 0.817927 0.040441 0.050420
1 0.560662 0.517740 0.034139 0.105509
0 0.461134 0.754435 0.026261 0.069094
1 0.479254 0.585901 0.027836 0.071895
0 0.445903 0.410831 0.037815 0.039216
0 0.145221 0.400560 0.040441 0.044818
0 0.130252 0.438375 0.040966 0.043884
0 0.104779 0.476190 0.041492 0.048553
0 0.094013 0.378151 0.040966 0.039216
0 0.060137 0.442110 0.041492 0.049486
0 0.063025 0.253968 0.040966 0.042951
0 0.127626 0.295051 0.046218 0.050420
0 0.046744 0.285247 0.038866 0.049486
0 0.554622 0.430439 0.031513 0.067227
0 0.661502 0.151261 0.028887 0.061625
0 0.696954 0.069094 0.028361 0.061625
1 0.605830 0.481793 0.056197 0.112045
0 0.977679 0.824930 0.041492 0.049486
0 0.030462 0.399627 0.025210 0.067227
0 0.007090 0.409430 0.015231 0.043884
