0 0.726935 0.517196 0.026786 0.039683
0 0.853423 0.708333 0.022321 0.027778
0 0.837426 0.674603 0.027530 0.034392
0 0.871652 0.592593 0.020089 0.047619
0 0.887277 0.642857 0.021577 0.050265
0 0.124628 0.599206 0.029018 0.037037
0 0.197545 0.489418 0.026042 0.034392
0 0.011161 0.619048 0.022321 0.047619
0 0.853423 0.171958 0.026786 0.034392
1 0.959449 0.113757 0.031994 0.042328
0 0.712798 0.148810 0.023810 0.043651
0 0.738839 0.228175 0.031250 0.030423
0 0.296131 0.230159 0.019345 0.055556
0 0.257812 0.208333 0.020089 0.048942
0 0.249256 0.155423 0.019345 0.054233
0 0.282366 0.150794 0.018601 0.044974
0 0.332217 0.177910 0.024554 0.048942
0 0.158110 0.646825 0.029018 0.039683
0 0.193452 0.625000 0.028274 0.033069
2 0.743304 0.296296 0.063988 0.031746
0 0.593750 0.169974 0.026786 0.041005
3 0.340774 0.242725 0.010417 0.030423
0 0.069940 0.672619 0.022321 0.033069
0 0.283110 0.505291 0.027530 0.039683
0 0.321057 0.441138 0.018601 0.043651
0 0.347098 0.657407 0.029018 0.037037
0 0.248884 0.589286 0.030506 0.035714
0 0.522693 0.726190 0.029018 0.039683
1 0.597842 0.742725 0.030506 0.027778
1 0.665179 0.720238 0.025298 0.038360
0 0.157366 0.609127 0.029018 0.035714
0 0.263021 0.554233 0.024554 0.031746
0 0.324033 0.521164 0.029018 0.037037
3 0.313244 0.498016 0.013393 0.019841
0 0.378348 0.488757 0.027530 0.038360
0 0.639881 0.651455 0.025298 0.041005
0 0.655506 0.679233 0.026786 0.041005
0 0.668155 0.606481 0.023810 0.041005
0 0.681176 0.635582 0.024554 0.041005
0 0.698289 0.561508 0.026042 0.038360
0 0.708705 0.593915 0.024554 0.037037
0 0.037574 0.218254 0.029018 0.039683
