0 0.726935 0.518519 0.026786 0.039683
0 0.852307 0.710317 0.023065 0.029101
0 0.837798 0.678571 0.025298 0.031746
0 0.870164 0.593915 0.018601 0.050265
0 0.887277 0.648810 0.020089 0.046296
0 0.124628 0.598545 0.027530 0.038360
0 0.198661 0.491402 0.026786 0.035714
0 0.011905 0.618386 0.022321 0.048942
0 0.853051 0.175926 0.026042 0.034392
1 0.959821 0.115741 0.031250 0.038360
0 0.711682 0.149471 0.021577 0.042328
0 0.739583 0.230820 0.026786 0.025132
0 0.297619 0.228836 0.019345 0.055556
0 0.258185 0.208333 0.020833 0.048942
0 0.249256 0.155423 0.019345 0.054233
0 0.282366 0.150794 0.018601 0.044974
0 0.331101 0.179894 0.020833 0.052910
0 0.145089 0.656746 0.029762 0.041005
0 0.187128 0.629630 0.030506 0.034392
2 0.742932 0.296296 0.064732 0.031746
0 0.595610 0.171958 0.026042 0.042328
3 0.341518 0.242725 0.010417 0.030423
3 0.636905 0.279101 0.011905 0.015873
3 0.322917 0.281746 0.014881 0.039683
3 0.809896 0.226190 0.012649 0.021164
3 0.181920 0.693122 0.011161 0.015873
3 0.317336 0.115079 0.012649 0.034392
3 0.352307 0.257275 0.009673 0.019841
3 0.690104 0.295635 0.015625 0.019841
3 0.920387 0.273148 0.016369 0.019841
0 0.148065 0.617725 0.026786 0.039683
0 0.249628 0.554233 0.024554 0.031746
0 0.327381 0.427249 0.019345 0.047619
0 0.341890 0.346561 0.014137 0.047619
0 0.168899 0.681217 0.028274 0.034392
0 0.239583 0.597884 0.029762 0.034392
0 0.393229 0.604497 0.029018 0.039683
1 0.469122 0.677910 0.031994 0.046296
1 0.528646 0.759921 0.024554 0.030423
0 0.324777 0.501984 0.029018 0.041005
0 0.390997 0.479497 0.023065 0.027778
0 0.442708 0.451058 0.029762 0.034392
3 0.409226 0.435185 0.011905 0.018519
0 0.529762 0.409392 0.028274 0.030423
0 0.644345 0.645503 0.026786 0.039683
0 0.654390 0.681217 0.027530 0.042328
0 0.670387 0.605159 0.023810 0.041005
0 0.681548 0.634921 0.025298 0.042328
0 0.697545 0.562169 0.024554 0.039683
0 0.754092 0.531746 0.024554 0.037037
0 0.863467 0.402116 0.030506 0.039683
0 0.038318 0.218254 0.027530 0.039683
