0 0.443803 0.618114 0.028361 0.069094
0 0.489758 0.874416 0.037290 0.073763
0 0.548057 0.849206 0.043592 0.055089
0 0.614496 0.573296 0.028361 0.072829
0 0.485032 0.571429 0.029937 0.070962
0 0.518645 0.539683 0.027836 0.065359
0 0.519958 0.347339 0.038866 0.052288
0 0.308561 0.598973 0.044643 0.051354
0 0.322479 0.551354 0.038866 0.043884
0 0.335347 0.512138 0.040441 0.045752
0 0.232668 0.554155 0.040966 0.049486
0 0.265231 0.521475 0.040966 0.043884
0 0.268120 0.469188 0.042542 0.047619
0 0.186187 0.520075 0.039391 0.042951
0 0.205882 0.486461 0.044118 0.048553
0 0.217174 0.438375 0.035189 0.042017
0 0.130777 0.495331 0.043067 0.043884
0 0.152311 0.453782 0.043067 0.042951
0 0.169380 0.414566 0.040441 0.046685
0 0.742384 0.680205 0.042542 0.047619
0 0.741334 0.628852 0.039391 0.042017
0 0.743172 0.572829 0.037815 0.038282
0 0.767332 0.541550 0.040966 0.044818
0 0.780987 0.705882 0.033613 0.039216
0 0.800420 0.661064 0.040966 0.044818
0 0.805935 0.613445 0.042542 0.050420
0 0.835084 0.578431 0.045168 0.051354
0 0.823004 0.729692 0.040966 0.047619
0 0.863708 0.645658 0.041492 0.042017
0 0.876576 0.762838 0.042017 0.050420
0 0.920956 0.677404 0.043592 0.047619
0 0.924107 0.787115 0.045693 0.050420
0 0.975840 0.815126 0.043067 0.054155
0 0.839811 0.894491 0.045168 0.050420
1 0.619748 0.660131 0.059874 0.091503
0 0.409926 0.483193 0.030987 0.066293
1 0.324580 0.342670 0.040966 0.056022
0 0.200105 0.272642 0.042017 0.048553
0 0.118697 0.388422 0.045168 0.050420
0 0.101891 0.424837 0.040966 0.052288
0 0.074580 0.465920 0.043067 0.048553
0 0.064076 0.363212 0.038866 0.044818
0 0.027311 0.432306 0.043067 0.054155
0 0.018120 0.224090 0.037290 0.033613
0 0.071429 0.250233 0.045168 0.050420
0 0.013655 0.255836 0.028361 0.054155
0 0.970588 0.657796 0.046218 0.056956
0 0.488971 0.642390 0.032563 0.074697
0 0.607668 0.224090 0.031513 0.074697
0 0.647321 0.205415 0.027836 0.065359
0 0.675945 0.139122 0.030462 0.067227
0 0.704569 0.046218 0.032038 0.068161
1 0.721376 0.125117 0.053046 0.123249
3 0.546744 0.264239 0.011555 0.024276
3 0.558036 0.230159 0.013130 0.023343
0 0.002363 0.380952 0.005777 0.067227
