0 0.379727 0.438842 0.032563 0.063492
0 0.583771 0.774510 0.043592 0.055089
0 0.644958 0.843137 0.044118 0.041083
0 0.654149 0.671335 0.037290 0.074697
0 0.432511 0.727824 0.033088 0.077498
0 0.469800 0.704949 0.029937 0.070962
0 0.398897 0.330532 0.043592 0.048553
0 0.353466 0.626984 0.044118 0.051354
0 0.391807 0.593838 0.038866 0.046685
0 0.408876 0.556489 0.041492 0.048553
0 0.242910 0.562558 0.046744 0.051354
0 0.285714 0.534547 0.044118 0.051354
0 0.258666 0.462185 0.043592 0.050420
0 0.168855 0.511671 0.038340 0.044818
0 0.201681 0.484127 0.044118 0.047619
0 0.202206 0.431373 0.037815 0.044818
0 0.111345 0.486461 0.047269 0.048553
0 0.136029 0.450047 0.043067 0.041083
0 0.155462 0.401494 0.042017 0.046685
0 0.753414 0.681139 0.042542 0.047619
0 0.713235 0.606909 0.040966 0.044818
0 0.696954 0.537348 0.037815 0.042017
0 0.750525 0.519141 0.040966 0.044818
0 0.795956 0.707750 0.033088 0.039216
0 0.811450 0.661531 0.043067 0.047619
0 0.804359 0.601774 0.042542 0.049486
0 0.828256 0.563025 0.045168 0.050420
0 0.840861 0.733427 0.040966 0.047619
0 0.873424 0.640056 0.043067 0.042017
0 0.897059 0.768441 0.046218 0.050420
0 0.941964 0.676937 0.045693 0.048553
0 0.946691 0.794585 0.045693 0.050420
0 0.989233 0.817460 0.019433 0.053221
1 0.722426 0.734360 0.066702 0.071895
0 0.290441 0.324930 0.044118 0.061625
1 0.160977 0.221755 0.042542 0.056956
0 0.013393 0.158730 0.027836 0.048553
0 0.098214 0.378151 0.045168 0.050420
0 0.083508 0.413632 0.040966 0.052288
0 0.053571 0.458450 0.043067 0.048553
0 0.043067 0.349206 0.040966 0.044818
0 0.011555 0.420168 0.024160 0.054155
0 0.053571 0.236228 0.047269 0.050420
0 0.935924 0.628385 0.046218 0.054155
0 0.430147 0.820728 0.034664 0.082166
0 0.538603 0.325397 0.045693 0.064426
0 0.653887 0.195145 0.026261 0.069094
0 0.683298 0.126050 0.030462 0.067227
0 0.644958 0.116713 0.032563 0.070962
0 0.707458 0.043884 0.031513 0.067227
3 0.575368 0.190476 0.009979 0.022409
3 0.540441 0.264706 0.012605 0.025210
