0 0.007353 0.253968 0.015756 0.067227
0 0.376313 0.912698 0.030987 0.077498
0 0.715861 0.105509 0.031513 0.063492
0 0.458508 0.772642 0.023109 0.066293
0 0.487395 0.906629 0.036765 0.069094
0 0.598477 0.432306 0.025735 0.067227
0 0.509716 0.482726 0.030987 0.072829
0 0.549370 0.430439 0.028361 0.059757
0 0.582983 0.275910 0.032563 0.066293
0 0.300420 0.588235 0.047269 0.052288
0 0.318803 0.549486 0.037815 0.047619
0 0.328519 0.510738 0.039391 0.044818
0 0.242910 0.558824 0.039391 0.047619
0 0.273109 0.521475 0.037815 0.042017
0 0.275735 0.472923 0.044118 0.049486
0 0.198529 0.521475 0.037815 0.040149
0 0.217174 0.489262 0.041492 0.046685
0 0.228466 0.445378 0.034664 0.039216
0 0.147059 0.497666 0.044118 0.048553
0 0.166229 0.457516 0.044643 0.048553
0 0.184611 0.424370 0.038340 0.045752
0 0.729779 0.676004 0.041492 0.046685
0 0.729779 0.628852 0.039391 0.047619
0 0.734506 0.577498 0.036239 0.040149
0 0.755777 0.549953 0.040966 0.044818
0 0.766282 0.701214 0.034664 0.037348
0 0.785452 0.663399 0.040441 0.047619
0 0.788866 0.613445 0.042017 0.046685
0 0.817752 0.580299 0.045168 0.049486
0 0.806985 0.724556 0.039391 0.044818
0 0.845063 0.644258 0.040966 0.044818
0 0.855305 0.754435 0.042542 0.050420
0 0.897584 0.672736 0.043067 0.049486
0 0.902311 0.778711 0.045168 0.054155
0 0.951155 0.806256 0.043067 0.047619
0 0.681723 0.825864 0.040966 0.049486
1 0.572216 0.586368 0.042542 0.113912
0 0.453782 0.628852 0.024160 0.068161
1 0.428571 0.464519 0.038866 0.064426
0 0.339286 0.361811 0.037815 0.043884
0 0.132616 0.394024 0.040441 0.044818
0 0.117384 0.431373 0.041492 0.046685
0 0.090074 0.469655 0.041492 0.050420
0 0.080882 0.366013 0.040966 0.039216
0 0.045693 0.437442 0.042017 0.051354
0 0.037815 0.241363 0.040966 0.040149
0 0.096113 0.269374 0.047269 0.051354
0 0.031513 0.273109 0.040966 0.049486
0 0.524160 0.528478 0.031513 0.069094
0 0.646534 0.125584 0.032563 0.068161
0 0.650998 0.189542 0.028887 0.061625
0 0.682773 0.118581 0.028361 0.061625
1 0.659664 0.314659 0.056723 0.123249
0 0.987920 0.833333 0.021008 0.049486
0 0.013130 0.390289 0.025210 0.067227
