0 0.672247 0.602513 0.024554 0.041005
0 0.683780 0.634921 0.028274 0.039683
0 0.853423 0.708333 0.022321 0.027778
0 0.837426 0.675265 0.027530 0.033069
0 0.870908 0.592593 0.020089 0.047619
0 0.889509 0.655423 0.021577 0.046296
0 0.635045 0.974206 0.018601 0.046296
0 0.119792 0.606481 0.031250 0.038360
0 0.196057 0.490079 0.026042 0.035714
0 0.009301 0.621693 0.020089 0.044974
0 0.853051 0.174603 0.027530 0.037037
1 0.959449 0.113757 0.031994 0.042328
0 0.713542 0.148810 0.025298 0.043651
0 0.738839 0.228175 0.031250 0.030423
0 0.293899 0.231481 0.019345 0.055556
0 0.255952 0.208333 0.017857 0.048942
0 0.248884 0.156085 0.018601 0.052910
0 0.281622 0.150794 0.018601 0.044974
0 0.327009 0.181878 0.021577 0.056878
0 0.209821 0.617725 0.028274 0.039683
0 0.280506 0.569444 0.032738 0.038360
0 0.349330 0.195106 0.018601 0.041005
2 0.743304 0.296296 0.063988 0.031746
0 0.593750 0.169974 0.026786 0.041005
3 0.339286 0.240079 0.010417 0.030423
0 0.039062 0.681878 0.027530 0.038360
0 0.158110 0.615741 0.027530 0.035714
0 0.348958 0.491402 0.032738 0.046296
0 0.875372 0.414021 0.031994 0.039683
1 0.978423 0.320767 0.035714 0.041005
3 0.110863 0.635582 0.011905 0.019841
0 0.060640 0.696429 0.026042 0.041005
0 0.529018 0.902116 0.019345 0.044974
0 0.559152 0.804894 0.023065 0.043651
0 0.600074 0.788360 0.023065 0.044974
0 0.617932 0.694444 0.024554 0.042328
0 0.640997 0.713624 0.023065 0.041005
0 0.034598 0.220899 0.029018 0.037037
