0 0.869420 0.352513 0.030506 0.038360
0 0.851562 0.712302 0.023065 0.025132
0 0.837426 0.681217 0.024554 0.029101
0 0.870908 0.597884 0.018601 0.044974
0 0.883185 0.670635 0.019345 0.044974
0 0.122768 0.601852 0.028274 0.034392
0 0.198661 0.491402 0.026786 0.035714
0 0.011905 0.619709 0.023810 0.048942
0 0.853423 0.177249 0.026786 0.031746
1 0.960565 0.117725 0.031250 0.037037
1 0.712054 0.152778 0.020833 0.041005
0 0.738095 0.231481 0.025298 0.023810
0 0.297991 0.229497 0.020089 0.056878
0 0.258929 0.208995 0.020833 0.050265
0 0.247768 0.156085 0.019345 0.055556
0 0.283110 0.152116 0.018601 0.044974
0 0.329985 0.179233 0.023065 0.048942
0 0.018601 0.739418 0.028274 0.034392
2 0.741443 0.298280 0.063244 0.033069
0 0.595610 0.171958 0.026042 0.042328
0 0.126860 0.633598 0.030506 0.034392
0 0.022693 0.698413 0.026042 0.037037
3 0.758929 0.336640 0.011905 0.019841
3 0.319196 0.281746 0.014881 0.039683
3 0.802455 0.207011 0.011161 0.019841
3 0.572917 0.701058 0.011905 0.026455
3 0.309152 0.636905 0.011161 0.017196
3 0.336682 0.215608 0.011161 0.034392
3 0.823661 0.312831 0.017857 0.019841
0 0.495536 0.380952 0.028274 0.037037
0 0.533482 0.408730 0.025298 0.026455
0 0.311756 0.184524 0.020833 0.048942
0 0.291295 0.082011 0.020089 0.042328
0 0.117932 0.672619 0.033482 0.038360
0 0.215774 0.640873 0.029762 0.033069
1 0.268601 0.607804 0.031250 0.033069
1 0.325149 0.595238 0.028274 0.023810
0 0.575893 0.347884 0.029762 0.026455
0 0.575521 0.387566 0.024554 0.023810
0 0.627604 0.380952 0.029018 0.026455
3 0.658482 0.342593 0.011905 0.015873
0 0.925223 0.298942 0.030506 0.034392
0 0.646949 0.644180 0.027530 0.039683
0 0.654018 0.681217 0.026786 0.042328
0 0.670387 0.605820 0.026786 0.042328
0 0.681176 0.634259 0.027530 0.046296
0 0.697173 0.561508 0.025298 0.041005
0 0.674479 0.689815 0.026042 0.041005
0 0.037946 0.217593 0.025298 0.038360
