0 0.035714 0.298319 0.032563 0.055089
0 0.040966 0.233427 0.040966 0.050420
0 0.451943 0.959851 0.033088 0.065359
3 0.530462 0.430906 0.014706 0.023343
3 0.352416 0.917834 0.012605 0.026144
3 0.420956 0.635854 0.009979 0.022409
3 0.579569 0.269841 0.014181 0.029879
0 0.310924 0.588702 0.039916 0.040149
0 0.329044 0.556022 0.038340 0.045752
0 0.339548 0.517740 0.038340 0.045752
0 0.256303 0.556956 0.039916 0.045752
0 0.284926 0.528945 0.038340 0.042017
0 0.290179 0.485528 0.039391 0.046685
0 0.216387 0.528478 0.037815 0.037348
0 0.234506 0.497199 0.040441 0.045752
0 0.243960 0.452381 0.034139 0.040149
0 0.168855 0.504669 0.041492 0.045752
0 0.186975 0.468721 0.039916 0.048553
0 0.138393 0.394491 0.038340 0.045752
0 0.716912 0.682540 0.040966 0.044818
0 0.795693 0.687208 0.040966 0.046685
0 0.722164 0.592437 0.036765 0.040149
0 0.742647 0.562092 0.040966 0.044818
0 0.750263 0.708683 0.034139 0.037348
0 0.934611 0.768908 0.040441 0.047619
0 0.953256 0.733894 0.043067 0.046685
0 0.802784 0.597572 0.040441 0.046685
0 0.789653 0.732493 0.038340 0.043884
0 0.836922 0.760971 0.040441 0.044818
0 0.881565 0.786181 0.042542 0.046685
0 0.925158 0.809524 0.040441 0.046685
0 0.015494 0.358077 0.032038 0.038282
0 0.112132 0.473389 0.041492 0.048553
0 0.069853 0.442110 0.038866 0.049486
0 0.120273 0.289916 0.038866 0.043884
0 0.171218 0.316527 0.044118 0.050420
0 0.078782 0.277778 0.039916 0.042017
2 0.449580 0.857143 0.064076 0.149393
0 0.518908 0.843137 0.038866 0.065359
0 0.637342 0.788982 0.035189 0.037348
1 0.525210 0.648926 0.029412 0.061625
1 0.495273 0.625117 0.084034 0.204482
0 0.391544 0.901494 0.030987 0.071895
0 0.461397 0.637722 0.030987 0.063492
0 0.634191 0.407096 0.028887 0.061625
0 0.591912 0.457049 0.025210 0.071895
0 0.623950 0.290383 0.029412 0.065359
2 0.621849 0.208683 0.059874 0.144725
0 0.713761 0.156863 0.032563 0.065359
0 0.743960 0.082166 0.030987 0.061625
0 0.696429 0.088702 0.030462 0.059757
0 0.661765 0.101774 0.029412 0.061625
0 0.972952 0.838002 0.048845 0.049486
0 0.042017 0.400093 0.026261 0.066293
0 0.014443 0.409430 0.029937 0.043884
