0 0.389181 0.456583 0.031513 0.067227
0 0.571429 0.780112 0.043067 0.058824
0 0.631303 0.843137 0.044118 0.041083
0 0.648372 0.660131 0.035189 0.074697
0 0.440651 0.702614 0.032563 0.075630
0 0.476891 0.681606 0.029412 0.070962
0 0.415966 0.338002 0.043067 0.048553
0 0.345063 0.621849 0.044118 0.050420
0 0.379202 0.585901 0.038866 0.047619
0 0.393120 0.547152 0.041492 0.046685
0 0.235294 0.559757 0.046218 0.051354
0 0.275735 0.528478 0.044118 0.050420
0 0.257090 0.461251 0.043592 0.048553
0 0.168330 0.512605 0.038340 0.044818
0 0.198004 0.481326 0.044118 0.047619
0 0.202206 0.429505 0.037815 0.044818
0 0.113183 0.488329 0.047794 0.048553
0 0.138130 0.450047 0.043067 0.041083
0 0.155462 0.403361 0.042017 0.046685
0 0.752889 0.681139 0.042542 0.047619
0 0.721639 0.612512 0.040966 0.044818
0 0.708508 0.542951 0.037815 0.042017
0 0.757878 0.524743 0.040966 0.044818
0 0.794905 0.707750 0.033088 0.039216
0 0.812500 0.663399 0.043067 0.047619
0 0.809611 0.605509 0.042542 0.049486
0 0.834559 0.565826 0.045168 0.050420
0 0.840861 0.735294 0.040966 0.047619
0 0.876313 0.641923 0.042542 0.042017
0 0.896796 0.769374 0.045693 0.050420
0 0.940651 0.676937 0.045168 0.048553
0 0.946166 0.794585 0.045693 0.050420
0 0.988971 0.816993 0.019958 0.054155
1 0.708508 0.726891 0.067227 0.073763
0 0.306985 0.341270 0.042542 0.062558
1 0.180935 0.234827 0.042542 0.056956
0 0.032038 0.169935 0.036765 0.048553
0 0.098739 0.377218 0.045168 0.050420
0 0.083508 0.413632 0.040966 0.052288
0 0.054097 0.458450 0.043067 0.048553
0 0.043592 0.349206 0.040966 0.044818
0 0.011555 0.420168 0.024160 0.054155
0 0.005515 0.208217 0.012080 0.033613
0 0.054622 0.239029 0.045168 0.050420
0 0.941176 0.630252 0.046218 0.054155
0 0.439076 0.795518 0.034664 0.082166
0 0.550158 0.317927 0.044643 0.066293
0 0.653361 0.196078 0.026261 0.069094
0 0.682773 0.126050 0.030462 0.067227
0 0.648109 0.108310 0.032563 0.070962
0 0.707458 0.043884 0.031513 0.067227
3 0.572216 0.199813 0.009979 0.022409
3 0.543855 0.258170 0.013130 0.025210
