0 0.727307 0.518519 0.026042 0.039683
0 0.852307 0.710317 0.023065 0.029101
0 0.837798 0.678571 0.025298 0.031746
0 0.870164 0.593915 0.020089 0.047619
0 0.887277 0.648810 0.017113 0.048942
0 0.124628 0.598545 0.027530 0.038360
0 0.198661 0.491402 0.026786 0.035714
0 0.011905 0.618386 0.022321 0.048942
0 0.853423 0.176587 0.026786 0.033069
1 0.959821 0.116402 0.031250 0.037037
0 0.711682 0.149471 0.021577 0.042328
0 0.739211 0.230820 0.026042 0.025132
0 0.297619 0.228836 0.019345 0.055556
0 0.258185 0.208333 0.020833 0.048942
0 0.249256 0.155423 0.019345 0.054233
0 0.282366 0.150794 0.018601 0.044974
0 0.330729 0.179233 0.021577 0.051587
0 0.140625 0.662037 0.029762 0.041005
0 0.185640 0.632275 0.030506 0.034392
2 0.743304 0.295635 0.063988 0.030423
0 0.596354 0.171958 0.026042 0.042328
3 0.341518 0.242725 0.010417 0.030423
3 0.636905 0.279101 0.011905 0.015873
3 0.322917 0.281746 0.014881 0.039683
3 0.809524 0.224868 0.011905 0.021164
3 0.187128 0.690476 0.011161 0.015873
3 0.318452 0.119048 0.011905 0.034392
3 0.352679 0.258598 0.008929 0.019841
3 0.693080 0.298280 0.015625 0.019841
3 0.924851 0.267857 0.016369 0.019841
0 0.165179 0.605820 0.026786 0.039683
0 0.263765 0.543651 0.024554 0.031746
0 0.329985 0.417328 0.018601 0.048942
0 0.342634 0.337302 0.015625 0.044974
0 0.154018 0.689153 0.028274 0.034392
0 0.239583 0.597884 0.029762 0.034392
0 0.383929 0.595899 0.029762 0.035714
1 0.457961 0.667328 0.031994 0.046296
1 0.517857 0.754630 0.025298 0.033069
0 0.337426 0.492063 0.029018 0.037037
0 0.398438 0.475529 0.023065 0.027778
0 0.453869 0.444444 0.029762 0.034392
3 0.418899 0.427249 0.011905 0.018519
0 0.549107 0.400132 0.028274 0.030423
0 0.644717 0.644841 0.027530 0.041005
0 0.654390 0.681217 0.027530 0.042328
0 0.670387 0.605159 0.023810 0.041005
0 0.681548 0.634921 0.025298 0.042328
0 0.697545 0.562169 0.024554 0.039683
0 0.759301 0.517857 0.026042 0.038360
0 0.853795 0.414021 0.030506 0.039683
0 0.038318 0.218254 0.027530 0.039683
