0 0.855567 0.385154 0.053571 0.088702
0 0.410714 0.653595 0.066176 0.117647
0 0.667017 0.883287 0.066176 0.061625
0 0.707458 0.795518 0.059874 0.104575
0 0.764443 0.707750 0.056197 0.117647
0 0.821166 0.593371 0.054097 0.105509
0 0.476366 0.934174 0.060924 0.101774
0 0.926996 0.497666 0.058824 0.057890
0 0.878939 0.465920 0.056197 0.095238
0 0.948004 0.452848 0.063025 0.056022
0 0.932248 0.373483 0.047269 0.078431
0 0.646534 0.449113 0.044118 0.100840
0 0.549370 0.639589 0.056723 0.098973
0 0.745536 0.301587 0.053046 0.093371
0 0.783613 0.226891 0.059874 0.061625
0 0.718225 0.193744 0.060399 0.060691
0 0.896008 0.203081 0.051471 0.084967
0 0.440389 0.771242 0.068803 0.067227
0 0.841124 0.139589 0.049895 0.088702
0 0.879727 0.072829 0.050420 0.082166
3 0.633929 0.835201 0.019958 0.043884
3 0.926996 0.295051 0.022059 0.041083
3 0.806723 0.307656 0.022059 0.043884
3 0.857931 0.201214 0.019433 0.040149
3 0.690389 0.380952 0.025735 0.041083
3 0.603729 0.570495 0.014181 0.037348
3 0.829044 0.219421 0.024685 0.044818
