0 0.417542 0.519141 0.028361 0.069094
0 0.534401 0.810458 0.042542 0.070962
0 0.592437 0.841270 0.042017 0.042951
0 0.631828 0.625584 0.029412 0.074697
0 0.463235 0.629785 0.031513 0.070028
0 0.497899 0.612979 0.027311 0.070028
0 0.466387 0.355742 0.039916 0.048553
0 0.324842 0.610177 0.043592 0.051354
0 0.344013 0.563492 0.039916 0.043884
0 0.356880 0.522876 0.041492 0.048553
0 0.224790 0.549486 0.045168 0.051354
0 0.263918 0.521942 0.040441 0.046685
0 0.261817 0.464986 0.042542 0.050420
0 0.175158 0.515406 0.038340 0.042951
0 0.197742 0.481793 0.044643 0.048553
0 0.206933 0.428571 0.035714 0.044818
0 0.120011 0.492530 0.044643 0.045752
0 0.144433 0.451447 0.043067 0.042017
0 0.160714 0.408030 0.040966 0.046685
0 0.749737 0.681139 0.042542 0.047619
0 0.736870 0.621849 0.040966 0.044818
0 0.731618 0.559757 0.037815 0.042017
0 0.767595 0.535014 0.041492 0.044818
0 0.791229 0.707750 0.033088 0.039216
0 0.813288 0.665266 0.042542 0.047619
0 0.814863 0.611111 0.042542 0.049486
0 0.842174 0.577031 0.046744 0.048553
0 0.835084 0.733427 0.040966 0.047619
0 0.875525 0.646125 0.045168 0.048553
0 0.890231 0.766573 0.044118 0.050420
0 0.935399 0.678338 0.044118 0.047619
0 0.941176 0.795518 0.046218 0.050420
0 0.984769 0.816993 0.028361 0.054155
0 0.957721 0.962185 0.045693 0.062558
1 0.668592 0.698880 0.063025 0.075630
0 0.356355 0.394491 0.039391 0.064426
1 0.243435 0.276844 0.042542 0.056956
0 0.102941 0.211018 0.042017 0.048553
0 0.104517 0.374416 0.045168 0.050420
0 0.091387 0.420168 0.040966 0.052288
0 0.061450 0.462185 0.043067 0.048553
0 0.050158 0.354809 0.039391 0.044818
0 0.015494 0.422969 0.032038 0.054155
0 0.011555 0.211951 0.024160 0.033613
0 0.064601 0.245565 0.045168 0.050420
0 0.957458 0.641457 0.046218 0.054155
0 0.462973 0.725023 0.034139 0.079365
0 0.579044 0.280579 0.038340 0.075630
0 0.650735 0.200747 0.026261 0.069094
0 0.679097 0.132586 0.030462 0.067227
0 0.659139 0.077498 0.032563 0.070962
0 0.705882 0.046685 0.031513 0.067227
3 0.562237 0.226891 0.009979 0.022409
3 0.549370 0.235761 0.014706 0.021475
