0 0.714658 0.531746 0.024554 0.042328
0 0.829241 0.412698 0.031994 0.042328
0 0.853423 0.708333 0.022321 0.027778
0 0.837426 0.674603 0.027530 0.034392
0 0.871280 0.592593 0.019345 0.047619
0 0.890625 0.657407 0.020833 0.047619
0 0.123512 0.603836 0.031250 0.038360
0 0.196801 0.489418 0.026042 0.034392
0 0.009301 0.621693 0.020089 0.047619
0 0.853051 0.173280 0.027530 0.037037
1 0.959449 0.113757 0.031994 0.042328
0 0.713542 0.148810 0.025298 0.043651
0 0.738839 0.228175 0.031250 0.030423
0 0.293899 0.231481 0.019345 0.055556
0 0.256324 0.208333 0.018601 0.048942
0 0.249256 0.156085 0.019345 0.052910
0 0.281622 0.150794 0.018601 0.044974
0 0.327753 0.179233 0.021577 0.054233
0 0.159598 0.649471 0.029018 0.039683
0 0.199033 0.623016 0.031994 0.037037
0 0.309524 0.012566 0.013393 0.027778
2 0.743304 0.296296 0.063988 0.031746
0 0.593750 0.169974 0.026786 0.041005
3 0.339286 0.241402 0.010417 0.030423
0 0.160342 0.599206 0.024554 0.039683
0 0.238095 0.545635 0.023810 0.033069
0 0.252604 0.589286 0.030506 0.035714
0 0.725446 0.613095 0.025298 0.043651
1 0.781250 0.522487 0.025298 0.042328
1 0.914435 0.380952 0.023810 0.039683
0 0.023438 0.708333 0.024554 0.035714
0 0.097098 0.654762 0.026042 0.039683
3 0.189732 0.576720 0.013393 0.021164
0 0.184524 0.607804 0.025298 0.038360
0 0.618304 0.689815 0.023810 0.041005
0 0.633929 0.727513 0.025298 0.042328
0 0.648065 0.636243 0.023810 0.042328
0 0.675595 0.646825 0.025298 0.042328
0 0.676711 0.595899 0.026042 0.038360
0 0.702753 0.604497 0.024554 0.039683
0 0.034598 0.219577 0.029018 0.037037
