0 0.754989 0.158263 0.062500 0.070028
0 0.955357 0.218021 0.053571 0.064426
0 0.969013 0.093371 0.040966 0.078431
0 0.975840 0.266573 0.046218 0.068161
0 0.876313 0.350607 0.040441 0.094304
0 0.850053 0.112512 0.040441 0.088702
0 0.661765 0.136321 0.047269 0.087768
0 0.732405 0.234827 0.043592 0.088702
0 0.698267 0.316993 0.041492 0.088702
0 0.871324 0.449113 0.064076 0.072829
0 0.900473 0.489729 0.065651 0.070028
0 0.887868 0.557890 0.068803 0.066293
0 0.828256 0.503735 0.045168 0.094304
0 0.818277 0.581232 0.063025 0.062558
0 0.771271 0.690476 0.044643 0.099907
0 0.614758 0.329599 0.036239 0.095238
0 0.597952 0.396825 0.056197 0.080299
0 0.565651 0.456116 0.047269 0.099907
0 0.522059 0.429505 0.032563 0.106443
0 0.455357 0.405229 0.056723 0.082166
0 0.377101 0.298786 0.056723 0.080299
0 0.773634 0.880019 0.071429 0.088702
0 0.568015 0.829132 0.034139 0.123249
0 0.440126 0.556489 0.056723 0.104575
0 0.360032 0.514939 0.062500 0.077498
0 0.342700 0.466853 0.059349 0.078431
0 0.368960 0.213352 0.055147 0.084967
0 0.296481 0.156396 0.051996 0.077498
1 0.175683 0.151261 0.075105 0.100840
0 0.222426 0.291317 0.050945 0.078431
0 0.670168 0.950980 0.056723 0.092437
0 0.439076 0.668067 0.049370 0.088702
0 0.497899 0.814659 0.052521 0.111111
0 0.436975 0.964519 0.049370 0.065359
3 0.654412 0.574230 0.025210 0.056022
3 0.876576 0.235761 0.018908 0.043884
3 0.750263 0.585434 0.016282 0.042951
3 0.746324 0.676004 0.017857 0.056022
