0 0.026523 0.314192 0.036239 0.066293
0 0.028361 0.251634 0.040966 0.060691
0 0.714811 0.145658 0.027311 0.056022
0 0.705357 0.809524 0.043067 0.044818
0 0.617384 0.403361 0.034139 0.069094
0 0.624737 0.768908 0.040441 0.043884
0 0.526523 0.633053 0.027836 0.061625
0 0.520221 0.553221 0.030987 0.066293
2 0.553834 0.381419 0.075105 0.178338
1 0.568540 0.600840 0.034139 0.073763
0 0.787815 0.535948 0.034664 0.044818
0 0.474002 0.796919 0.030987 0.071895
0 0.611607 0.228758 0.028887 0.061625
0 0.425158 0.930906 0.032038 0.069094
3 0.061975 0.150327 0.016807 0.018674
0 0.308036 0.588702 0.040441 0.040149
0 0.326418 0.554622 0.038340 0.046685
0 0.335084 0.515873 0.038866 0.045752
0 0.253414 0.557423 0.039391 0.046685
0 0.281250 0.528945 0.038340 0.042017
0 0.287553 0.481793 0.039391 0.046685
0 0.212973 0.525677 0.035189 0.039216
0 0.231880 0.497199 0.040441 0.045752
0 0.240021 0.451914 0.034664 0.039216
0 0.165704 0.507003 0.041492 0.044818
0 0.183036 0.467787 0.040441 0.048553
0 0.199842 0.430439 0.038340 0.044818
0 0.716912 0.673203 0.040966 0.044818
0 0.718225 0.632120 0.036239 0.046685
0 0.722952 0.582166 0.036239 0.040149
0 0.743172 0.556489 0.040966 0.044818
0 0.751576 0.700280 0.034664 0.037348
0 0.771271 0.661531 0.040441 0.047619
0 0.777836 0.618581 0.042017 0.047619
0 0.799370 0.587302 0.040966 0.048553
0 0.789653 0.721755 0.039391 0.044818
0 0.950368 0.716153 0.040441 0.044818
0 0.837973 0.752568 0.040441 0.044818
0 0.880777 0.777778 0.043067 0.046685
0 0.925683 0.800654 0.040441 0.047619
1 0.630515 0.265640 0.046744 0.099907
0 0.151523 0.407096 0.040441 0.044818
0 0.133403 0.438842 0.040966 0.046685
0 0.107931 0.476190 0.041492 0.048553
0 0.070116 0.362278 0.042542 0.037348
0 0.065389 0.442110 0.041492 0.049486
0 0.102416 0.281513 0.038866 0.043884
0 0.164391 0.313725 0.044118 0.050420
0 0.062237 0.284781 0.038340 0.046685
3 0.629989 0.040149 0.011029 0.026144
2 0.344800 0.368814 0.085609 0.102708
1 0.745273 0.020542 0.029412 0.042951
0 0.988971 0.932306 0.018908 0.049486
0 0.880515 0.874416 0.036239 0.049486
2 0.183298 0.239963 0.087185 0.089636
0 0.455620 0.743697 0.032038 0.064426
0 0.434874 0.721755 0.030462 0.061625
0 0.972426 0.827731 0.048845 0.049486
0 0.039391 0.403361 0.025210 0.067227
0 0.013130 0.409430 0.027311 0.043884
