0 0.888918 0.156396 0.062500 0.058824
0 0.845588 0.252101 0.068277 0.057890
0 0.952994 0.486461 0.045693 0.091503
0 0.902574 0.105509 0.063550 0.067227
0 0.958246 0.078431 0.045693 0.080299
0 0.883666 0.349206 0.050945 0.093371
0 0.750525 0.201214 0.049370 0.083100
0 0.816702 0.323529 0.051471 0.084967
0 0.771271 0.397759 0.046744 0.089636
0 0.940389 0.582633 0.066702 0.072829
0 0.962185 0.633520 0.061975 0.066293
0 0.944328 0.697012 0.072479 0.066293
0 0.887868 0.626984 0.049895 0.094304
0 0.868697 0.699346 0.065126 0.059757
0 0.808036 0.788515 0.050945 0.099907
0 0.685924 0.380019 0.031513 0.095238
0 0.660714 0.441643 0.053571 0.087768
0 0.622899 0.488796 0.042017 0.099907
0 0.580882 0.455182 0.042017 0.105509
0 0.516282 0.407096 0.054622 0.087768
0 0.453782 0.281513 0.056723 0.088702
0 0.791492 0.965453 0.072479 0.067227
0 0.551733 0.939776 0.057248 0.103641
0 0.488708 0.553221 0.051996 0.111111
0 0.414391 0.483660 0.063025 0.065359
0 0.403624 0.438375 0.059349 0.071895
0 0.452206 0.194678 0.051471 0.094304
0 0.387868 0.118581 0.044643 0.082166
1 0.274685 0.082166 0.070378 0.106443
0 0.303571 0.226891 0.050420 0.067227
0 0.682248 0.987862 0.056723 0.022409
0 0.476628 0.658263 0.057248 0.072829
0 0.520221 0.825864 0.057248 0.099907
0 0.441176 0.957983 0.063025 0.080299
3 0.658088 0.703081 0.025210 0.046685
3 0.870011 0.558824 0.019433 0.043884
3 0.763655 0.822596 0.017857 0.056022
