0 0.020221 0.333333 0.027836 0.072829
0 0.017069 0.267507 0.030987 0.066293
0 0.731092 0.040149 0.025210 0.050420
2 0.386817 0.876751 0.075105 0.190476
0 0.701681 0.239029 0.023109 0.057890
0 0.690914 0.158263 0.030987 0.062558
0 0.454044 0.675537 0.027836 0.066293
0 0.627101 0.367880 0.031513 0.063492
0 0.637605 0.239496 0.027311 0.060691
0 0.563550 0.331466 0.031513 0.063492
0 0.595063 0.304388 0.027311 0.059757
0 0.636817 0.152661 0.027836 0.062558
0 0.306197 0.588702 0.040966 0.040149
0 0.324580 0.553221 0.037815 0.047619
0 0.332458 0.514472 0.038866 0.044818
0 0.251838 0.557890 0.039391 0.047619
0 0.278887 0.528945 0.037815 0.042017
0 0.284926 0.481793 0.039391 0.046685
0 0.209559 0.526144 0.035714 0.040149
0 0.229254 0.497199 0.040441 0.045752
0 0.240021 0.450980 0.034664 0.039216
0 0.163340 0.504202 0.040966 0.044818
0 0.181460 0.467320 0.040441 0.049486
0 0.197742 0.430439 0.038340 0.044818
0 0.717700 0.672269 0.040441 0.044818
0 0.720851 0.627451 0.036239 0.046685
0 0.726628 0.579365 0.036239 0.040149
0 0.747899 0.551821 0.040966 0.044818
0 0.754202 0.700280 0.034664 0.037348
0 0.776523 0.662465 0.040441 0.047619
0 0.780987 0.612979 0.042017 0.047619
0 0.804359 0.582633 0.044643 0.050420
0 0.793330 0.720822 0.039391 0.044818
0 0.829832 0.645191 0.040966 0.044818
0 0.842174 0.751634 0.040441 0.044818
0 0.915179 0.692344 0.043592 0.045752
0 0.885504 0.775910 0.043067 0.046685
0 0.929359 0.797852 0.040441 0.047619
0 0.525210 0.845938 0.037815 0.061625
1 0.564338 0.488329 0.039391 0.106443
0 0.452731 0.809524 0.031513 0.070962
1 0.486082 0.639589 0.025735 0.070962
0 0.489496 0.401494 0.036765 0.044818
0 0.148897 0.402428 0.040441 0.044818
0 0.131828 0.438375 0.040966 0.043884
0 0.105305 0.476190 0.041492 0.048553
0 0.096639 0.379085 0.040966 0.039216
0 0.061712 0.442110 0.041492 0.049486
0 0.075630 0.260504 0.040966 0.048553
0 0.137342 0.302054 0.045693 0.049486
0 0.050158 0.288982 0.036239 0.049486
0 0.567227 0.393091 0.031513 0.067227
0 0.669905 0.129318 0.025735 0.062558
1 0.580620 0.557423 0.056197 0.112045
2 0.007090 0.144725 0.015231 0.084034
0 0.975053 0.824930 0.044643 0.049486
0 0.034664 0.400560 0.025210 0.067227
0 0.008141 0.409430 0.017332 0.043884
