0 0.372637 0.425770 0.033088 0.059757
0 0.593225 0.770308 0.043592 0.052288
0 0.654937 0.843137 0.044118 0.041083
0 0.660452 0.680205 0.037290 0.071895
0 0.425420 0.749300 0.033613 0.077498
0 0.464023 0.724556 0.029937 0.070962
0 0.385504 0.323996 0.044118 0.048553
0 0.360294 0.631186 0.044118 0.052288
0 0.401523 0.599907 0.038340 0.045752
0 0.421481 0.564426 0.041492 0.049486
0 0.248687 0.564426 0.046744 0.051354
0 0.293592 0.540149 0.044118 0.051354
0 0.260242 0.463585 0.043592 0.051354
0 0.169118 0.511204 0.037815 0.043884
0 0.204832 0.486461 0.044118 0.048553
0 0.202206 0.432306 0.037815 0.044818
0 0.111607 0.485528 0.046744 0.048553
0 0.136555 0.449113 0.043067 0.041083
0 0.155462 0.401494 0.042017 0.046685
0 0.753939 0.681139 0.042542 0.047619
0 0.707195 0.603175 0.041492 0.044818
0 0.687763 0.532680 0.038340 0.042017
0 0.745273 0.515406 0.040966 0.044818
0 0.796481 0.707750 0.033088 0.039216
0 0.809611 0.660598 0.042542 0.047619
0 0.799632 0.598973 0.042542 0.049486
0 0.824580 0.560224 0.046218 0.050420
0 0.841387 0.732493 0.040966 0.047619
0 0.871324 0.638655 0.043067 0.042951
0 0.897059 0.767507 0.046218 0.050420
0 0.943015 0.676004 0.045693 0.048553
0 0.948529 0.801120 0.046218 0.050420
0 0.989496 0.818394 0.018908 0.053221
1 0.733193 0.740896 0.066176 0.070028
0 0.276786 0.314192 0.044118 0.058824
1 0.144170 0.212418 0.043592 0.056956
0 0.098214 0.377218 0.045168 0.050420
0 0.083508 0.413632 0.040966 0.052288
0 0.053046 0.458450 0.043067 0.048553
0 0.043067 0.348273 0.040966 0.044818
0 0.053309 0.233427 0.049895 0.050420
0 0.931723 0.627451 0.046218 0.054155
0 0.423319 0.840336 0.034664 0.082166
0 0.529674 0.330532 0.046744 0.063492
0 0.653887 0.195145 0.026261 0.069094
0 0.683298 0.126050 0.030462 0.067227
0 0.642332 0.122316 0.032563 0.070962
0 0.707983 0.042951 0.031513 0.067227
3 0.577468 0.183007 0.009979 0.022409
3 0.537290 0.268441 0.012605 0.025210
