0 0.825893 0.399471 0.026786 0.042328
0 0.852307 0.712302 0.023065 0.025132
0 0.837426 0.680556 0.024554 0.030423
0 0.870908 0.596561 0.018601 0.044974
0 0.883929 0.666667 0.019345 0.044974
0 0.122024 0.602513 0.028274 0.033069
0 0.198661 0.491402 0.026786 0.035714
0 0.011905 0.619709 0.023810 0.048942
0 0.853423 0.177249 0.026786 0.031746
1 0.960565 0.117725 0.031250 0.037037
1 0.712054 0.152778 0.020833 0.041005
0 0.738095 0.231481 0.025298 0.023810
0 0.297991 0.229497 0.020089 0.056878
0 0.258929 0.208995 0.020833 0.050265
0 0.247768 0.156085 0.019345 0.055556
0 0.283110 0.152116 0.018601 0.044974
0 0.329985 0.177910 0.023065 0.046296
0 0.059896 0.709656 0.031994 0.041005
2 0.741815 0.298280 0.063988 0.033069
0 0.595610 0.171958 0.026042 0.042328
0 0.073289 0.664021 0.030506 0.034392
3 0.722470 0.333995 0.011905 0.019841
3 0.319196 0.281746 0.014881 0.039683
3 0.802455 0.205688 0.011161 0.019841
3 0.558408 0.726852 0.011161 0.030423
3 0.288318 0.634921 0.011161 0.015873
3 0.333333 0.198413 0.011905 0.034392
3 0.330357 0.109127 0.008929 0.022487
3 0.789062 0.320767 0.018601 0.019841
0 0.444940 0.411376 0.028274 0.037037
0 0.496652 0.421958 0.024554 0.029101
0 0.323661 0.234127 0.020833 0.047619
0 0.301711 0.140212 0.021577 0.042328
0 0.149182 0.652116 0.031994 0.037037
0 0.236607 0.628968 0.029762 0.033069
1 0.297991 0.594577 0.031994 0.033069
1 0.356771 0.599868 0.030506 0.027778
0 0.545015 0.357804 0.030506 0.035714
0 0.550223 0.396825 0.024554 0.023810
0 0.609003 0.382275 0.029018 0.026455
3 0.612351 0.346561 0.011905 0.015873
0 0.865699 0.329365 0.027530 0.037037
0 0.646949 0.642857 0.027530 0.039683
0 0.653646 0.680556 0.026042 0.043651
0 0.670387 0.604497 0.026786 0.042328
0 0.680432 0.634259 0.027530 0.046296
0 0.695685 0.561508 0.025298 0.041005
0 0.963542 0.296958 0.028274 0.027778
0 0.699777 0.645503 0.024554 0.047619
0 0.037946 0.217593 0.025298 0.038360
