0 0.436975 0.589169 0.028361 0.069094
0 0.502626 0.851541 0.038866 0.070962
0 0.560924 0.845472 0.040966 0.055089
0 0.620273 0.593838 0.029412 0.072829
0 0.479517 0.588702 0.029412 0.070028
0 0.512605 0.562558 0.027311 0.068161
0 0.504202 0.352941 0.039916 0.048553
0 0.309349 0.601307 0.043067 0.050420
0 0.326418 0.553688 0.039391 0.042951
0 0.339811 0.514939 0.040966 0.045752
0 0.230830 0.553221 0.041492 0.051354
0 0.263393 0.521942 0.041492 0.044818
0 0.266544 0.469188 0.041492 0.047619
0 0.184349 0.520075 0.038866 0.042951
0 0.203256 0.485994 0.044118 0.049486
0 0.214811 0.437442 0.035714 0.043884
0 0.129727 0.494398 0.044118 0.045752
0 0.149685 0.453315 0.043067 0.042017
0 0.166754 0.412698 0.040441 0.046685
0 0.743960 0.681139 0.042542 0.047619
0 0.741334 0.627918 0.039391 0.042017
0 0.741597 0.570028 0.037815 0.038282
0 0.768908 0.541550 0.040966 0.044818
0 0.783351 0.706816 0.033088 0.039216
0 0.803571 0.661064 0.040966 0.044818
0 0.808298 0.613912 0.043067 0.049486
0 0.836660 0.579365 0.045168 0.051354
0 0.826681 0.728758 0.040966 0.047619
0 0.867384 0.645658 0.041492 0.042017
0 0.879989 0.763772 0.042542 0.050420
0 0.924632 0.678338 0.043592 0.047619
0 0.928834 0.788982 0.045693 0.050420
0 0.978204 0.816993 0.041492 0.054155
0 0.874475 0.913165 0.045168 0.050420
1 0.632878 0.673669 0.061975 0.086835
0 0.395221 0.457049 0.033088 0.064426
1 0.301733 0.323063 0.042542 0.056022
0 0.173319 0.256769 0.042017 0.048553
0 0.116071 0.388422 0.045168 0.050420
0 0.100315 0.426704 0.040966 0.052288
0 0.074055 0.467787 0.043067 0.048553
0 0.061450 0.363212 0.038866 0.044818
0 0.024685 0.431373 0.043067 0.054155
0 0.017069 0.223156 0.035189 0.033613
0 0.070903 0.250233 0.045168 0.050420
0 0.013655 0.255836 0.028361 0.054155
0 0.965336 0.652194 0.046218 0.055089
0 0.482668 0.665733 0.032563 0.074697
0 0.599265 0.241830 0.032563 0.076564
0 0.648634 0.204015 0.027311 0.066293
0 0.676471 0.139122 0.030462 0.067227
0 0.665966 0.061625 0.032563 0.070962
0 0.704832 0.048553 0.031513 0.067227
1 0.733193 0.092437 0.051471 0.115780
3 0.551471 0.252101 0.010504 0.024276
3 0.555935 0.232493 0.014181 0.022409
