0 0.031775 0.301120 0.036239 0.060691
0 0.034139 0.239496 0.040966 0.055089
0 0.781250 0.856209 0.040441 0.048553
0 0.563025 0.609711 0.028361 0.061625
0 0.521796 0.838936 0.039391 0.060691
0 0.466912 0.816060 0.034664 0.072829
0 0.610557 0.311391 0.030987 0.066293
3 0.371324 0.915500 0.012605 0.028945
3 0.361870 0.907096 0.010504 0.025210
3 0.373424 0.296452 0.016807 0.023343
0 0.309349 0.588702 0.039916 0.040149
0 0.327731 0.555556 0.037815 0.046685
0 0.337185 0.516807 0.038866 0.045752
0 0.254727 0.557423 0.039916 0.046685
0 0.282826 0.528945 0.038340 0.042017
0 0.289128 0.482726 0.039391 0.046685
0 0.214286 0.526611 0.037815 0.039216
0 0.232405 0.497199 0.040441 0.045752
0 0.241334 0.451914 0.034139 0.041083
0 0.167279 0.503268 0.041492 0.044818
0 0.184349 0.468721 0.039916 0.048553
0 0.200368 0.429972 0.038340 0.045752
0 0.716912 0.676004 0.040966 0.044818
0 0.718225 0.635854 0.036239 0.046685
0 0.720851 0.584034 0.036239 0.040149
0 0.743435 0.553688 0.040441 0.044818
0 0.750525 0.701214 0.034664 0.037348
0 0.776523 0.667134 0.040441 0.047619
0 0.815126 0.642390 0.042017 0.046685
0 0.800945 0.590570 0.040966 0.047619
0 0.789916 0.726424 0.038866 0.044818
0 0.836922 0.756303 0.040441 0.044818
0 0.881303 0.779645 0.043067 0.046685
0 0.925158 0.803455 0.040441 0.047619
0 0.117122 0.382353 0.040966 0.042017
0 0.054359 0.358077 0.041492 0.038282
0 0.110032 0.475257 0.041492 0.048553
0 0.068015 0.442110 0.041492 0.049486
0 0.105042 0.280579 0.038866 0.043884
0 0.168067 0.315593 0.044118 0.050420
0 0.066702 0.281513 0.039916 0.043884
2 0.485032 0.608310 0.036239 0.146592
0 0.988445 0.979458 0.019958 0.037348
1 0.626576 0.351541 0.029412 0.062558
1 0.369223 0.980859 0.032563 0.034547
0 0.735294 0.042951 0.026261 0.057890
0 0.674632 0.748366 0.041492 0.051354
0 0.613708 0.670868 0.029937 0.070028
2 0.465336 0.374883 0.084034 0.060691
0 0.768908 0.007003 0.032563 0.015873
0 0.552521 0.467320 0.028361 0.070028
0 0.561975 0.372549 0.030462 0.061625
0 0.972426 0.830532 0.048845 0.049486
0 0.039916 0.400093 0.025210 0.066293
0 0.013918 0.409430 0.028887 0.043884
