0 0.021271 0.334267 0.027836 0.072829
0 0.019170 0.269374 0.033088 0.066293
0 0.992384 0.890756 0.014181 0.050420
0 0.702468 0.125117 0.025735 0.056022
0 0.372374 0.984127 0.031513 0.029879
2 0.413078 0.792717 0.075105 0.188609
1 0.770483 0.008870 0.031513 0.019608
0 0.684874 0.311391 0.022059 0.058824
0 0.658351 0.251634 0.030987 0.062558
0 0.478466 0.605042 0.028361 0.061625
0 0.599265 0.453782 0.031513 0.063492
0 0.649947 0.201214 0.027836 0.056956
0 0.587185 0.268908 0.031513 0.063492
0 0.610294 0.267507 0.025210 0.055089
0 0.653099 0.107843 0.027836 0.062558
0 0.306460 0.588702 0.040441 0.040149
0 0.325105 0.554155 0.037815 0.047619
0 0.332721 0.514472 0.039391 0.044818
0 0.251838 0.557890 0.039391 0.047619
0 0.279412 0.528945 0.037815 0.042017
0 0.285452 0.481793 0.039391 0.046685
0 0.211660 0.526144 0.034664 0.040149
0 0.230830 0.498133 0.040441 0.045752
0 0.240021 0.450980 0.034664 0.039216
0 0.164391 0.505135 0.040966 0.044818
0 0.182773 0.467320 0.040966 0.049486
0 0.199317 0.430439 0.038340 0.044818
0 0.716912 0.671335 0.040966 0.044818
0 0.719800 0.628385 0.036239 0.046685
0 0.726103 0.579365 0.036239 0.040149
0 0.746324 0.550887 0.040966 0.044818
0 0.753676 0.700280 0.034664 0.037348
0 0.775998 0.662465 0.040441 0.047619
0 0.779937 0.612979 0.042017 0.047619
0 0.803834 0.583567 0.043592 0.050420
0 0.792805 0.720822 0.039391 0.044818
0 0.828256 0.645191 0.040966 0.044818
0 0.841124 0.751634 0.040441 0.044818
0 0.959296 0.718954 0.043592 0.046685
0 0.880777 0.774043 0.043067 0.046685
0 0.926733 0.797852 0.040441 0.047619
0 0.483718 0.894491 0.036765 0.065359
1 0.569328 0.457983 0.040966 0.105509
0 0.433824 0.876751 0.031513 0.070962
1 0.481092 0.693744 0.025210 0.070962
0 0.528361 0.371148 0.033613 0.055089
0 0.149422 0.402428 0.040441 0.044818
0 0.133929 0.439309 0.040966 0.043884
0 0.105305 0.476190 0.041492 0.048553
0 0.099790 0.380952 0.040966 0.039216
0 0.063288 0.442110 0.041492 0.049486
0 0.086397 0.268908 0.039391 0.046685
0 0.143382 0.304855 0.045168 0.049486
0 0.052521 0.289916 0.035714 0.049486
0 0.584559 0.354809 0.031513 0.067227
0 0.682773 0.093838 0.026261 0.062558
1 0.551471 0.646125 0.053571 0.117647
3 0.590336 0.174603 0.010504 0.026144
2 0.034401 0.164332 0.069853 0.084034
0 0.972952 0.824930 0.047794 0.049486
0 0.036765 0.400560 0.025210 0.067227
0 0.009191 0.409430 0.019433 0.043884
