0 0.435399 0.582633 0.028361 0.069094
0 0.505515 0.847806 0.039391 0.070962
0 0.563813 0.845005 0.041492 0.054155
0 0.621324 0.596639 0.029412 0.072829
0 0.478204 0.592437 0.029937 0.070028
0 0.511555 0.567227 0.027311 0.068161
0 0.501050 0.352941 0.039916 0.048553
0 0.309611 0.601307 0.042542 0.050420
0 0.326943 0.554155 0.039391 0.042017
0 0.340599 0.515873 0.041492 0.045752
0 0.230305 0.553221 0.041492 0.051354
0 0.263130 0.521942 0.042017 0.044818
0 0.266282 0.469188 0.040966 0.047619
0 0.183824 0.520075 0.038866 0.042951
0 0.202731 0.485994 0.044118 0.049486
0 0.214286 0.436975 0.035714 0.044818
0 0.129464 0.494398 0.044643 0.045752
0 0.149160 0.453315 0.043067 0.042017
0 0.166229 0.411765 0.040441 0.046685
0 0.744485 0.681139 0.042542 0.047619
0 0.741071 0.627451 0.039916 0.042951
0 0.740546 0.569561 0.037815 0.039216
0 0.768908 0.541550 0.040966 0.044818
0 0.783876 0.706816 0.033088 0.039216
0 0.804359 0.661064 0.041492 0.044818
0 0.808824 0.613912 0.043067 0.049486
0 0.837185 0.579365 0.045168 0.051354
0 0.827206 0.728758 0.040966 0.047619
0 0.867910 0.644725 0.041492 0.042017
0 0.881040 0.763772 0.042542 0.050420
0 0.925683 0.678338 0.043592 0.047619
0 0.929884 0.788982 0.045693 0.050420
0 0.978729 0.816993 0.040441 0.054155
0 0.881828 0.916900 0.045168 0.050420
1 0.635767 0.676004 0.062500 0.085901
0 0.391807 0.451447 0.033613 0.064426
1 0.296481 0.318394 0.042542 0.056022
0 0.166492 0.252101 0.042017 0.048553
0 0.115021 0.386555 0.045168 0.050420
0 0.099265 0.425770 0.040966 0.052288
0 0.072479 0.466853 0.043067 0.048553
0 0.060399 0.362278 0.038866 0.044818
0 0.023634 0.430439 0.042017 0.054155
0 0.016807 0.223156 0.034664 0.033613
0 0.070903 0.250233 0.045168 0.050420
0 0.013655 0.255836 0.028361 0.054155
0 0.964286 0.651261 0.046218 0.055089
0 0.481618 0.671335 0.032563 0.074697
0 0.597426 0.245565 0.033088 0.076564
0 0.648634 0.204015 0.027311 0.066293
0 0.676471 0.139122 0.030462 0.067227
0 0.665441 0.062558 0.032563 0.070962
0 0.704832 0.048553 0.031513 0.067227
1 0.735294 0.086835 0.051471 0.112045
3 0.552521 0.249767 0.010504 0.023343
3 0.555410 0.232960 0.014181 0.021475
