0 0.738839 0.506614 0.025298 0.042328
0 0.853051 0.710317 0.023065 0.026455
0 0.837426 0.679894 0.024554 0.031746
0 0.871652 0.592593 0.021577 0.044974
0 0.888765 0.653439 0.021577 0.044974
0 0.125000 0.598545 0.026786 0.038360
0 0.198661 0.491402 0.026786 0.035714
0 0.011905 0.618386 0.023810 0.048942
0 0.853423 0.177249 0.026786 0.031746
1 0.960565 0.117725 0.031250 0.037037
1 0.712054 0.150132 0.020833 0.041005
0 0.738839 0.231481 0.025298 0.023810
0 0.297991 0.229497 0.020089 0.056878
0 0.258929 0.208995 0.020833 0.050265
0 0.248884 0.155423 0.020089 0.054233
0 0.283110 0.151455 0.018601 0.043651
0 0.329985 0.178571 0.023065 0.050265
0 0.100074 0.687831 0.033482 0.037037
0 0.159226 0.644841 0.032738 0.038360
2 0.743304 0.294974 0.063988 0.031746
0 0.596354 0.171958 0.026042 0.042328
3 0.652530 0.285714 0.010417 0.015873
3 0.321429 0.281746 0.014881 0.039683
3 0.806548 0.216270 0.011905 0.019841
3 0.533110 0.912037 0.011161 0.030423
3 0.220610 0.671958 0.011161 0.015873
3 0.323289 0.145503 0.012649 0.034392
3 0.348958 0.229497 0.008929 0.019841
3 0.707961 0.314815 0.015625 0.018519
3 0.950893 0.245370 0.017857 0.019841
0 0.267485 0.537037 0.026042 0.037037
0 0.347842 0.495370 0.024554 0.030423
0 0.338914 0.359788 0.014137 0.047619
0 0.333333 0.281746 0.020833 0.044974
0 0.056920 0.744709 0.027530 0.037037
0 0.220610 0.607143 0.031994 0.037037
0 0.330729 0.578704 0.031994 0.030423
1 0.395833 0.612434 0.029762 0.039683
1 0.457217 0.701720 0.026042 0.038360
0 0.411458 0.438492 0.031250 0.038360
0 0.453869 0.443122 0.023810 0.023810
0 0.514137 0.415344 0.028274 0.029101
3 0.478051 0.392196 0.012649 0.019841
0 0.665179 0.373016 0.026786 0.026455
0 0.646205 0.642857 0.027530 0.039683
0 0.654390 0.679894 0.027530 0.044974
0 0.671875 0.605820 0.025298 0.039683
0 0.683408 0.633598 0.027530 0.044974
0 0.700149 0.560847 0.023810 0.039683
0 0.811756 0.428571 0.025298 0.039683
0 0.803199 0.476190 0.027530 0.044974
0 0.038318 0.217593 0.026042 0.038360
