0 0.032038 0.301120 0.035714 0.060691
0 0.034664 0.239496 0.040966 0.055089
0 0.705882 0.829599 0.038866 0.042017
0 0.535714 0.698413 0.028361 0.061625
0 0.491859 0.877684 0.035189 0.067227
0 0.453256 0.857143 0.034664 0.072829
0 0.636817 0.244164 0.030987 0.064426
3 0.394433 0.827264 0.012605 0.024276
3 0.372374 0.860878 0.010504 0.022409
3 0.419380 0.330999 0.016282 0.023343
0 0.309611 0.588702 0.040441 0.040149
0 0.327994 0.555556 0.038340 0.046685
0 0.337447 0.516807 0.038340 0.045752
0 0.254989 0.556956 0.039391 0.045752
0 0.283351 0.528945 0.038340 0.042017
0 0.289653 0.482726 0.039391 0.046685
0 0.214286 0.528478 0.037815 0.039216
0 0.232931 0.497199 0.040441 0.045752
0 0.242384 0.452381 0.034139 0.042017
0 0.167805 0.503735 0.041492 0.045752
0 0.184874 0.468721 0.039916 0.048553
0 0.200368 0.429972 0.038340 0.045752
0 0.716912 0.676937 0.040966 0.044818
0 0.720326 0.637722 0.036239 0.046685
0 0.720851 0.584967 0.036239 0.040149
0 0.743435 0.554622 0.040441 0.044818
0 0.750525 0.702148 0.034664 0.037348
0 0.781775 0.672736 0.040441 0.047619
0 0.827994 0.653128 0.042542 0.047619
0 0.801471 0.593371 0.040966 0.047619
0 0.790966 0.726424 0.038866 0.044818
0 0.836922 0.757236 0.040441 0.044818
0 0.881565 0.780579 0.042542 0.046685
0 0.925158 0.805322 0.040441 0.047619
0 0.093750 0.370215 0.041492 0.040149
0 0.029149 0.352474 0.041492 0.038282
0 0.110032 0.474323 0.041492 0.048553
0 0.068540 0.442110 0.041492 0.049486
0 0.108193 0.283380 0.038866 0.043884
0 0.168592 0.315593 0.044118 0.050420
0 0.066702 0.281513 0.039916 0.043884
2 0.493697 0.658263 0.025210 0.147526
0 0.882616 0.917834 0.040441 0.052288
0 0.993960 0.942110 0.008929 0.042951
1 0.605042 0.411298 0.029412 0.062558
1 0.381303 0.940243 0.061975 0.110177
0 0.714023 0.103641 0.026786 0.061625
0 0.637868 0.718954 0.036239 0.067227
0 0.602416 0.624650 0.025210 0.069094
2 0.505252 0.366013 0.084034 0.085901
0 0.753151 0.038749 0.032563 0.064426
0 0.568540 0.422969 0.028887 0.069094
0 0.587710 0.309524 0.029412 0.062558
0 0.972952 0.831466 0.048845 0.049486
0 0.040441 0.400093 0.025210 0.066293
0 0.013918 0.409430 0.028887 0.043884
