0 0.743304 0.496032 0.025298 0.042328
0 0.853051 0.710317 0.023065 0.026455
0 0.837426 0.679894 0.024554 0.031746
0 0.871652 0.593254 0.020089 0.043651
0 0.888393 0.654762 0.020833 0.044974
0 0.124256 0.599206 0.026786 0.037037
0 0.198661 0.491402 0.026786 0.035714
0 0.011905 0.619048 0.023810 0.050265
0 0.853423 0.177249 0.026786 0.031746
1 0.960565 0.117725 0.031250 0.037037
1 0.712054 0.150132 0.020833 0.041005
0 0.738839 0.231481 0.025298 0.023810
0 0.297991 0.229497 0.020089 0.056878
0 0.258929 0.208995 0.020833 0.050265
0 0.248884 0.155423 0.020089 0.054233
0 0.283110 0.151455 0.018601 0.043651
0 0.329985 0.178571 0.023065 0.050265
0 0.085938 0.698413 0.031994 0.037037
0 0.148065 0.650794 0.031250 0.037037
2 0.742932 0.294974 0.064732 0.031746
0 0.596354 0.171958 0.026042 0.042328
3 0.658482 0.289683 0.010417 0.015873
3 0.321429 0.281746 0.014881 0.039683
3 0.805804 0.214286 0.011905 0.021164
3 0.535342 0.879630 0.011161 0.031746
3 0.230283 0.665344 0.011161 0.015873
3 0.324777 0.153439 0.012649 0.034392
3 0.347470 0.216270 0.008929 0.019841
3 0.718378 0.316138 0.015625 0.018519
3 0.959077 0.240079 0.017857 0.019841
0 0.296875 0.515873 0.025298 0.037037
0 0.371652 0.483466 0.024554 0.030423
0 0.338542 0.344577 0.014881 0.046296
0 0.329613 0.263889 0.022321 0.046296
0 0.030878 0.758598 0.027530 0.030423
0 0.213914 0.612434 0.031994 0.037037
0 0.316220 0.581349 0.029762 0.030423
1 0.380208 0.601190 0.029762 0.035714
1 0.440848 0.681878 0.026042 0.038360
0 0.432664 0.421296 0.027530 0.038360
0 0.469494 0.435185 0.023810 0.023810
0 0.531250 0.407407 0.028274 0.029101
3 0.497396 0.381614 0.012649 0.019841
0 0.700521 0.367725 0.027530 0.026455
0 0.646205 0.641534 0.027530 0.039683
0 0.654390 0.679894 0.027530 0.044974
0 0.671875 0.605159 0.025298 0.041005
0 0.683408 0.633598 0.027530 0.044974
0 0.699405 0.559524 0.023810 0.039683
0 0.830357 0.405423 0.025298 0.038360
0 0.788690 0.493386 0.026786 0.044974
0 0.038318 0.217593 0.026042 0.038360
