0 0.619420 0.691138 0.026042 0.041005
0 0.606399 0.777116 0.025298 0.043651
0 0.853423 0.708333 0.022321 0.027778
0 0.837426 0.675265 0.027530 0.033069
0 0.870536 0.592593 0.019345 0.047619
0 0.889509 0.656746 0.021577 0.048942
0 0.693080 0.725529 0.023065 0.046296
0 0.663690 0.809524 0.022321 0.044974
0 0.123512 0.603836 0.032738 0.038360
0 0.196057 0.490079 0.026042 0.035714
0 0.009301 0.621693 0.020089 0.044974
0 0.853051 0.174603 0.027530 0.037037
1 0.959449 0.113757 0.031994 0.042328
0 0.713542 0.148810 0.025298 0.043651
0 0.738839 0.229497 0.031250 0.030423
0 0.295387 0.231481 0.019345 0.055556
0 0.255580 0.208995 0.017113 0.047619
0 0.248884 0.156085 0.018601 0.052910
0 0.280878 0.150794 0.018601 0.044974
0 0.328497 0.181878 0.021577 0.048942
0 0.303571 0.078704 0.022321 0.048942
0 0.323661 0.533730 0.026786 0.041005
0 0.370908 0.439815 0.024554 0.048942
0 0.353795 0.218915 0.012649 0.035714
2 0.743304 0.296296 0.063988 0.031746
0 0.593750 0.169974 0.026786 0.041005
3 0.338542 0.242063 0.010417 0.031746
0 0.063988 0.684524 0.025298 0.041005
0 0.380580 0.298942 0.012649 0.055556
3 0.008185 0.713624 0.011905 0.019841
0 0.554315 0.949074 0.022321 0.046296
0 0.539062 0.865741 0.024554 0.041005
0 0.580729 0.875661 0.023065 0.039683
0 0.034970 0.221561 0.028274 0.035714
