0 0.028887 0.306256 0.037815 0.063492
0 0.031513 0.246032 0.040966 0.060691
0 0.662815 0.303455 0.028361 0.061625
0 0.629202 0.787582 0.043067 0.043884
0 0.556197 0.571429 0.034664 0.072829
0 0.554097 0.794585 0.040966 0.050420
0 0.475053 0.781046 0.027836 0.060691
0 0.547006 0.483193 0.030987 0.066293
2 0.592962 0.270308 0.076681 0.176471
1 0.503414 0.785247 0.034139 0.074697
0 0.884191 0.593838 0.035189 0.044818
0 0.431985 0.921569 0.030987 0.070962
0 0.647321 0.131653 0.028887 0.061625
3 0.173845 0.197012 0.016807 0.018674
0 0.308561 0.588702 0.040441 0.040149
0 0.326943 0.554622 0.038340 0.046685
0 0.335609 0.515873 0.038866 0.045752
0 0.253939 0.557423 0.039391 0.046685
0 0.281775 0.528945 0.038340 0.042017
0 0.288603 0.481793 0.039391 0.046685
0 0.213498 0.525677 0.036239 0.039216
0 0.231880 0.497199 0.040441 0.045752
0 0.240021 0.450980 0.034664 0.039216
0 0.166754 0.504202 0.041492 0.044818
0 0.183298 0.468721 0.039916 0.048553
0 0.199842 0.429972 0.038340 0.045752
0 0.716912 0.674136 0.040966 0.044818
0 0.718225 0.633053 0.036239 0.046685
0 0.721901 0.582166 0.036239 0.040149
0 0.743172 0.554622 0.040966 0.044818
0 0.751050 0.700280 0.034664 0.037348
0 0.770221 0.661531 0.040441 0.047619
0 0.786765 0.624183 0.042017 0.047619
0 0.798582 0.588702 0.040441 0.047619
0 0.789391 0.723623 0.038866 0.044818
0 0.837447 0.753501 0.040441 0.044818
0 0.881303 0.778711 0.043067 0.046685
0 0.925683 0.800654 0.040441 0.047619
1 0.659139 0.177871 0.046218 0.099907
0 0.151523 0.406162 0.040441 0.044818
0 0.112658 0.422035 0.040441 0.056022
0 0.108981 0.475257 0.041492 0.048553
0 0.035714 0.351074 0.045168 0.035481
0 0.065914 0.442110 0.041492 0.049486
0 0.102941 0.281513 0.038866 0.043884
0 0.165966 0.314659 0.044118 0.050420
0 0.064338 0.282913 0.039391 0.044818
2 0.416492 0.441643 0.075630 0.121382
1 0.703256 0.132120 0.029412 0.062558
0 0.877626 0.871615 0.042017 0.049486
0 0.753414 0.798786 0.036239 0.049486
2 0.290441 0.305322 0.087185 0.089636
0 0.501050 0.606443 0.028361 0.066293
0 0.486607 0.577031 0.030987 0.057890
0 0.972426 0.828665 0.048845 0.049486
0 0.039391 0.401961 0.025210 0.066293
0 0.013393 0.409430 0.027836 0.043884
