0 0.773897 0.175537 0.063550 0.067227
0 0.971113 0.246965 0.047269 0.060691
0 0.985032 0.125117 0.027836 0.078431
0 0.892857 0.377218 0.042017 0.093371
0 0.859244 0.160598 0.042017 0.089636
0 0.681197 0.150327 0.047269 0.087768
0 0.750525 0.251167 0.045168 0.087768
0 0.714023 0.332400 0.042542 0.089636
0 0.886292 0.475724 0.065651 0.071895
0 0.915179 0.519608 0.066702 0.068161
0 0.900473 0.584967 0.069853 0.066293
0 0.841649 0.528011 0.046744 0.094304
0 0.830095 0.603641 0.064601 0.060691
0 0.779149 0.710084 0.045693 0.099907
0 0.629989 0.338002 0.034139 0.095238
0 0.612658 0.404295 0.056197 0.080299
0 0.578782 0.461718 0.047269 0.099907
0 0.534926 0.433240 0.035189 0.106443
0 0.469538 0.402894 0.056723 0.083100
0 0.392857 0.293184 0.056723 0.082166
0 0.778887 0.901494 0.072479 0.092437
0 0.565651 0.852474 0.038866 0.123249
0 0.450105 0.555089 0.055672 0.105509
0 0.371586 0.508870 0.062500 0.076564
0 0.355305 0.459851 0.059349 0.077498
0 0.387342 0.206349 0.054097 0.089636
0 0.316176 0.146592 0.050420 0.078431
1 0.197479 0.131653 0.070378 0.106443
0 0.239758 0.276377 0.050945 0.078431
0 0.674895 0.958917 0.056723 0.078431
0 0.446166 0.665733 0.050945 0.085901
0 0.502626 0.816993 0.053571 0.108310
0 0.438025 0.962652 0.051471 0.067227
3 0.656513 0.601307 0.025210 0.056022
3 0.907563 0.232960 0.018908 0.043884
3 0.771796 0.579365 0.018382 0.043884
3 0.752626 0.708683 0.017857 0.056022
