0 0.021271 0.334267 0.027836 0.072829
0 0.018645 0.269374 0.032038 0.066293
0 0.709559 0.104575 0.025210 0.056022
2 0.406775 0.812325 0.075105 0.188609
0 0.688813 0.294585 0.022584 0.058824
0 0.665704 0.229225 0.030987 0.062558
0 0.473214 0.621382 0.028361 0.062558
0 0.606092 0.434174 0.031513 0.063492
0 0.647321 0.209617 0.027836 0.056956
0 0.581670 0.283847 0.030987 0.063492
0 0.606880 0.275910 0.025735 0.056956
0 0.649422 0.118114 0.027836 0.062558
0 0.306197 0.588702 0.040966 0.040149
0 0.325105 0.554155 0.037815 0.047619
0 0.332721 0.514472 0.039391 0.044818
0 0.251838 0.557890 0.039391 0.047619
0 0.279412 0.528945 0.037815 0.042017
0 0.285452 0.481793 0.039391 0.046685
0 0.211134 0.526144 0.034664 0.040149
0 0.230305 0.498133 0.040441 0.045752
0 0.240021 0.450980 0.034664 0.039216
0 0.164391 0.505135 0.040966 0.044818
0 0.182773 0.467320 0.040966 0.049486
0 0.199317 0.430439 0.038340 0.044818
0 0.716912 0.671335 0.040966 0.044818
0 0.719800 0.628385 0.036239 0.046685
0 0.726103 0.579365 0.036239 0.040149
0 0.746849 0.550887 0.040966 0.044818
0 0.753676 0.700280 0.034664 0.037348
0 0.775998 0.662465 0.040441 0.047619
0 0.779937 0.612979 0.042017 0.047619
0 0.803834 0.583100 0.043592 0.049486
0 0.792805 0.720822 0.039391 0.044818
0 0.828782 0.645191 0.040966 0.044818
0 0.841124 0.751634 0.040441 0.044818
0 0.947742 0.710084 0.043592 0.045752
0 0.881828 0.774043 0.043067 0.046685
0 0.926733 0.797852 0.040441 0.047619
0 0.492647 0.881419 0.036765 0.065359
1 0.568277 0.464986 0.040966 0.106443
0 0.438025 0.860878 0.031513 0.070962
1 0.483193 0.681606 0.025210 0.070962
0 0.520483 0.380019 0.034664 0.054155
0 0.148897 0.402428 0.040441 0.044818
0 0.133403 0.439309 0.040966 0.043884
0 0.105305 0.476190 0.041492 0.048553
0 0.099265 0.380019 0.040966 0.039216
0 0.062763 0.442110 0.041492 0.049486
0 0.084034 0.267040 0.039916 0.048553
0 0.142332 0.303922 0.045168 0.049486
0 0.051996 0.289916 0.035714 0.049486
0 0.580357 0.363212 0.031513 0.067227
0 0.680147 0.104108 0.026261 0.062558
1 0.557511 0.626984 0.053046 0.114846
3 0.587710 0.183007 0.010504 0.026144
2 0.028099 0.158730 0.057248 0.084034
0 0.973477 0.824930 0.046744 0.049486
0 0.036239 0.400560 0.025210 0.067227
0 0.008929 0.409430 0.018908 0.043884
