0 0.389706 0.073763 0.053571 0.061625
0 0.398897 0.178338 0.049895 0.085901
0 0.566176 0.065359 0.040966 0.059757
0 0.599527 0.073296 0.037290 0.077498
0 0.552521 0.222689 0.031513 0.083100
0 0.381565 0.040616 0.056197 0.036415
0 0.315389 0.244164 0.030987 0.088702
0 0.406250 0.259570 0.028887 0.089636
0 0.407038 0.357143 0.028361 0.090570
0 0.578782 0.292717 0.044118 0.083100
0 0.613971 0.299253 0.055672 0.071895
0 0.624475 0.364146 0.054622 0.084034
0 0.567227 0.377684 0.028361 0.084967
0 0.583771 0.446779 0.049895 0.090570
0 0.582458 0.576564 0.032563 0.111111
0 0.342174 0.443978 0.056197 0.083100
0 0.348214 0.518674 0.059874 0.062558
0 0.339811 0.599907 0.059874 0.088702
0 0.295168 0.627451 0.047269 0.113912
0 0.218750 0.683007 0.068803 0.056956
0 0.106092 0.683007 0.078782 0.066293
0 0.647321 0.713352 0.069853 0.078431
0 0.415179 0.776844 0.041492 0.126984
0 0.263130 0.830999 0.077731 0.072829
0 0.168855 0.891223 0.063550 0.112979
0 0.130777 0.877684 0.057773 0.123249
0 0.065651 0.612045 0.075630 0.071895
0 0.604254 0.896359 0.035189 0.121382
3 0.499737 0.366013 0.015231 0.044818
3 0.536502 0.576097 0.018382 0.056022
3 0.470851 0.822596 0.016282 0.054155
3 0.546744 0.432306 0.017857 0.056022
