0 0.727307 0.518519 0.026042 0.039683
0 0.852307 0.710317 0.023065 0.029101
0 0.837798 0.678571 0.025298 0.031746
0 0.870908 0.592593 0.021577 0.044974
0 0.886905 0.650794 0.016369 0.047619
0 0.124628 0.598545 0.027530 0.038360
0 0.198661 0.491402 0.026786 0.035714
0 0.010417 0.619709 0.020833 0.048942
0 0.853423 0.176587 0.026786 0.033069
1 0.959821 0.116402 0.031250 0.037037
0 0.711682 0.149471 0.021577 0.042328
0 0.739211 0.230820 0.026042 0.025132
0 0.297619 0.228836 0.019345 0.055556
0 0.258185 0.208333 0.020833 0.048942
0 0.249256 0.155423 0.019345 0.054233
0 0.282366 0.150794 0.018601 0.044974
0 0.330357 0.178571 0.022321 0.050265
0 0.133185 0.666005 0.029762 0.041005
0 0.181920 0.632275 0.030506 0.034392
2 0.743304 0.295635 0.063988 0.030423
0 0.596354 0.171958 0.026042 0.042328
3 0.341518 0.242725 0.010417 0.030423
3 0.637649 0.279101 0.011905 0.015873
3 0.322917 0.281746 0.014881 0.039683
3 0.808780 0.222884 0.011905 0.019841
3 0.194568 0.686508 0.011161 0.015873
3 0.319568 0.125661 0.012649 0.034392
3 0.351935 0.253307 0.008929 0.019841
3 0.696057 0.302249 0.015625 0.019841
3 0.930432 0.262566 0.017113 0.019841
0 0.186384 0.592593 0.027530 0.034392
0 0.281250 0.533069 0.023810 0.031746
0 0.331473 0.407407 0.017113 0.050265
0 0.340774 0.326058 0.017857 0.046296
0 0.132440 0.702381 0.028274 0.034392
0 0.235119 0.599206 0.029762 0.034392
0 0.372396 0.587963 0.029018 0.035714
1 0.443824 0.652778 0.031994 0.046296
1 0.504464 0.745370 0.025298 0.033069
0 0.353795 0.484127 0.029018 0.037037
0 0.411086 0.466270 0.024554 0.027778
0 0.466146 0.437169 0.030506 0.033069
3 0.431548 0.420635 0.011905 0.018519
0 0.572173 0.392196 0.028274 0.030423
0 0.645461 0.644180 0.027530 0.039683
0 0.654390 0.681217 0.027530 0.042328
0 0.670387 0.605159 0.023810 0.041005
0 0.681548 0.634921 0.025298 0.042328
0 0.697545 0.562169 0.024554 0.039683
0 0.768601 0.501984 0.026786 0.038360
0 0.841146 0.429894 0.029018 0.039683
0 0.038318 0.218254 0.027530 0.039683
