0 0.675223 0.598545 0.024554 0.041005
0 0.691220 0.622354 0.026786 0.041005
0 0.853423 0.708333 0.022321 0.027778
0 0.837426 0.675265 0.027530 0.033069
0 0.870908 0.592593 0.020089 0.047619
0 0.889137 0.655423 0.020833 0.046296
0 0.634673 0.983466 0.017857 0.030423
0 0.119792 0.606481 0.031250 0.038360
0 0.196057 0.490079 0.026042 0.035714
0 0.009301 0.621693 0.020089 0.044974
0 0.853051 0.174603 0.027530 0.037037
1 0.959449 0.113757 0.031994 0.042328
0 0.713542 0.148810 0.025298 0.043651
0 0.738839 0.228175 0.031250 0.030423
0 0.293899 0.231481 0.019345 0.055556
0 0.255952 0.208333 0.017857 0.048942
0 0.248884 0.156085 0.018601 0.052910
0 0.281622 0.150794 0.018601 0.044974
0 0.327009 0.181878 0.021577 0.056878
0 0.203497 0.621693 0.033482 0.039683
0 0.272693 0.578042 0.031994 0.037037
0 0.345982 0.182540 0.011905 0.029101
2 0.743304 0.296296 0.063988 0.031746
0 0.593750 0.169974 0.026786 0.041005
3 0.339286 0.240079 0.010417 0.030423
0 0.045387 0.676587 0.026786 0.041005
0 0.162946 0.609127 0.023810 0.041005
0 0.343750 0.501984 0.031250 0.043651
0 0.865327 0.423280 0.029762 0.039683
1 0.967262 0.328704 0.034226 0.043651
3 0.115327 0.631614 0.011905 0.019841
0 0.071801 0.685847 0.027530 0.038360
0 0.534598 0.885582 0.023065 0.043651
0 0.563244 0.792989 0.023810 0.041005
0 0.604911 0.776455 0.023810 0.044974
0 0.622396 0.683201 0.024554 0.041005
0 0.646205 0.704365 0.023065 0.041005
0 0.034598 0.220899 0.029018 0.037037
