0 0.741815 0.498677 0.025298 0.042328
0 0.853051 0.710317 0.023065 0.026455
0 0.837426 0.679894 0.024554 0.031746
0 0.871652 0.593254 0.020089 0.043651
0 0.888393 0.654762 0.020833 0.044974
0 0.125000 0.599868 0.026786 0.038360
0 0.198661 0.491402 0.026786 0.035714
0 0.011905 0.619048 0.023810 0.050265
0 0.853423 0.177249 0.026786 0.031746
1 0.960565 0.117725 0.031250 0.037037
1 0.712054 0.150132 0.020833 0.041005
0 0.738839 0.231481 0.025298 0.023810
0 0.297991 0.229497 0.020089 0.056878
0 0.258929 0.208995 0.020833 0.050265
0 0.248884 0.155423 0.020089 0.054233
0 0.283110 0.151455 0.018601 0.043651
0 0.329985 0.178571 0.023065 0.050265
0 0.089658 0.695767 0.031994 0.037037
0 0.150670 0.648148 0.030506 0.037037
2 0.743304 0.294974 0.063988 0.031746
0 0.596354 0.171958 0.026042 0.042328
3 0.656250 0.288360 0.010417 0.015873
3 0.321429 0.281746 0.014881 0.039683
3 0.805804 0.214947 0.011905 0.019841
3 0.534598 0.888889 0.011161 0.031746
3 0.228051 0.667989 0.011161 0.015873
3 0.324405 0.150794 0.011905 0.034392
3 0.348214 0.220238 0.008929 0.019841
3 0.715030 0.316138 0.016369 0.018519
3 0.956845 0.241402 0.017857 0.019841
0 0.288690 0.523810 0.025298 0.037037
0 0.364955 0.487434 0.024554 0.030423
0 0.338914 0.347884 0.014137 0.047619
0 0.330729 0.269841 0.023065 0.044974
0 0.038318 0.754630 0.026042 0.035714
0 0.216146 0.611111 0.031994 0.037037
0 0.320312 0.580026 0.030506 0.030423
1 0.384673 0.604497 0.029762 0.037037
1 0.445312 0.688492 0.026042 0.038360
0 0.426339 0.425265 0.026786 0.038360
0 0.465030 0.437831 0.023810 0.023810
0 0.526786 0.410053 0.028274 0.029101
3 0.491443 0.382937 0.012649 0.019841
0 0.690104 0.369048 0.027530 0.026455
0 0.646205 0.642857 0.027530 0.039683
0 0.654390 0.679894 0.027530 0.044974
0 0.671875 0.605159 0.025298 0.041005
0 0.683408 0.633598 0.027530 0.044974
0 0.700149 0.562169 0.023810 0.039683
0 0.825149 0.411376 0.025298 0.039683
0 0.793155 0.487434 0.026786 0.043651
0 0.038318 0.217593 0.026042 0.038360
