0 0.724702 0.516534 0.025298 0.041005
0 0.896577 0.335317 0.034226 0.043651
0 0.853423 0.708333 0.022321 0.027778
0 0.837426 0.674603 0.027530 0.034392
0 0.871280 0.592593 0.019345 0.047619
0 0.889881 0.656085 0.020833 0.047619
0 0.123512 0.601852 0.031250 0.037037
0 0.196801 0.489418 0.026042 0.034392
0 0.009673 0.621693 0.020833 0.047619
0 0.853051 0.173280 0.027530 0.037037
1 0.959449 0.113757 0.031994 0.042328
0 0.713542 0.148810 0.025298 0.043651
0 0.738839 0.226852 0.031250 0.030423
0 0.293899 0.231481 0.019345 0.055556
0 0.256696 0.208333 0.019345 0.048942
0 0.249256 0.155423 0.019345 0.054233
0 0.281622 0.150794 0.018601 0.044974
0 0.328869 0.177910 0.022321 0.051587
0 0.157366 0.648148 0.029018 0.039683
0 0.196057 0.623016 0.031994 0.031746
2 0.743304 0.296296 0.063988 0.031746
0 0.593750 0.169974 0.026786 0.041005
3 0.340030 0.242725 0.010417 0.030423
0 0.183780 0.574074 0.025298 0.039683
0 0.261905 0.521164 0.023810 0.037037
0 0.248140 0.589286 0.030506 0.035714
0 0.693080 0.669312 0.026042 0.044974
1 0.740327 0.592593 0.025298 0.042328
1 0.861607 0.434524 0.023810 0.041005
0 0.075149 0.673280 0.026786 0.037037
0 0.136905 0.627646 0.025298 0.041005
3 0.211310 0.566138 0.013393 0.021164
0 0.219866 0.582672 0.026042 0.038360
0 0.627976 0.670635 0.023810 0.042328
0 0.650298 0.686508 0.025298 0.042328
0 0.651042 0.629630 0.023810 0.042328
0 0.680804 0.636243 0.023810 0.039683
0 0.681176 0.586640 0.026042 0.038360
0 0.704241 0.603175 0.024554 0.039683
0 0.035342 0.219577 0.029018 0.037037
