0 0.032826 0.301120 0.034139 0.060691
0 0.036502 0.238095 0.039391 0.056022
0 0.531250 0.839869 0.038340 0.053221
0 0.459034 0.917367 0.028361 0.062558
3 0.465336 0.599440 0.012605 0.022409
3 0.400210 0.735761 0.010504 0.022409
3 0.527311 0.339402 0.015756 0.025210
0 0.310399 0.588702 0.039916 0.040149
0 0.328519 0.556022 0.038340 0.045752
0 0.338498 0.517740 0.038340 0.045752
0 0.255777 0.556956 0.039916 0.045752
0 0.284139 0.528945 0.037815 0.042017
0 0.289653 0.484594 0.039391 0.046685
0 0.215336 0.528945 0.037815 0.038282
0 0.233456 0.497199 0.040441 0.045752
0 0.243960 0.453315 0.034139 0.042017
0 0.168330 0.504202 0.041492 0.044818
0 0.185924 0.468721 0.039916 0.048553
0 0.192489 0.427171 0.038340 0.045752
0 0.716912 0.679739 0.040966 0.044818
0 0.748950 0.656863 0.040966 0.047619
0 0.720851 0.587768 0.036239 0.040149
0 0.742910 0.558357 0.040441 0.044818
0 0.750263 0.705882 0.034139 0.037348
0 0.838761 0.708217 0.040966 0.047619
0 0.881040 0.688609 0.043592 0.047619
0 0.801996 0.597572 0.040966 0.046685
0 0.790441 0.730159 0.038866 0.044818
0 0.836922 0.759104 0.040441 0.044818
0 0.881565 0.783380 0.042542 0.046685
0 0.925158 0.807656 0.040441 0.046685
0 0.029412 0.353408 0.042017 0.040149
0 0.111082 0.473389 0.041492 0.048553
0 0.069328 0.442110 0.039916 0.049486
0 0.116597 0.288049 0.038866 0.043884
0 0.170168 0.316527 0.044118 0.050420
0 0.070903 0.280579 0.039916 0.040149
2 0.477416 0.772176 0.059874 0.145658
0 0.634191 0.795985 0.038340 0.040149
0 0.787027 0.831933 0.035189 0.037348
1 0.557773 0.550420 0.029412 0.062558
1 0.437500 0.792250 0.080882 0.211951
0 0.372637 0.908497 0.030987 0.067227
0 0.665441 0.275910 0.026261 0.062558
0 0.595851 0.591970 0.022584 0.072829
0 0.598739 0.475257 0.024160 0.069094
2 0.586397 0.283847 0.066702 0.134454
0 0.717962 0.142857 0.032563 0.065359
0 0.754464 0.055089 0.030987 0.061625
0 0.637605 0.244164 0.028361 0.062558
0 0.636555 0.175070 0.029412 0.062558
0 0.972952 0.835201 0.048845 0.049486
0 0.039128 0.401027 0.025735 0.066293
0 0.014181 0.409430 0.029412 0.043884
