0 0.031775 0.301120 0.036239 0.060691
0 0.034139 0.239496 0.040966 0.055089
0 0.775210 0.853408 0.039916 0.048553
0 0.560924 0.616246 0.028361 0.061625
0 0.519433 0.841737 0.038866 0.060691
0 0.465336 0.820728 0.034664 0.072829
0 0.612658 0.305789 0.030987 0.066293
3 0.373424 0.908497 0.012605 0.029879
3 0.362920 0.903361 0.010504 0.025210
3 0.376576 0.298319 0.016807 0.023343
0 0.309349 0.588702 0.039916 0.040149
0 0.327731 0.555556 0.037815 0.046685
0 0.337185 0.516807 0.038866 0.045752
0 0.254727 0.557423 0.039916 0.046685
0 0.282826 0.528945 0.038340 0.042017
0 0.289128 0.482726 0.039391 0.046685
0 0.214286 0.526611 0.037815 0.039216
0 0.232405 0.497199 0.040441 0.045752
0 0.241334 0.451914 0.034139 0.041083
0 0.167805 0.503268 0.041492 0.044818
0 0.184349 0.468721 0.039916 0.048553
0 0.200368 0.429972 0.038340 0.045752
0 0.716912 0.676004 0.040966 0.044818
0 0.718225 0.635854 0.036239 0.046685
0 0.720851 0.584034 0.036239 0.040149
0 0.743435 0.553688 0.040441 0.044818
0 0.750525 0.701214 0.034664 0.037348
0 0.776523 0.667134 0.040441 0.047619
0 0.816176 0.643324 0.042017 0.046685
0 0.801471 0.591503 0.040966 0.047619
0 0.790441 0.726424 0.038866 0.044818
0 0.836922 0.756303 0.040441 0.044818
0 0.881303 0.779645 0.043067 0.046685
0 0.925158 0.803455 0.040441 0.047619
0 0.115546 0.381419 0.040966 0.042017
0 0.052258 0.357143 0.041492 0.038282
0 0.110032 0.474323 0.041492 0.048553
0 0.068015 0.442110 0.041492 0.049486
0 0.105042 0.280579 0.038866 0.043884
0 0.168067 0.315593 0.044118 0.050420
0 0.066702 0.281513 0.039916 0.043884
2 0.485819 0.612512 0.034664 0.147526
0 0.984244 0.978058 0.028361 0.040149
1 0.625000 0.356209 0.029412 0.062558
1 0.370536 0.977124 0.032038 0.040149
0 0.733718 0.046685 0.026261 0.059757
0 0.671744 0.746032 0.040966 0.052288
0 0.612395 0.668067 0.029412 0.070028
2 0.468487 0.374416 0.084034 0.063492
0 0.768382 0.009337 0.032563 0.020542
0 0.553571 0.464519 0.028361 0.070028
0 0.564076 0.367880 0.030462 0.061625
0 0.972426 0.830532 0.048845 0.049486
0 0.039916 0.400093 0.025210 0.066293
0 0.013918 0.409430 0.028887 0.043884
