0 0.825893 0.839869 0.066702 0.075630
0 0.943015 0.454248 0.065651 0.071895
0 0.975315 0.626050 0.047269 0.071895
0 0.917805 0.656863 0.062500 0.077498
0 0.832195 0.583567 0.039391 0.106443
0 0.793067 0.630252 0.045168 0.100840
0 0.742647 0.637722 0.034664 0.100840
0 0.710609 0.577031 0.058824 0.098973
0 0.660189 0.487395 0.047269 0.106443
0 0.625788 0.326331 0.044643 0.099907
0 0.599265 0.603641 0.038866 0.116713
0 0.544905 0.486928 0.062500 0.070028
0 0.546744 0.433707 0.059874 0.060691
0 0.645746 0.242297 0.043592 0.094304
0 0.601103 0.135387 0.038340 0.089636
1 0.504202 0.044351 0.053571 0.090570
0 0.501313 0.181139 0.049895 0.056022
0 0.565914 0.691877 0.059349 0.070962
0 0.569590 0.875817 0.064601 0.082166
0 0.463761 0.954248 0.066176 0.084034
3 0.597689 0.973856 0.025210 0.039216
