0 0.432773 0.571429 0.028361 0.069094
0 0.511292 0.840336 0.040441 0.070962
0 0.569590 0.844071 0.041492 0.052288
0 0.623424 0.602708 0.029412 0.073763
0 0.475053 0.599907 0.029937 0.070028
0 0.508929 0.576097 0.027311 0.069094
0 0.494223 0.353875 0.039916 0.048553
0 0.311712 0.602708 0.042542 0.051354
0 0.329569 0.555556 0.039391 0.042951
0 0.343225 0.516807 0.041492 0.045752
0 0.229517 0.552288 0.042017 0.051354
0 0.263130 0.521942 0.042017 0.046685
0 0.265494 0.468721 0.041492 0.046685
0 0.182773 0.519141 0.038866 0.042951
0 0.201943 0.485061 0.044643 0.049486
0 0.213235 0.436041 0.035714 0.044818
0 0.128414 0.493931 0.044643 0.046685
0 0.148109 0.452848 0.043067 0.042951
0 0.164916 0.411765 0.040966 0.046685
0 0.745011 0.681139 0.042542 0.047619
0 0.740284 0.626050 0.040441 0.043884
0 0.738971 0.568627 0.037815 0.041083
0 0.768908 0.540616 0.040966 0.044818
0 0.785452 0.706816 0.033088 0.039216
0 0.805672 0.661531 0.042017 0.045752
0 0.810399 0.613912 0.043067 0.049486
0 0.838235 0.578431 0.045168 0.051354
0 0.828782 0.729692 0.040966 0.047619
0 0.869485 0.643791 0.041492 0.042017
0 0.882878 0.763772 0.043067 0.050420
0 0.927258 0.678338 0.043592 0.047619
0 0.931985 0.789916 0.045693 0.050420
0 0.979517 0.816993 0.038866 0.054155
0 0.896271 0.925303 0.045693 0.050420
1 0.641807 0.680672 0.063025 0.084034
0 0.384716 0.439309 0.035189 0.064426
1 0.285977 0.309991 0.042542 0.056022
0 0.153887 0.243697 0.042017 0.048553
0 0.112920 0.384687 0.045168 0.050420
0 0.098214 0.424837 0.040966 0.052288
0 0.070378 0.465920 0.043067 0.048553
0 0.058298 0.361345 0.038866 0.044818
0 0.021796 0.428571 0.040441 0.054155
0 0.016282 0.223156 0.033613 0.033613
0 0.070903 0.250233 0.045168 0.050420
0 0.013655 0.255836 0.028361 0.054155
0 0.962185 0.648926 0.046218 0.054155
0 0.477679 0.682073 0.033088 0.075630
0 0.593750 0.253035 0.034139 0.076564
0 0.648897 0.203548 0.026786 0.067227
0 0.676996 0.137255 0.030462 0.067227
0 0.664391 0.065359 0.032563 0.070962
0 0.705357 0.047619 0.031513 0.067227
1 0.740021 0.075630 0.051471 0.104575
3 0.554622 0.245098 0.010504 0.023343
3 0.554097 0.233894 0.014706 0.021475
