0 0.029674 0.304855 0.037290 0.062558
0 0.032038 0.243697 0.040966 0.059757
0 0.649160 0.344538 0.028361 0.061625
0 0.612395 0.786181 0.043067 0.042951
0 0.540441 0.611578 0.034664 0.072829
0 0.537290 0.810924 0.038866 0.053221
0 0.462447 0.818394 0.027836 0.060691
0 0.553834 0.464519 0.030987 0.066293
2 0.602679 0.244164 0.074055 0.174603
1 0.487658 0.830065 0.034139 0.074697
0 0.915179 0.611578 0.035189 0.044818
0 0.655200 0.111111 0.028887 0.061625
3 0.203256 0.210084 0.016807 0.018674
0 0.308561 0.588702 0.040441 0.040149
0 0.326943 0.554622 0.038340 0.046685
0 0.336134 0.516340 0.038866 0.044818
0 0.253939 0.557423 0.039391 0.046685
0 0.282038 0.528945 0.037815 0.042017
0 0.288603 0.481793 0.039391 0.046685
0 0.213761 0.525677 0.036765 0.039216
0 0.231880 0.497199 0.040441 0.045752
0 0.240021 0.450980 0.034664 0.039216
0 0.166754 0.504202 0.041492 0.044818
0 0.183298 0.468721 0.039916 0.048553
0 0.199842 0.429972 0.038340 0.045752
0 0.716912 0.674136 0.040966 0.044818
0 0.718225 0.633987 0.036239 0.046685
0 0.721901 0.583100 0.036239 0.040149
0 0.743435 0.554622 0.040441 0.044818
0 0.751050 0.700280 0.034664 0.037348
0 0.769695 0.661531 0.040441 0.047619
0 0.788866 0.625117 0.042017 0.047619
0 0.798845 0.588702 0.040966 0.047619
0 0.789391 0.724556 0.038866 0.044818
0 0.837447 0.753501 0.040441 0.044818
0 0.881303 0.778711 0.043067 0.046685
0 0.925158 0.800654 0.040441 0.047619
1 0.667542 0.154062 0.046218 0.102708
0 0.150998 0.405229 0.040441 0.044818
0 0.104779 0.414566 0.040441 0.056022
0 0.108981 0.475257 0.041492 0.048553
0 0.065914 0.442110 0.041492 0.049486
0 0.102941 0.280579 0.038866 0.043884
0 0.165966 0.314659 0.044118 0.050420
0 0.065126 0.281979 0.039916 0.044818
2 0.430672 0.463585 0.072479 0.127918
1 0.692752 0.162932 0.029412 0.062558
0 0.846113 0.853875 0.042017 0.049486
0 0.725053 0.781046 0.036239 0.049486
2 0.317227 0.321662 0.087185 0.088702
0 0.510767 0.577031 0.027836 0.067227
0 0.497637 0.545285 0.030987 0.057890
0 0.972426 0.828665 0.048845 0.049486
0 0.039391 0.401494 0.025210 0.067227
0 0.013393 0.409430 0.027836 0.043884
