0 0.399422 0.051354 0.049895 0.089636
0 0.557773 0.095705 0.031513 0.083100
0 0.316702 0.122316 0.031513 0.087768
0 0.409139 0.132586 0.028361 0.089636
0 0.409664 0.232960 0.028361 0.090570
0 0.579832 0.172269 0.047269 0.088702
0 0.617910 0.179739 0.056197 0.071895
0 0.622899 0.242764 0.054622 0.084034
0 0.566176 0.257703 0.028361 0.093371
0 0.582721 0.329132 0.049895 0.088702
0 0.583508 0.455649 0.031513 0.102708
0 0.373162 0.308123 0.053046 0.085901
0 0.356355 0.398226 0.057248 0.055089
0 0.346113 0.481326 0.059874 0.088702
0 0.304622 0.513539 0.044118 0.110177
0 0.230567 0.561158 0.069328 0.056022
0 0.119748 0.562558 0.069328 0.056956
0 0.644695 0.596639 0.065651 0.070962
0 0.427521 0.670401 0.049370 0.104575
0 0.276523 0.710084 0.075105 0.071895
0 0.189863 0.748366 0.063550 0.112979
0 0.151523 0.756303 0.057248 0.117647
0 0.080095 0.490663 0.070903 0.070028
0 0.599002 0.769374 0.035189 0.121382
0 0.315389 0.797852 0.045693 0.111111
0 0.417017 0.844071 0.035714 0.117647
0 0.708508 0.945378 0.044118 0.105509
3 0.484769 0.304388 0.015756 0.044818
3 0.537553 0.323529 0.016282 0.045752
3 0.475578 0.800187 0.016282 0.054155
3 0.551996 0.773576 0.015756 0.055089
3 0.556197 0.359477 0.017857 0.056022
