0 0.853051 0.721561 0.023065 0.027778
0 0.836682 0.687169 0.024554 0.027778
0 0.872768 0.603836 0.019345 0.046296
0 0.883185 0.677910 0.013393 0.043651
0 0.126488 0.598545 0.028274 0.035714
0 0.200893 0.487434 0.026786 0.035714
0 0.012649 0.612434 0.023810 0.050265
0 0.856027 0.185185 0.027530 0.031746
1 0.962054 0.126984 0.031250 0.037037
1 0.715774 0.158069 0.020833 0.041005
0 0.740699 0.236772 0.026042 0.023810
0 0.300595 0.229497 0.019345 0.056878
0 0.260417 0.207011 0.019345 0.046296
0 0.251860 0.156746 0.018601 0.054233
0 0.284970 0.151455 0.017857 0.046296
2 0.749628 0.305556 0.064732 0.031746
0 0.597098 0.179894 0.024554 0.039683
0 0.338170 0.029101 0.018601 0.039683
0 0.353423 0.111772 0.019345 0.046296
0 0.375372 0.221561 0.017113 0.038360
0 0.113467 0.636905 0.026042 0.033069
0 0.424479 0.658069 0.026042 0.051587
0 0.464286 0.767196 0.022321 0.050265
0 0.317336 0.187831 0.021577 0.050265
3 0.322917 0.281746 0.014881 0.039683
3 0.264509 0.560847 0.014137 0.021164
3 0.808780 0.223545 0.011905 0.021164
3 0.616071 0.663360 0.014881 0.019841
3 0.453869 0.860450 0.010417 0.022487
0 0.738467 0.353175 0.029018 0.026455
0 0.575149 0.395503 0.025298 0.026455
0 0.207589 0.644841 0.031250 0.038360
1 0.237723 0.623016 0.029018 0.029101
1 0.269345 0.607804 0.031250 0.035714
0 0.819940 0.347884 0.031250 0.031746
0 0.604539 0.383598 0.024554 0.023810
0 0.644717 0.382275 0.029018 0.026455
0 0.646949 0.646825 0.027530 0.039683
0 0.654390 0.686508 0.027530 0.042328
0 0.674479 0.608466 0.027530 0.039683
0 0.690476 0.629630 0.026786 0.042328
0 0.851190 0.399471 0.028274 0.037037
0 0.436756 0.597884 0.022321 0.052910
0 0.042411 0.213624 0.025298 0.033069
