0 0.734747 0.507937 0.024554 0.042328
0 0.852307 0.710979 0.023065 0.027778
0 0.837426 0.679894 0.024554 0.031746
0 0.871652 0.591931 0.021577 0.043651
0 0.888765 0.653439 0.021577 0.044974
0 0.125000 0.598545 0.026786 0.038360
0 0.198661 0.491402 0.026786 0.035714
0 0.011905 0.618386 0.023810 0.048942
0 0.853423 0.177249 0.026786 0.031746
1 0.960565 0.117725 0.031250 0.037037
1 0.712054 0.150132 0.020833 0.041005
0 0.738839 0.231481 0.025298 0.023810
0 0.297991 0.229497 0.020089 0.056878
0 0.258929 0.208995 0.020833 0.050265
0 0.248884 0.155423 0.020089 0.054233
0 0.283110 0.151455 0.018601 0.043651
0 0.329985 0.177910 0.023065 0.048942
0 0.107887 0.682540 0.034226 0.039683
0 0.164062 0.642196 0.030506 0.038360
2 0.743304 0.295635 0.063988 0.030423
0 0.596354 0.171958 0.026042 0.042328
3 0.650298 0.284392 0.010417 0.015873
3 0.322173 0.281746 0.014881 0.039683
3 0.807292 0.217593 0.011905 0.019841
3 0.532366 0.930556 0.011161 0.030423
3 0.215402 0.674603 0.011161 0.015873
3 0.322545 0.141534 0.012649 0.034392
3 0.350446 0.237434 0.008929 0.019841
3 0.704985 0.312169 0.015625 0.018519
3 0.947173 0.248016 0.017857 0.019841
0 0.250744 0.550265 0.026786 0.037037
0 0.333705 0.501984 0.024554 0.030423
0 0.337054 0.371032 0.013393 0.046296
0 0.335193 0.290344 0.020089 0.043651
0 0.073661 0.735450 0.026786 0.034392
0 0.224330 0.605820 0.031994 0.037037
0 0.339658 0.578704 0.031994 0.030423
1 0.404762 0.620370 0.029762 0.039683
1 0.466890 0.711640 0.026042 0.037037
0 0.401042 0.448413 0.032738 0.037037
0 0.444196 0.448413 0.023810 0.023810
0 0.504464 0.420635 0.028274 0.029101
3 0.467634 0.400132 0.012649 0.019841
0 0.645833 0.373016 0.026786 0.026455
0 0.646205 0.642857 0.027530 0.039683
0 0.654390 0.679894 0.027530 0.044974
0 0.671875 0.605820 0.025298 0.039683
0 0.683408 0.634259 0.027530 0.043651
0 0.699033 0.562169 0.024554 0.039683
0 0.802827 0.443122 0.025298 0.039683
0 0.811012 0.466270 0.028274 0.046296
0 0.038318 0.217593 0.026042 0.038360
