0 0.813288 0.882820 0.067752 0.070028
0 0.964286 0.495331 0.066176 0.068161
0 0.932248 0.701681 0.061975 0.066293
0 0.847689 0.621849 0.042017 0.106443
0 0.807773 0.662465 0.044118 0.103641
0 0.756040 0.666200 0.036239 0.105509
0 0.724527 0.596172 0.061450 0.096172
0 0.676208 0.503268 0.045693 0.108310
0 0.646796 0.338002 0.043592 0.098973
0 0.610819 0.611578 0.037815 0.115780
0 0.561712 0.493464 0.062500 0.073763
0 0.564863 0.441176 0.059349 0.064426
0 0.669380 0.253035 0.043592 0.095238
0 0.626313 0.145191 0.037290 0.088702
1 0.531513 0.044818 0.050420 0.091503
0 0.525998 0.183940 0.049895 0.056022
0 0.576155 0.698413 0.060924 0.069094
0 0.575105 0.885154 0.064076 0.080299
0 0.465861 0.951914 0.066176 0.079365
3 0.589811 0.989729 0.025210 0.018674
