0 0.009979 0.258637 0.021008 0.067227
2 0.349265 0.993464 0.035714 0.011204
0 0.766019 0.035014 0.025735 0.053221
0 0.390494 0.866480 0.030987 0.076564
0 0.699580 0.150327 0.031513 0.063492
0 0.453256 0.814659 0.026261 0.066293
0 0.474265 0.927171 0.035714 0.069094
0 0.601103 0.393091 0.027836 0.067227
0 0.516544 0.459851 0.030987 0.071895
0 0.556723 0.408030 0.028361 0.059757
0 0.593487 0.255836 0.031513 0.065359
0 0.301733 0.588235 0.045693 0.048553
0 0.320378 0.549486 0.037815 0.047619
0 0.329569 0.511671 0.039391 0.044818
0 0.245011 0.558824 0.039391 0.047619
0 0.274685 0.523343 0.037815 0.042017
0 0.278099 0.475257 0.042542 0.048553
0 0.201418 0.522876 0.037290 0.039216
0 0.219800 0.490663 0.040441 0.045752
0 0.230567 0.446312 0.034664 0.039216
0 0.149947 0.497666 0.043592 0.048553
0 0.169380 0.460784 0.043592 0.049486
0 0.187237 0.425303 0.038340 0.045752
0 0.726891 0.675537 0.040966 0.045752
0 0.727679 0.627918 0.038340 0.047619
0 0.732405 0.577498 0.036239 0.040149
0 0.753676 0.550887 0.040966 0.044818
0 0.763655 0.700280 0.034664 0.037348
0 0.782300 0.663399 0.040441 0.047619
0 0.785714 0.612979 0.042017 0.047619
0 0.814601 0.580299 0.045168 0.049486
0 0.803834 0.722689 0.039391 0.044818
0 0.841387 0.643324 0.040966 0.044818
0 0.851891 0.753501 0.042017 0.048553
0 0.894433 0.672269 0.043067 0.048553
0 0.898634 0.778245 0.044118 0.051354
0 0.946429 0.803455 0.043067 0.047619
0 0.650735 0.813725 0.040966 0.049486
1 0.566702 0.568627 0.038866 0.113912
0 0.459821 0.660598 0.022584 0.068161
1 0.448004 0.492530 0.037815 0.066293
0 0.369223 0.377218 0.037815 0.041083
0 0.135767 0.394958 0.040441 0.044818
0 0.121061 0.432773 0.040441 0.045752
0 0.095326 0.471989 0.041492 0.049486
0 0.084559 0.367880 0.040966 0.039216
0 0.049107 0.437442 0.041492 0.049486
0 0.044118 0.245098 0.040966 0.040149
0 0.103466 0.275444 0.047269 0.050420
0 0.036765 0.277778 0.040966 0.049486
0 0.533088 0.502801 0.031513 0.068161
0 0.653361 0.105976 0.032563 0.068161
0 0.653624 0.181139 0.028887 0.061625
0 0.685924 0.107376 0.028361 0.061625
1 0.646534 0.353875 0.056723 0.123249
0 0.985294 0.831466 0.026261 0.049486
0 0.016807 0.391223 0.025210 0.067227
