0 0.726935 0.517196 0.026786 0.039683
0 0.853423 0.708333 0.022321 0.027778
0 0.837426 0.674603 0.027530 0.034392
0 0.871652 0.592593 0.020089 0.047619
0 0.888765 0.642857 0.021577 0.044974
0 0.124256 0.599206 0.028274 0.037037
0 0.198289 0.491402 0.026042 0.035714
0 0.011161 0.619048 0.022321 0.047619
0 0.852679 0.171958 0.025298 0.034392
1 0.959449 0.114418 0.031994 0.041005
0 0.712426 0.149471 0.023065 0.042328
0 0.739211 0.230159 0.030506 0.029101
0 0.296875 0.228836 0.019345 0.055556
0 0.257812 0.208333 0.020089 0.048942
0 0.249256 0.155423 0.019345 0.054233
0 0.282366 0.150794 0.018601 0.044974
0 0.330729 0.177910 0.021577 0.051587
0 0.157366 0.648148 0.029018 0.039683
0 0.193452 0.625000 0.029762 0.033069
2 0.743304 0.296296 0.063988 0.031746
0 0.593750 0.169974 0.026786 0.041005
3 0.340774 0.242725 0.010417 0.030423
0 0.129464 0.632937 0.023810 0.033069
0 0.302083 0.484788 0.023810 0.043651
0 0.330729 0.414021 0.021577 0.044974
0 0.290179 0.639550 0.026786 0.025132
0 0.247768 0.591270 0.028274 0.034392
0 0.478051 0.693122 0.027530 0.042328
1 0.555804 0.735450 0.031250 0.037037
1 0.618676 0.764550 0.023065 0.029101
0 0.215402 0.572751 0.029018 0.037037
0 0.305804 0.531085 0.023810 0.027778
0 0.361607 0.499339 0.026786 0.035714
3 0.338542 0.478836 0.011905 0.021164
0 0.421131 0.464947 0.026786 0.033069
0 0.641369 0.650132 0.026786 0.041005
0 0.654762 0.680556 0.026786 0.041005
0 0.668899 0.606481 0.023810 0.041005
0 0.681176 0.634921 0.024554 0.042328
0 0.698289 0.561508 0.026042 0.038360
0 0.714658 0.585979 0.024554 0.037037
0 0.983631 0.285053 0.031250 0.038360
0 0.038318 0.218254 0.029018 0.039683
