0 0.386817 0.451914 0.032038 0.065359
0 0.574580 0.778711 0.043067 0.057890
0 0.634979 0.843137 0.044118 0.041083
0 0.650210 0.662932 0.035714 0.074697
0 0.438550 0.709150 0.032563 0.075630
0 0.475315 0.688142 0.029412 0.070962
0 0.411765 0.336134 0.043067 0.048553
0 0.347164 0.622782 0.044118 0.050420
0 0.382353 0.587768 0.038866 0.047619
0 0.396796 0.549486 0.041492 0.047619
0 0.237132 0.560691 0.046744 0.051354
0 0.278361 0.529879 0.044118 0.051354
0 0.257616 0.461718 0.043592 0.049486
0 0.168330 0.512605 0.038340 0.044818
0 0.199055 0.482260 0.044118 0.047619
0 0.202206 0.430439 0.037815 0.044818
0 0.112658 0.487395 0.047794 0.048553
0 0.137605 0.450047 0.043067 0.041083
0 0.155462 0.402428 0.042017 0.046685
0 0.752889 0.681139 0.042542 0.047619
0 0.719538 0.610644 0.040966 0.044818
0 0.705357 0.541083 0.037815 0.042017
0 0.755777 0.522876 0.040966 0.044818
0 0.795431 0.707750 0.033088 0.039216
0 0.811975 0.662465 0.043067 0.047619
0 0.808036 0.604575 0.042542 0.049486
0 0.832983 0.564893 0.045168 0.050420
0 0.840861 0.734360 0.040966 0.047619
0 0.875525 0.640990 0.043067 0.042017
0 0.896796 0.768908 0.045693 0.051354
0 0.941176 0.676937 0.045168 0.048553
0 0.946166 0.794585 0.045693 0.050420
0 0.988971 0.816993 0.019958 0.054155
1 0.712185 0.728758 0.067227 0.073763
0 0.302784 0.337535 0.042542 0.062558
1 0.175683 0.231092 0.042542 0.056956
0 0.026786 0.168067 0.035714 0.048553
0 0.098739 0.378151 0.045168 0.050420
0 0.083508 0.413632 0.040966 0.052288
0 0.054097 0.458450 0.043067 0.048553
0 0.043592 0.349206 0.040966 0.044818
0 0.011555 0.420168 0.024160 0.054155
0 0.054097 0.239029 0.045168 0.050420
0 0.940126 0.629318 0.046218 0.054155
0 0.436450 0.801120 0.034664 0.082166
0 0.547794 0.321195 0.045168 0.065359
0 0.653887 0.196078 0.026261 0.069094
0 0.683298 0.126050 0.030462 0.067227
0 0.647584 0.111111 0.032563 0.070962
0 0.707458 0.043884 0.031513 0.067227
3 0.573267 0.197946 0.009979 0.022409
3 0.543592 0.260971 0.012605 0.025210
