0 0.871324 0.134921 0.061975 0.056956
0 0.829044 0.232026 0.067752 0.058824
0 0.941176 0.460317 0.046218 0.091503
0 0.882878 0.083567 0.063025 0.066293
0 0.939601 0.053221 0.047269 0.080299
0 0.881828 0.302988 0.049370 0.092437
0 0.733456 0.188609 0.048845 0.084034
0 0.802258 0.303455 0.049895 0.085901
0 0.757878 0.380952 0.046218 0.089636
0 0.928046 0.556022 0.067227 0.071895
0 0.952468 0.606443 0.064601 0.066293
0 0.935399 0.670868 0.072479 0.066293
0 0.877889 0.602708 0.047794 0.094304
0 0.859244 0.675070 0.065126 0.059757
0 0.801471 0.768908 0.049370 0.099907
0 0.672794 0.368814 0.031513 0.095238
0 0.649422 0.431839 0.054097 0.084967
0 0.613445 0.481326 0.044118 0.099907
0 0.569853 0.448646 0.040966 0.105509
0 0.504989 0.405696 0.055147 0.086835
0 0.439076 0.283380 0.056723 0.086835
0 0.789391 0.957049 0.072479 0.084034
0 0.559349 0.925303 0.054622 0.123249
0 0.479517 0.552754 0.053571 0.110177
0 0.404412 0.487862 0.063025 0.068161
0 0.392069 0.442110 0.059349 0.073763
0 0.436712 0.196545 0.051996 0.094304
0 0.371586 0.122316 0.044643 0.082166
1 0.256828 0.090570 0.070378 0.106443
0 0.288078 0.237628 0.050945 0.070028
0 0.680672 0.980859 0.056723 0.036415
0 0.469538 0.658730 0.056723 0.073763
0 0.515756 0.823529 0.056723 0.100840
0 0.440126 0.958450 0.060924 0.077498
3 0.659139 0.677871 0.025210 0.048553
3 0.992647 0.240896 0.012605 0.044818
3 0.845326 0.562558 0.019433 0.043884
3 0.762080 0.794585 0.017857 0.056022
