0 0.726935 0.517196 0.026786 0.039683
0 0.852679 0.708333 0.022321 0.027778
0 0.837798 0.677249 0.026786 0.031746
0 0.871652 0.592593 0.020089 0.047619
0 0.888021 0.646164 0.020089 0.046296
0 0.124256 0.599206 0.028274 0.037037
0 0.198661 0.492063 0.026786 0.037037
0 0.011905 0.618386 0.022321 0.048942
0 0.851935 0.175265 0.025298 0.035714
1 0.959449 0.114418 0.031994 0.041005
0 0.712426 0.149471 0.023065 0.042328
0 0.739211 0.230820 0.029018 0.027778
0 0.296875 0.228836 0.019345 0.055556
0 0.257812 0.208333 0.020089 0.048942
0 0.249256 0.155423 0.019345 0.054233
0 0.282366 0.150794 0.018601 0.044974
0 0.330729 0.181217 0.021577 0.052910
0 0.156250 0.648810 0.029762 0.041005
0 0.193452 0.625000 0.029762 0.033069
2 0.742560 0.297619 0.065476 0.034392
0 0.594494 0.169974 0.026786 0.041005
3 0.341518 0.242725 0.010417 0.030423
0 0.048363 0.685185 0.028274 0.039683
0 0.166667 0.608466 0.023810 0.031746
0 0.310640 0.467593 0.020089 0.048942
0 0.335565 0.392196 0.016369 0.046296
0 0.255952 0.639550 0.029762 0.030423
0 0.248512 0.592593 0.029762 0.034392
0 0.452009 0.665344 0.027530 0.042328
1 0.529390 0.722884 0.030506 0.041005
1 0.590030 0.768519 0.023810 0.026455
0 0.249256 0.553571 0.028274 0.038360
0 0.332961 0.515212 0.024554 0.027778
0 0.386905 0.485450 0.028274 0.034392
3 0.358631 0.468254 0.011905 0.018519
0 0.449405 0.448413 0.028274 0.031746
0 0.642485 0.648148 0.026042 0.039683
0 0.654762 0.680556 0.026786 0.041005
0 0.669643 0.606481 0.023810 0.041005
0 0.681548 0.634921 0.025298 0.042328
0 0.697917 0.561508 0.025298 0.038360
0 0.723958 0.575397 0.025298 0.037037
0 0.940476 0.318783 0.031250 0.037037
0 0.038318 0.218254 0.029018 0.039683
