0 0.723214 0.519841 0.025298 0.042328
0 0.870536 0.365741 0.035714 0.043651
0 0.853423 0.708333 0.022321 0.027778
0 0.837426 0.674603 0.027530 0.034392
0 0.871280 0.592593 0.019345 0.047619
0 0.890253 0.656746 0.021577 0.048942
0 0.123512 0.602513 0.031250 0.038360
0 0.196801 0.489418 0.026042 0.034392
0 0.009301 0.621693 0.020089 0.047619
0 0.853051 0.173280 0.027530 0.037037
1 0.959449 0.113757 0.031994 0.042328
0 0.713542 0.148810 0.025298 0.043651
0 0.738839 0.226852 0.031250 0.030423
0 0.293899 0.231481 0.019345 0.055556
0 0.256696 0.208333 0.019345 0.048942
0 0.249256 0.155423 0.019345 0.054233
0 0.281622 0.150794 0.018601 0.044974
0 0.328125 0.178571 0.022321 0.052910
0 0.158110 0.648148 0.029018 0.039683
0 0.197173 0.623016 0.031250 0.034392
2 0.743304 0.296296 0.063988 0.031746
0 0.593750 0.169974 0.026786 0.041005
3 0.339286 0.241402 0.010417 0.030423
0 0.172619 0.585979 0.025298 0.039683
0 0.252976 0.529762 0.023810 0.035714
0 0.248140 0.589286 0.030506 0.035714
0 0.704985 0.647487 0.026042 0.043651
1 0.754464 0.563492 0.025298 0.042328
1 0.882440 0.413360 0.023810 0.041005
0 0.055432 0.683201 0.026042 0.035714
0 0.121280 0.640212 0.025298 0.039683
3 0.203125 0.568783 0.013393 0.021164
0 0.203125 0.591931 0.025298 0.038360
0 0.625744 0.675265 0.023810 0.041005
0 0.646577 0.697090 0.025298 0.042328
0 0.650298 0.632275 0.023810 0.042328
0 0.678199 0.639550 0.024554 0.041005
0 0.678199 0.593254 0.026042 0.038360
0 0.704241 0.603175 0.024554 0.039683
0 0.034598 0.219577 0.029018 0.037037
