0 0.977679 0.285247 0.042542 0.068161
0 0.932511 0.372549 0.068803 0.057890
0 0.871324 0.594771 0.058824 0.091503
0 0.839023 0.298319 0.057248 0.083100
0 0.894433 0.435107 0.056723 0.084034
0 0.840074 0.498133 0.054097 0.084967
0 0.992647 0.790383 0.012605 0.066293
0 0.977941 0.858543 0.042017 0.066293
0 0.938288 0.769841 0.057248 0.088702
0 0.910452 0.837068 0.066702 0.071895
0 0.837185 0.906629 0.061975 0.098973
0 0.754727 0.460317 0.031513 0.097106
0 0.725053 0.513539 0.053046 0.093371
0 0.679359 0.544818 0.037290 0.099907
0 0.641544 0.499533 0.049895 0.104575
0 0.582983 0.430439 0.051471 0.095238
0 0.529149 0.287115 0.050945 0.092437
0 0.538078 0.563492 0.044643 0.116713
0 0.472426 0.475724 0.062500 0.056956
0 0.465336 0.417834 0.059874 0.056956
0 0.542017 0.207283 0.047269 0.093371
0 0.483456 0.110644 0.044643 0.088702
1 0.375000 0.049020 0.063025 0.099907
0 0.387868 0.191410 0.049895 0.057890
0 0.515494 0.663866 0.057248 0.072829
0 0.543855 0.843604 0.061450 0.094304
0 0.449580 0.957049 0.065126 0.084034
3 0.640231 0.844071 0.025210 0.046685
3 0.753676 0.968254 0.017857 0.048553
