0 0.726935 0.517196 0.026786 0.039683
0 0.852679 0.708333 0.022321 0.027778
0 0.837798 0.677249 0.026786 0.031746
0 0.871652 0.592593 0.020089 0.047619
0 0.888021 0.646164 0.020089 0.046296
0 0.124256 0.599206 0.028274 0.037037
0 0.198661 0.492063 0.026786 0.037037
0 0.011905 0.618386 0.022321 0.048942
0 0.851935 0.175265 0.025298 0.035714
1 0.959449 0.115079 0.031994 0.039683
0 0.712054 0.149471 0.022321 0.042328
0 0.739211 0.230820 0.029018 0.027778
0 0.296875 0.228836 0.019345 0.055556
0 0.258185 0.208333 0.020833 0.048942
0 0.249256 0.155423 0.019345 0.054233
0 0.282366 0.150794 0.018601 0.044974
0 0.330729 0.182540 0.021577 0.052910
0 0.155506 0.648810 0.029762 0.041005
0 0.193452 0.625000 0.029762 0.033069
2 0.742560 0.296958 0.065476 0.033069
0 0.594494 0.169974 0.026786 0.041005
3 0.341518 0.242725 0.010417 0.030423
0 0.057292 0.679894 0.028274 0.039683
0 0.174851 0.605820 0.023810 0.031746
0 0.312500 0.466270 0.020833 0.048942
0 0.336310 0.388228 0.016369 0.046296
0 0.248140 0.641534 0.027530 0.031746
0 0.247768 0.592593 0.029762 0.034392
0 0.447173 0.659392 0.028274 0.041005
1 0.524926 0.718915 0.030506 0.041005
1 0.584077 0.771164 0.023810 0.026455
0 0.255580 0.546958 0.029018 0.041005
0 0.338170 0.509921 0.024554 0.027778
0 0.392113 0.480159 0.029762 0.034392
3 0.363095 0.465608 0.011905 0.018519
0 0.453869 0.447090 0.028274 0.031746
0 0.642485 0.648148 0.026042 0.039683
0 0.654762 0.680556 0.026786 0.041005
0 0.669643 0.605159 0.023810 0.041005
0 0.681548 0.634921 0.025298 0.042328
0 0.697917 0.561508 0.025298 0.038360
0 0.725446 0.572751 0.025298 0.037037
0 0.932292 0.325397 0.031250 0.037037
0 0.038318 0.218254 0.029018 0.039683
