0 0.764137 0.470899 0.025298 0.042328
0 0.853051 0.710979 0.023065 0.025132
0 0.837426 0.679894 0.024554 0.031746
0 0.872024 0.593915 0.019345 0.044974
0 0.886161 0.658730 0.019345 0.044974
0 0.123140 0.598545 0.027530 0.035714
0 0.198661 0.491402 0.026786 0.035714
0 0.011905 0.619048 0.023810 0.050265
0 0.853423 0.177249 0.026786 0.031746
1 0.960565 0.117725 0.031250 0.037037
1 0.712054 0.151455 0.020833 0.041005
0 0.738839 0.231481 0.025298 0.023810
0 0.297991 0.229497 0.020089 0.056878
0 0.258929 0.208995 0.020833 0.050265
0 0.248512 0.155423 0.019345 0.054233
0 0.283110 0.151455 0.018601 0.043651
0 0.329613 0.179894 0.023810 0.052910
0 0.058036 0.715608 0.031250 0.039683
0 0.122024 0.666667 0.028274 0.037037
2 0.742932 0.294312 0.064732 0.033069
0 0.596354 0.171958 0.026042 0.042328
3 0.676339 0.301587 0.010417 0.018519
3 0.320685 0.281746 0.014881 0.039683
3 0.803943 0.209656 0.011161 0.019841
3 0.539807 0.824735 0.011161 0.033069
3 0.248140 0.656085 0.011161 0.015873
3 0.327381 0.166667 0.011905 0.034392
3 0.344494 0.191138 0.008929 0.022487
3 0.739955 0.318122 0.017113 0.019841
3 0.972470 0.230159 0.017857 0.018519
0 0.348214 0.480159 0.026786 0.039683
0 0.413318 0.460979 0.024554 0.030423
0 0.336310 0.310185 0.019345 0.051587
0 0.321057 0.227513 0.021577 0.042328
0 0.200521 0.619048 0.031994 0.037037
0 0.291295 0.595899 0.027530 0.033069
1 0.352307 0.586640 0.030506 0.027778
1 0.413318 0.647487 0.026042 0.038360
0 0.470610 0.396164 0.031994 0.038360
0 0.495536 0.420635 0.023810 0.023810
0 0.560640 0.396164 0.029018 0.027778
3 0.533110 0.362434 0.012649 0.018519
0 0.755580 0.355820 0.027530 0.021164
0 0.646205 0.641534 0.027530 0.039683
0 0.654018 0.679233 0.026786 0.043651
0 0.671131 0.601190 0.025298 0.041005
0 0.681920 0.633598 0.027530 0.044974
0 0.697917 0.559524 0.025298 0.039683
0 0.870908 0.371693 0.026042 0.034392
0 0.760789 0.533069 0.024554 0.047619
0 0.038318 0.217593 0.026042 0.038360
