0 0.019170 0.332400 0.027836 0.072829
0 0.015231 0.266573 0.029412 0.066293
2 0.371061 0.919701 0.067752 0.156863
0 0.716124 0.184407 0.023634 0.056956
0 0.713498 0.095705 0.030987 0.062558
0 0.436712 0.726424 0.028887 0.069094
0 0.647059 0.306256 0.031513 0.063492
0 0.628414 0.276377 0.027836 0.061625
0 0.547794 0.373483 0.031513 0.063492
0 0.583246 0.336134 0.027836 0.059757
0 0.625000 0.183940 0.029412 0.061625
0 0.306197 0.588702 0.040966 0.040149
0 0.323529 0.552288 0.037815 0.047619
0 0.332195 0.514472 0.039391 0.044818
0 0.251838 0.557890 0.039391 0.047619
0 0.278887 0.528945 0.037815 0.042017
0 0.284926 0.481793 0.039391 0.046685
0 0.207983 0.525677 0.036765 0.039216
0 0.228729 0.497199 0.040441 0.045752
0 0.238445 0.450047 0.034664 0.039216
0 0.160977 0.504202 0.041492 0.044818
0 0.178834 0.467320 0.040441 0.049486
0 0.195116 0.429038 0.038340 0.045752
0 0.720063 0.673203 0.040966 0.044818
0 0.721376 0.627451 0.036239 0.046685
0 0.727153 0.579365 0.036239 0.040149
0 0.748950 0.551821 0.040966 0.044818
0 0.754202 0.700280 0.034664 0.037348
0 0.777048 0.662465 0.040441 0.047619
0 0.782038 0.612979 0.042017 0.047619
0 0.804884 0.582633 0.044643 0.050420
0 0.793855 0.720822 0.039391 0.044818
0 0.830882 0.645191 0.040966 0.044818
0 0.842700 0.751634 0.040441 0.044818
0 0.894695 0.676471 0.043592 0.045752
0 0.888130 0.776844 0.043067 0.046685
0 0.931460 0.797852 0.040441 0.047619
0 0.558298 0.824930 0.039916 0.053221
1 0.561450 0.510271 0.035714 0.105509
0 0.459821 0.767507 0.027836 0.069094
1 0.481092 0.599440 0.027311 0.070962
0 0.457458 0.410831 0.037815 0.039216
0 0.146796 0.400560 0.040441 0.044818
0 0.130252 0.438375 0.040966 0.043884
0 0.104779 0.476190 0.041492 0.048553
0 0.094538 0.378151 0.040966 0.039216
0 0.060662 0.442110 0.041492 0.049486
0 0.066176 0.255836 0.040966 0.044818
0 0.131565 0.298319 0.046744 0.049486
0 0.047532 0.286181 0.038340 0.049486
0 0.557773 0.421102 0.031513 0.067227
0 0.663603 0.145658 0.027836 0.061625
0 0.699055 0.061625 0.028361 0.061625
1 0.599527 0.500467 0.056197 0.112045
0 0.976628 0.824930 0.042542 0.049486
0 0.032038 0.399627 0.025210 0.067227
0 0.007353 0.409430 0.015756 0.043884
