0 0.024947 0.337068 0.027836 0.072829
0 0.022321 0.267507 0.035189 0.066293
0 0.914128 0.928571 0.041492 0.051354
0 0.730567 0.077031 0.029412 0.066293
0 0.822479 0.805322 0.040966 0.043884
0 0.628151 0.346405 0.028361 0.056022
0 0.444328 0.776844 0.031513 0.072829
2 0.477416 0.600840 0.075630 0.178338
1 0.695903 0.217554 0.030462 0.067227
0 0.687763 0.437908 0.027836 0.057890
0 0.580620 0.489729 0.030987 0.062558
0 0.533613 0.443511 0.028361 0.061625
0 0.524422 0.655929 0.032038 0.068161
0 0.685662 0.104108 0.027836 0.056956
0 0.641019 0.140990 0.030987 0.057890
0 0.644958 0.177871 0.029412 0.055089
0 0.306985 0.588702 0.040441 0.040149
0 0.325630 0.554155 0.037815 0.047619
0 0.333771 0.514939 0.039391 0.045752
0 0.252626 0.557890 0.039916 0.047619
0 0.280200 0.528945 0.038340 0.042017
0 0.286502 0.481793 0.039391 0.046685
0 0.212185 0.525677 0.034664 0.039216
0 0.231355 0.498133 0.040441 0.045752
0 0.240021 0.451914 0.034664 0.039216
0 0.164653 0.507003 0.041492 0.044818
0 0.182773 0.467320 0.040966 0.049486
0 0.199317 0.430439 0.038340 0.044818
0 0.716912 0.671335 0.040966 0.044818
0 0.718225 0.629318 0.036239 0.046685
0 0.725053 0.580299 0.036239 0.040149
0 0.742647 0.549953 0.040966 0.044818
0 0.753151 0.700280 0.034664 0.037348
0 0.773897 0.662465 0.040441 0.047619
0 0.776261 0.612979 0.042017 0.047619
0 0.801733 0.584967 0.042542 0.049486
0 0.791229 0.720822 0.039391 0.044818
0 0.850315 0.658263 0.040966 0.044818
0 0.839023 0.751634 0.040441 0.044818
0 0.880777 0.774977 0.043067 0.046685
0 0.926733 0.798786 0.040441 0.047619
1 0.586397 0.395892 0.045693 0.104575
1 0.449842 0.843137 0.032038 0.078431
0 0.596113 0.249300 0.029412 0.061625
0 0.150473 0.404295 0.040441 0.044818
0 0.137080 0.440243 0.040966 0.043884
0 0.106355 0.476190 0.041492 0.048553
0 0.102416 0.378151 0.040966 0.039216
0 0.064338 0.442110 0.041492 0.049486
0 0.101628 0.283380 0.038340 0.043884
0 0.157563 0.310924 0.044118 0.050420
0 0.057511 0.288982 0.036239 0.049486
0 0.622637 0.260037 0.030987 0.066293
1 0.486345 0.842204 0.056723 0.128852
2 0.167542 0.243697 0.087185 0.085901
2 0.008403 0.150794 0.017857 0.079365
0 0.972426 0.825864 0.048845 0.049486
0 0.037815 0.401494 0.025210 0.067227
0 0.011555 0.409430 0.024160 0.043884
