0 0.686384 0.581349 0.024554 0.041005
0 0.720238 0.573413 0.026786 0.043651
0 0.853423 0.708333 0.022321 0.027778
0 0.837426 0.675265 0.027530 0.033069
0 0.870908 0.592593 0.020089 0.047619
0 0.889137 0.655423 0.020833 0.046296
0 0.122024 0.602513 0.031250 0.038360
0 0.196057 0.490079 0.026042 0.035714
0 0.009301 0.622354 0.020089 0.046296
0 0.853051 0.174603 0.027530 0.037037
1 0.959449 0.113757 0.031994 0.042328
0 0.713542 0.148810 0.025298 0.043651
0 0.738839 0.228175 0.031250 0.030423
0 0.293155 0.231481 0.019345 0.055556
0 0.255952 0.208333 0.017857 0.048942
0 0.248884 0.156085 0.018601 0.052910
0 0.281622 0.150794 0.018601 0.044974
0 0.327009 0.180556 0.021577 0.056878
0 0.181176 0.634259 0.031994 0.038360
0 0.242560 0.596561 0.031250 0.037037
0 0.340774 0.150132 0.013393 0.033069
2 0.743304 0.296296 0.063988 0.031746
0 0.593750 0.169974 0.026786 0.041005
3 0.339286 0.240079 0.010417 0.030423
0 0.080729 0.652778 0.026042 0.038360
0 0.183036 0.587963 0.023810 0.041005
0 0.315848 0.540344 0.031994 0.041005
0 0.823661 0.470899 0.026786 0.039683
1 0.911830 0.370370 0.033482 0.044974
3 0.142113 0.614418 0.011905 0.019841
0 0.114211 0.652778 0.026042 0.038360
0 0.555060 0.815476 0.023810 0.041005
0 0.574777 0.947090 0.021577 0.050265
0 0.592262 0.736111 0.023810 0.041005
0 0.627604 0.726190 0.024554 0.042328
0 0.646205 0.642196 0.024554 0.041005
0 0.666295 0.669974 0.023065 0.038360
0 0.034598 0.220899 0.029018 0.037037
