0 0.695312 0.564815 0.024554 0.042328
0 0.752232 0.519841 0.031250 0.042328
0 0.853423 0.708333 0.022321 0.027778
0 0.837426 0.675265 0.027530 0.033069
0 0.870908 0.592593 0.020089 0.047619
0 0.889137 0.658730 0.020833 0.047619
0 0.122024 0.605159 0.031250 0.038360
0 0.196057 0.490079 0.026042 0.035714
0 0.009301 0.622354 0.020089 0.046296
0 0.853051 0.174603 0.027530 0.037037
1 0.959449 0.113757 0.031994 0.042328
0 0.713542 0.148810 0.025298 0.043651
0 0.738839 0.228175 0.031250 0.030423
0 0.293155 0.231481 0.019345 0.055556
0 0.255952 0.208333 0.017857 0.048942
0 0.248884 0.156085 0.018601 0.052910
0 0.281622 0.150794 0.018601 0.044974
0 0.327009 0.180556 0.021577 0.048942
0 0.166667 0.642857 0.028274 0.042328
0 0.218378 0.611111 0.029018 0.039683
0 0.330357 0.107143 0.013393 0.037037
2 0.743304 0.296296 0.063988 0.031746
0 0.593750 0.169974 0.026786 0.041005
3 0.339286 0.240079 0.010417 0.030423
0 0.112723 0.637566 0.026042 0.037037
0 0.197917 0.579365 0.025298 0.037037
0 0.287574 0.566138 0.033482 0.037037
0 0.785342 0.520503 0.026042 0.041005
1 0.861235 0.421296 0.031994 0.046296
1 0.984003 0.322751 0.027530 0.034392
0 0.030134 0.703704 0.031994 0.037037
3 0.159970 0.599206 0.011905 0.021164
0 0.148065 0.629630 0.025298 0.039683
0 0.578869 0.758598 0.023810 0.041005
0 0.597470 0.847222 0.022321 0.048942
0 0.616815 0.689153 0.023810 0.042328
0 0.648065 0.689153 0.025298 0.042328
0 0.661086 0.624339 0.026042 0.042328
0 0.685640 0.635582 0.023065 0.035714
0 0.034598 0.220899 0.029018 0.037037
