0 0.030200 0.302988 0.037290 0.062558
0 0.032563 0.242764 0.040966 0.057890
0 0.637605 0.379085 0.028361 0.061625
0 0.598739 0.785247 0.043067 0.042951
0 0.527836 0.643324 0.034664 0.072829
0 0.523372 0.825397 0.036239 0.056022
0 0.454044 0.841737 0.027836 0.060691
0 0.560137 0.448646 0.030987 0.066293
2 0.610032 0.225023 0.073004 0.173669
1 0.475053 0.865546 0.034139 0.074697
0 0.943803 0.627918 0.036765 0.045752
0 0.660977 0.094304 0.028887 0.061625
3 0.226891 0.220822 0.016807 0.019608
0 0.308561 0.588702 0.040441 0.040149
0 0.326943 0.554622 0.038340 0.046685
0 0.336134 0.516340 0.038866 0.044818
0 0.254202 0.557423 0.039916 0.046685
0 0.282038 0.528945 0.037815 0.042017
0 0.288603 0.481793 0.039391 0.046685
0 0.213761 0.525677 0.036765 0.039216
0 0.231880 0.497199 0.040441 0.045752
0 0.240021 0.450980 0.034664 0.039216
0 0.166754 0.503268 0.041492 0.044818
0 0.183298 0.468721 0.039916 0.048553
0 0.199842 0.429972 0.038340 0.045752
0 0.716912 0.674136 0.040966 0.044818
0 0.718225 0.633987 0.036239 0.046685
0 0.721376 0.583100 0.036239 0.040149
0 0.743435 0.554622 0.040441 0.044818
0 0.751050 0.700280 0.034664 0.037348
0 0.769695 0.661531 0.040441 0.047619
0 0.789916 0.626984 0.042017 0.047619
0 0.799107 0.588702 0.040441 0.047619
0 0.789391 0.724556 0.038866 0.044818
0 0.836922 0.754435 0.040441 0.044818
0 0.881303 0.778711 0.043067 0.046685
0 0.925158 0.800654 0.040441 0.047619
1 0.674895 0.134454 0.046218 0.104575
0 0.149947 0.403361 0.040441 0.044818
0 0.097952 0.408964 0.040441 0.056022
0 0.108981 0.475257 0.041492 0.048553
0 0.065914 0.442110 0.041492 0.049486
0 0.102941 0.280579 0.038866 0.043884
0 0.166492 0.314659 0.044118 0.050420
0 0.065651 0.281513 0.039916 0.043884
2 0.441964 0.482260 0.069853 0.133520
1 0.683824 0.187208 0.029412 0.062558
0 0.820903 0.839869 0.042017 0.049486
0 0.704044 0.767974 0.036239 0.049486
2 0.338761 0.332400 0.087185 0.084034
0 0.516019 0.563025 0.027836 0.067227
0 0.506303 0.521942 0.030462 0.057890
0 0.972426 0.829599 0.048845 0.049486
0 0.039391 0.401494 0.025210 0.067227
0 0.013393 0.409430 0.027836 0.043884
