0 0.695903 0.117180 0.057773 0.073763
0 0.901786 0.147059 0.053571 0.066293
0 0.898634 0.027077 0.036765 0.056022
0 0.928571 0.186275 0.056723 0.071895
0 0.828782 0.285714 0.036765 0.095238
0 0.603466 0.109244 0.039916 0.087768
0 0.685924 0.196078 0.038866 0.089636
0 0.656775 0.285247 0.039391 0.088702
0 0.829044 0.376284 0.060399 0.072829
0 0.862132 0.416900 0.062500 0.062558
0 0.849527 0.480859 0.064601 0.065359
0 0.793592 0.444911 0.042017 0.094304
0 0.789391 0.530345 0.058824 0.067227
0 0.747637 0.635387 0.041492 0.099907
0 0.572479 0.305789 0.040966 0.094304
0 0.558298 0.379085 0.055672 0.080299
0 0.530200 0.439776 0.047794 0.100840
0 0.485819 0.426704 0.031513 0.110177
0 0.412290 0.416433 0.056723 0.080299
0 0.334559 0.319795 0.059874 0.077498
0 0.757878 0.818861 0.070378 0.078431
0 0.556460 0.753501 0.038340 0.115780
0 0.414391 0.564893 0.061975 0.098973
0 0.330620 0.533613 0.062500 0.077498
0 0.311712 0.488796 0.059349 0.081232
0 0.320116 0.236228 0.058298 0.076564
0 0.245273 0.191877 0.055672 0.068161
1 0.125525 0.209150 0.081933 0.095238
0 0.183561 0.330532 0.050945 0.078431
0 0.664916 0.927638 0.051471 0.114846
0 0.420693 0.672736 0.049370 0.088702
0 0.484506 0.810458 0.048845 0.117647
3 0.645483 0.497199 0.018908 0.055089
3 0.795693 0.253035 0.015756 0.044818
3 0.691176 0.635854 0.015756 0.050420
3 0.727416 0.594771 0.017857 0.056022
