0 0.853423 0.714286 0.023810 0.023810
0 0.836682 0.683201 0.024554 0.027778
0 0.871652 0.599868 0.018601 0.046296
0 0.879464 0.696429 0.016369 0.046296
0 0.125744 0.598545 0.026786 0.033069
0 0.199405 0.488757 0.026786 0.035714
0 0.012649 0.617063 0.023810 0.048942
0 0.854167 0.179894 0.026786 0.031746
1 0.960565 0.120370 0.031250 0.037037
1 0.713542 0.154101 0.020833 0.041005
0 0.738839 0.232804 0.025298 0.023810
0 0.298735 0.229497 0.020089 0.056878
0 0.259673 0.208995 0.019345 0.050265
0 0.249256 0.156746 0.019345 0.054233
0 0.283482 0.152116 0.017857 0.044974
0 0.328869 0.164021 0.022321 0.055556
2 0.742188 0.302249 0.063244 0.033069
0 0.596354 0.171958 0.026042 0.042328
0 0.156994 0.618386 0.028274 0.035714
0 0.303943 0.568122 0.027530 0.033069
0 0.246652 0.542328 0.026042 0.037037
3 0.894345 0.292328 0.014881 0.021164
3 0.320685 0.281746 0.014881 0.039683
3 0.067708 0.665344 0.014881 0.021164
3 0.802455 0.211640 0.011161 0.021164
3 0.601190 0.673942 0.014881 0.019841
3 0.382068 0.691799 0.011161 0.023810
3 0.337426 0.216931 0.011161 0.034392
3 0.980655 0.241402 0.017857 0.017196
0 0.578125 0.349206 0.028274 0.029101
0 0.573661 0.392857 0.025298 0.026455
0 0.207589 0.646164 0.031250 0.038360
1 0.236979 0.626323 0.029018 0.027778
1 0.269717 0.613095 0.031994 0.035714
0 0.637277 0.337302 0.029018 0.029101
0 0.600446 0.381614 0.026786 0.022487
0 0.640997 0.380952 0.029018 0.026455
3 0.890625 0.321429 0.014881 0.018519
0 0.647693 0.645503 0.027530 0.039683
0 0.654018 0.682540 0.026786 0.042328
0 0.671875 0.605820 0.026786 0.042328
0 0.685640 0.628968 0.027530 0.046296
0 0.708705 0.546958 0.026042 0.038360
0 0.556548 0.753968 0.026786 0.034392
0 0.040179 0.216931 0.025298 0.037037
