0 0.015494 0.328665 0.024685 0.072829
0 0.013918 0.264706 0.027836 0.066293
2 0.360294 0.947712 0.048319 0.098973
0 0.734506 0.128385 0.024685 0.056956
0 0.733456 0.042484 0.029937 0.053221
0 0.420168 0.775444 0.030462 0.068161
0 0.665966 0.250233 0.031513 0.063492
0 0.619223 0.313725 0.028361 0.061625
0 0.534664 0.408497 0.031513 0.064426
0 0.573004 0.363212 0.028361 0.059757
0 0.614496 0.211951 0.030462 0.061625
0 0.304622 0.588702 0.042017 0.042017
0 0.323004 0.551354 0.037815 0.047619
0 0.332195 0.514472 0.039391 0.044818
0 0.249212 0.558824 0.039391 0.047619
0 0.278361 0.528011 0.037815 0.042017
0 0.283613 0.480859 0.039916 0.046685
0 0.206670 0.525677 0.037290 0.039216
0 0.225578 0.494398 0.040441 0.045752
0 0.235819 0.449113 0.034664 0.039216
0 0.157563 0.502334 0.042017 0.044818
0 0.176996 0.467787 0.039916 0.050420
0 0.192489 0.428105 0.038340 0.045752
0 0.722164 0.674136 0.040966 0.044818
0 0.722426 0.627451 0.036239 0.046685
0 0.727679 0.579365 0.036239 0.040149
0 0.750000 0.551821 0.040966 0.044818
0 0.756828 0.700280 0.034664 0.037348
0 0.777574 0.662465 0.040441 0.047619
0 0.783088 0.612979 0.042017 0.047619
0 0.806985 0.581699 0.044643 0.050420
0 0.796481 0.720822 0.039391 0.044818
0 0.834559 0.644258 0.040966 0.044818
0 0.845063 0.752101 0.040966 0.045752
0 0.888393 0.673669 0.043592 0.045752
0 0.891282 0.777778 0.043067 0.046685
0 0.936187 0.798786 0.041492 0.047619
0 0.591387 0.813725 0.040966 0.049486
1 0.560662 0.530345 0.033088 0.106443
0 0.463761 0.732493 0.023109 0.068161
1 0.474002 0.561625 0.029937 0.071895
0 0.426996 0.409897 0.037815 0.039216
0 0.142595 0.398693 0.040441 0.044818
0 0.127626 0.436508 0.040966 0.043884
0 0.104779 0.476190 0.041492 0.048553
0 0.092962 0.378151 0.040966 0.039216
0 0.059086 0.441176 0.041492 0.049486
0 0.057773 0.251634 0.040966 0.040149
0 0.121061 0.289449 0.046744 0.050420
0 0.045168 0.284314 0.039916 0.049486
0 0.548845 0.450047 0.031513 0.067227
0 0.658876 0.159664 0.028887 0.061625
0 0.693277 0.081232 0.028361 0.061625
1 0.615546 0.444911 0.053571 0.114846
0 0.979779 0.826797 0.037290 0.049486
0 0.027836 0.398693 0.025210 0.067227
