0 0.580729 0.768519 0.021577 0.042328
0 0.573661 0.851190 0.023810 0.046296
0 0.853423 0.708333 0.022321 0.027778
0 0.837426 0.675265 0.027530 0.033069
0 0.870536 0.592593 0.019345 0.047619
0 0.888765 0.657407 0.021577 0.047619
0 0.729911 0.630291 0.023810 0.046296
0 0.698661 0.695767 0.023810 0.044974
0 0.123140 0.605159 0.031994 0.038360
0 0.196429 0.493386 0.025298 0.037037
0 0.009301 0.622354 0.020089 0.048942
0 0.853051 0.174603 0.027530 0.037037
1 0.959449 0.113757 0.031994 0.042328
0 0.713542 0.148810 0.025298 0.043651
0 0.738839 0.229497 0.031250 0.030423
0 0.296875 0.231481 0.019345 0.055556
0 0.255580 0.208995 0.017113 0.047619
0 0.248884 0.156085 0.018601 0.052910
0 0.280878 0.150794 0.018601 0.044974
0 0.328497 0.181878 0.021577 0.048942
0 0.312128 0.121032 0.020089 0.046296
0 0.294271 0.022487 0.023065 0.047619
0 0.366815 0.457011 0.023810 0.048942
0 0.386905 0.339286 0.016369 0.048942
0 0.353795 0.218915 0.012649 0.035714
2 0.743304 0.296296 0.063988 0.031746
0 0.593750 0.169974 0.026786 0.041005
3 0.340030 0.250661 0.010417 0.030423
0 0.010789 0.718915 0.023065 0.033069
0 0.367932 0.191799 0.020089 0.050265
0 0.512649 0.961640 0.019345 0.042328
0 0.558780 0.952381 0.020833 0.039683
0 0.035342 0.222222 0.027530 0.034392
