0 0.830095 0.825397 0.066702 0.076564
0 0.936187 0.440710 0.065651 0.072829
0 0.972426 0.609244 0.053046 0.071895
0 0.912553 0.645658 0.061450 0.077498
0 0.826943 0.574697 0.038340 0.105509
0 0.788078 0.619981 0.045693 0.098973
0 0.738445 0.628852 0.034664 0.099907
0 0.706145 0.570962 0.058298 0.099907
0 0.654674 0.482260 0.047794 0.105509
0 0.618960 0.322596 0.044643 0.099907
0 0.595326 0.601307 0.039391 0.115780
0 0.540179 0.485994 0.062500 0.068161
0 0.540966 0.431373 0.059874 0.059757
0 0.638393 0.238562 0.043592 0.094304
0 0.592700 0.131653 0.039391 0.089636
1 0.495011 0.043884 0.054097 0.089636
0 0.492910 0.180205 0.049895 0.056022
0 0.562500 0.690009 0.058824 0.070962
0 0.568015 0.873016 0.064601 0.082166
0 0.462973 0.954715 0.066702 0.084967
3 0.601366 0.967787 0.025210 0.042017
