0 0.724702 0.516534 0.025298 0.041005
0 0.913318 0.324735 0.034970 0.038360
0 0.853423 0.708333 0.022321 0.027778
0 0.837426 0.674603 0.027530 0.034392
0 0.871280 0.592593 0.019345 0.047619
0 0.889881 0.656085 0.020833 0.047619
0 0.123512 0.601852 0.031250 0.037037
0 0.196801 0.489418 0.026042 0.034392
0 0.009673 0.621693 0.020833 0.047619
0 0.853051 0.172619 0.027530 0.035714
1 0.959449 0.113757 0.031994 0.042328
0 0.713542 0.148810 0.025298 0.043651
0 0.738839 0.226852 0.031250 0.030423
0 0.294643 0.231481 0.019345 0.055556
0 0.256696 0.208333 0.019345 0.048942
0 0.249256 0.155423 0.019345 0.054233
0 0.281622 0.150794 0.018601 0.044974
0 0.328869 0.177910 0.022321 0.051587
0 0.157366 0.646825 0.029018 0.039683
0 0.195312 0.623016 0.031994 0.031746
2 0.743304 0.296296 0.063988 0.031746
0 0.593750 0.169974 0.026786 0.041005
3 0.340030 0.242725 0.010417 0.030423
0 0.188244 0.571429 0.026786 0.039683
0 0.265997 0.520503 0.023065 0.035714
0 0.248140 0.589286 0.030506 0.035714
0 0.685640 0.679894 0.024554 0.042328
1 0.731399 0.608466 0.025298 0.042328
1 0.848958 0.447090 0.023810 0.039683
0 0.086310 0.662698 0.026786 0.037037
0 0.148065 0.623016 0.026786 0.039683
3 0.217262 0.560185 0.013393 0.019841
0 0.231027 0.573413 0.026042 0.038360
0 0.627976 0.667989 0.023810 0.042328
0 0.651786 0.683201 0.025298 0.041005
0 0.654018 0.628307 0.023810 0.042328
0 0.680804 0.636243 0.023810 0.039683
0 0.683408 0.582672 0.026042 0.038360
0 0.704241 0.603175 0.024554 0.039683
0 0.035342 0.219577 0.029018 0.037037
