0 0.022059 0.334267 0.027311 0.072829
0 0.020483 0.270308 0.033613 0.066293
0 0.972689 0.880019 0.040966 0.043884
0 0.688550 0.166200 0.027311 0.056022
0 0.383403 0.953782 0.031513 0.066293
2 0.425158 0.754435 0.075105 0.186741
1 0.758929 0.027544 0.031513 0.056956
0 0.680672 0.338936 0.022059 0.059757
0 0.644170 0.296452 0.030987 0.062558
0 0.488971 0.573296 0.028361 0.061625
0 0.586134 0.490196 0.031513 0.063492
0 0.655725 0.185341 0.027836 0.056956
0 0.598477 0.240896 0.030987 0.063492
0 0.616859 0.252101 0.025735 0.054155
0 0.660452 0.087302 0.027836 0.062558
0 0.306723 0.588702 0.040966 0.040149
0 0.325105 0.554155 0.037815 0.047619
0 0.332983 0.514472 0.038866 0.044818
0 0.252363 0.557890 0.039391 0.047619
0 0.279412 0.528945 0.037815 0.042017
0 0.285452 0.481793 0.039391 0.046685
0 0.212185 0.526144 0.034664 0.040149
0 0.231355 0.499066 0.040441 0.045752
0 0.240021 0.450980 0.034664 0.039216
0 0.164128 0.506069 0.041492 0.044818
0 0.182773 0.467320 0.040966 0.049486
0 0.199317 0.430439 0.038340 0.044818
0 0.716912 0.671335 0.040966 0.044818
0 0.719275 0.628385 0.036239 0.046685
0 0.726103 0.580299 0.036239 0.040149
0 0.745798 0.550887 0.040966 0.044818
0 0.753676 0.700280 0.034664 0.037348
0 0.775473 0.662465 0.040441 0.047619
0 0.778887 0.612979 0.042017 0.047619
0 0.803309 0.584034 0.043592 0.049486
0 0.792279 0.720822 0.039391 0.044818
0 0.827731 0.645191 0.040966 0.044818
0 0.840599 0.751634 0.040441 0.044818
0 0.880777 0.774043 0.043067 0.046685
0 0.926733 0.797852 0.040441 0.047619
0 0.465861 0.920635 0.036765 0.065359
1 0.572479 0.443978 0.040966 0.105509
0 0.425158 0.907563 0.030987 0.070962
1 0.477416 0.718021 0.025210 0.070962
0 0.542542 0.350140 0.032563 0.057890
0 0.149422 0.403361 0.040441 0.044818
0 0.134979 0.440243 0.040966 0.043884
0 0.105830 0.476190 0.041492 0.048553
0 0.101366 0.380952 0.040966 0.039216
0 0.063813 0.442110 0.041492 0.049486
0 0.091124 0.273109 0.039391 0.045752
0 0.146271 0.305789 0.044643 0.049486
0 0.053571 0.289916 0.035714 0.049486
0 0.592174 0.335201 0.030987 0.067227
0 0.688550 0.074230 0.026261 0.062558
1 0.539653 0.683940 0.055147 0.122316
3 0.594013 0.160598 0.010504 0.026144
2 0.053309 0.177404 0.084559 0.084034
0 0.972426 0.824930 0.048845 0.049486
0 0.037290 0.401494 0.025210 0.067227
0 0.009454 0.409430 0.019958 0.043884
