0 0.349002 0.990663 0.030987 0.016807
0 0.749475 0.023343 0.031513 0.048553
0 0.456933 0.690943 0.022059 0.072829
0 0.459559 0.934174 0.034664 0.070028
0 0.516282 0.869748 0.038866 0.064426
0 0.598739 0.511204 0.023109 0.068161
0 0.496061 0.529412 0.030987 0.072829
0 0.533088 0.481793 0.028361 0.061625
0 0.555935 0.321195 0.036239 0.065359
0 0.305147 0.593838 0.047269 0.052288
0 0.316702 0.547619 0.037815 0.047619
0 0.327994 0.507937 0.039391 0.044818
0 0.237920 0.556956 0.039916 0.047619
0 0.268908 0.521475 0.038866 0.042017
0 0.271796 0.470121 0.044643 0.049486
0 0.191439 0.521008 0.039391 0.042951
0 0.211397 0.488329 0.043592 0.048553
0 0.223214 0.443511 0.034664 0.039216
0 0.140231 0.497666 0.044118 0.048553
0 0.159401 0.456583 0.044643 0.050420
0 0.178309 0.418301 0.039391 0.044818
0 0.735819 0.677404 0.043067 0.049486
0 0.734506 0.628852 0.039391 0.047619
0 0.737920 0.575163 0.037815 0.041083
0 0.760504 0.546685 0.042017 0.043884
0 0.772584 0.704015 0.034664 0.037348
0 0.792805 0.663399 0.041492 0.047619
0 0.795956 0.614379 0.042542 0.046685
0 0.825893 0.578898 0.046744 0.052288
0 0.813288 0.727358 0.039391 0.044818
0 0.852941 0.647059 0.040966 0.044818
0 0.865546 0.758170 0.044118 0.050420
0 0.909401 0.674136 0.045693 0.050420
0 0.913340 0.783847 0.045168 0.055089
0 0.962185 0.812792 0.043067 0.051354
0 0.756303 0.854809 0.043067 0.049486
1 0.593225 0.626984 0.055147 0.103641
0 0.436187 0.558357 0.028887 0.067227
1 0.380515 0.402894 0.040441 0.058824
0 0.272584 0.321662 0.037815 0.045752
0 0.125788 0.391223 0.040441 0.044818
0 0.109244 0.426704 0.044118 0.048553
0 0.081933 0.466387 0.044118 0.051354
0 0.073004 0.366013 0.040966 0.039216
0 0.038340 0.436508 0.043067 0.055089
0 0.027311 0.232960 0.040966 0.040149
0 0.085609 0.260037 0.048319 0.053221
0 0.022847 0.264706 0.037290 0.049486
0 0.505777 0.582633 0.032563 0.072829
0 0.627626 0.176004 0.031513 0.068161
0 0.645483 0.208217 0.028361 0.061625
0 0.678046 0.130252 0.029412 0.064426
1 0.690126 0.222222 0.056723 0.123249
3 0.564076 0.226891 0.010504 0.026144
0 0.993960 0.838002 0.008929 0.049486
0 0.008929 0.387488 0.018908 0.067227
