0 0.853051 0.721561 0.023065 0.027778
0 0.836682 0.688492 0.024554 0.027778
0 0.873140 0.605820 0.018601 0.047619
0 0.881696 0.673942 0.013393 0.043651
0 0.126116 0.597222 0.027530 0.033069
0 0.200893 0.487434 0.026786 0.035714
0 0.012277 0.612434 0.023065 0.050265
0 0.856771 0.186508 0.027530 0.031746
1 0.962798 0.129630 0.031250 0.037037
1 0.716518 0.159392 0.020833 0.041005
0 0.740699 0.239418 0.026042 0.023810
0 0.300967 0.229497 0.018601 0.056878
0 0.260417 0.206349 0.019345 0.044974
0 0.252976 0.156746 0.017857 0.054233
0 0.285342 0.151455 0.017113 0.046296
2 0.750744 0.306878 0.065476 0.031746
0 0.597098 0.179894 0.024554 0.039683
0 0.341146 0.029101 0.020089 0.050265
0 0.360491 0.144180 0.015625 0.039683
0 0.379092 0.233466 0.018601 0.046296
0 0.402530 0.353175 0.014881 0.037037
0 0.160714 0.599868 0.026786 0.035714
0 0.456473 0.729497 0.024554 0.051587
0 0.481399 0.824074 0.023810 0.055556
0 0.289807 0.054894 0.020089 0.046296
3 0.323661 0.283069 0.014881 0.039683
3 0.320312 0.551587 0.014137 0.021164
3 0.811384 0.228836 0.012649 0.021164
3 0.616071 0.663360 0.014881 0.019841
3 0.470982 0.908730 0.010417 0.021164
0 0.809524 0.349206 0.029762 0.031746
0 0.575149 0.396825 0.025298 0.026455
0 0.207589 0.643519 0.031250 0.038360
1 0.237723 0.623016 0.029018 0.029101
1 0.269345 0.607804 0.031250 0.035714
0 0.879464 0.330688 0.031250 0.031746
0 0.604539 0.384921 0.024554 0.023810
0 0.644717 0.384921 0.029018 0.026455
0 0.646949 0.648148 0.027530 0.039683
0 0.654390 0.687831 0.027530 0.039683
0 0.674479 0.608466 0.027530 0.039683
0 0.691220 0.629630 0.026786 0.042328
0 0.936756 0.328704 0.029762 0.030423
0 0.420015 0.534392 0.020089 0.052910
0 0.043155 0.212302 0.026786 0.033069
