0 0.954569 0.239963 0.060399 0.067227
0 0.904149 0.329599 0.068803 0.057890
0 0.987395 0.599440 0.023109 0.078431
0 0.967962 0.192344 0.053571 0.078431
0 0.879464 0.517274 0.056197 0.093371
0 0.810924 0.265640 0.054622 0.083100
0 0.869223 0.396825 0.055672 0.084034
0 0.818277 0.462652 0.051471 0.088702
0 0.972952 0.682540 0.051996 0.069094
0 0.983718 0.739029 0.030462 0.066293
0 0.970063 0.802521 0.056723 0.066293
0 0.922794 0.719888 0.055672 0.091503
0 0.897847 0.789916 0.065651 0.065359
0 0.829307 0.867414 0.057773 0.098973
0 0.732668 0.431373 0.031513 0.095238
0 0.704569 0.484594 0.053046 0.089636
0 0.660452 0.525210 0.037290 0.099907
0 0.621061 0.480859 0.047794 0.104575
0 0.560924 0.419234 0.052521 0.091503
0 0.503676 0.282913 0.052521 0.091503
0 0.792542 0.993931 0.072479 0.010271
0 0.518382 0.986928 0.059874 0.020542
0 0.522321 0.558824 0.046744 0.114846
0 0.452731 0.475257 0.061975 0.056022
0 0.445903 0.424370 0.059874 0.060691
0 0.512342 0.199346 0.048845 0.094304
0 0.452731 0.111578 0.044118 0.084967
1 0.341387 0.055556 0.063025 0.109244
0 0.359769 0.202614 0.050420 0.063492
0 0.502363 0.661064 0.057248 0.072829
0 0.535714 0.834734 0.059874 0.098973
0 0.447216 0.957983 0.063550 0.082166
3 0.649160 0.803922 0.025210 0.046685
3 0.963761 0.559757 0.022059 0.040149
3 0.758403 0.925303 0.017857 0.056022
