0 0.889137 0.339286 0.031250 0.035714
0 0.851562 0.712302 0.023065 0.025132
0 0.837426 0.681217 0.024554 0.029101
0 0.870908 0.597884 0.018601 0.044974
0 0.883185 0.671958 0.019345 0.044974
0 0.123140 0.601852 0.027530 0.034392
0 0.198661 0.491402 0.026786 0.035714
0 0.011905 0.620370 0.023810 0.047619
0 0.853423 0.177249 0.026786 0.031746
1 0.960565 0.117725 0.031250 0.037037
1 0.712054 0.152778 0.020833 0.041005
0 0.738095 0.231481 0.025298 0.023810
0 0.297991 0.229497 0.020089 0.056878
0 0.258929 0.208995 0.020833 0.050265
0 0.247768 0.156085 0.019345 0.055556
0 0.283110 0.152116 0.018601 0.044974
0 0.329985 0.179894 0.023065 0.050265
0 0.008929 0.746032 0.019345 0.037037
2 0.741443 0.298280 0.063244 0.033069
0 0.595610 0.171958 0.026042 0.042328
0 0.147693 0.621032 0.031994 0.035714
0 0.044271 0.687169 0.027530 0.041005
3 0.770833 0.335317 0.011905 0.019841
3 0.319196 0.281746 0.014881 0.039683
3 0.802455 0.207672 0.011161 0.021164
3 0.578497 0.691138 0.012649 0.025132
3 0.316592 0.639550 0.011161 0.017196
3 0.337426 0.222222 0.011161 0.034392
3 0.836310 0.310185 0.017857 0.019841
0 0.510789 0.372354 0.029018 0.035714
0 0.542411 0.404762 0.025298 0.026455
0 0.308780 0.165344 0.020833 0.050265
0 0.286830 0.055556 0.020089 0.042328
0 0.105283 0.680556 0.033482 0.038360
0 0.210565 0.642196 0.029762 0.033069
1 0.259301 0.613757 0.030506 0.031746
1 0.312128 0.594577 0.027530 0.025132
0 0.583705 0.347884 0.030506 0.029101
0 0.583705 0.384921 0.024554 0.023810
0 0.629092 0.380952 0.029018 0.026455
3 0.676339 0.341270 0.013393 0.015873
0 0.946057 0.287698 0.030506 0.035714
0 0.646949 0.644180 0.027530 0.039683
0 0.654018 0.681217 0.026786 0.042328
0 0.670387 0.605820 0.026786 0.042328
0 0.681920 0.634259 0.027530 0.046296
0 0.696429 0.561508 0.025298 0.041005
0 0.665551 0.706349 0.026042 0.039683
0 0.037946 0.217593 0.025298 0.038360
