0 0.956408 0.423903 0.060924 0.059757
0 0.859244 0.673203 0.061975 0.087768
0 0.871061 0.342204 0.060399 0.079365
0 0.921218 0.483193 0.057773 0.079365
0 0.862658 0.536881 0.056197 0.078431
0 0.954044 0.825864 0.059349 0.088702
0 0.922006 0.888422 0.068803 0.071895
0 0.845851 0.946312 0.062500 0.081232
0 0.777311 0.489729 0.031513 0.099907
0 0.745798 0.542484 0.052521 0.097106
0 0.698792 0.566293 0.037290 0.099907
0 0.662027 0.518207 0.051996 0.104575
0 0.604779 0.441643 0.050945 0.098973
0 0.556460 0.294118 0.048845 0.095238
0 0.557248 0.576097 0.043067 0.115780
0 0.492122 0.475724 0.061975 0.056956
0 0.488971 0.419234 0.059874 0.056022
0 0.571691 0.215219 0.045693 0.094304
0 0.516282 0.112512 0.043067 0.090570
1 0.409401 0.044351 0.061450 0.090570
0 0.419380 0.184874 0.049895 0.056022
0 0.530462 0.669468 0.056723 0.072829
0 0.551471 0.852007 0.063025 0.090570
0 0.452994 0.956116 0.066702 0.085901
3 0.628676 0.884220 0.025210 0.044818
