0 0.960872 0.802521 0.059349 0.066293
0 0.881828 0.697479 0.047269 0.106443
0 0.837185 0.725957 0.042017 0.111111
0 0.782563 0.722689 0.038866 0.115780
0 0.756040 0.650794 0.065651 0.087768
0 0.710347 0.535481 0.041492 0.112979
0 0.693803 0.374416 0.038866 0.102708
0 0.640756 0.636788 0.039916 0.121382
0 0.599527 0.517740 0.062500 0.079365
0 0.600578 0.455649 0.059349 0.070962
0 0.726891 0.304855 0.043067 0.098039
0 0.681460 0.176471 0.035189 0.091503
1 0.595326 0.051821 0.049895 0.105509
0 0.583771 0.197479 0.049895 0.058824
0 0.603204 0.728758 0.062500 0.075630
0 0.585872 0.903361 0.063550 0.077498
0 0.475840 0.948646 0.069328 0.072829
