0 0.696801 0.559524 0.024554 0.042328
0 0.760045 0.507275 0.031994 0.043651
0 0.853423 0.708333 0.022321 0.027778
0 0.837426 0.675265 0.027530 0.033069
0 0.870908 0.592593 0.020089 0.047619
0 0.889881 0.658730 0.020833 0.047619
0 0.122024 0.605159 0.031250 0.038360
0 0.196057 0.490079 0.026042 0.035714
0 0.009301 0.622354 0.020089 0.046296
0 0.853051 0.174603 0.027530 0.037037
1 0.959449 0.113757 0.031994 0.042328
0 0.713542 0.148810 0.025298 0.043651
0 0.738839 0.228175 0.031250 0.030423
0 0.293155 0.231481 0.019345 0.055556
0 0.256324 0.208333 0.018601 0.048942
0 0.248884 0.156085 0.018601 0.052910
0 0.281622 0.150794 0.018601 0.044974
0 0.327009 0.180556 0.021577 0.054233
0 0.165923 0.642857 0.026786 0.042328
0 0.214286 0.613095 0.032738 0.035714
0 0.329613 0.095238 0.013393 0.037037
2 0.743304 0.296296 0.063988 0.031746
0 0.593750 0.169974 0.026786 0.041005
3 0.339286 0.240079 0.010417 0.030423
0 0.115699 0.633598 0.026042 0.037037
0 0.200521 0.574074 0.024554 0.037037
0 0.282366 0.569444 0.033482 0.038360
0 0.777530 0.531746 0.023810 0.042328
1 0.848958 0.430556 0.031250 0.046296
1 0.976562 0.329365 0.027530 0.031746
0 0.037574 0.695767 0.030506 0.037037
3 0.163690 0.592593 0.011905 0.021164
0 0.151042 0.628307 0.025298 0.039683
0 0.583333 0.748016 0.023810 0.041005
0 0.602679 0.826058 0.022321 0.048942
0 0.619048 0.683862 0.023810 0.042328
0 0.653274 0.681217 0.025298 0.042328
0 0.663318 0.615079 0.026042 0.039683
0 0.687872 0.628968 0.024554 0.041005
0 0.034598 0.220899 0.029018 0.037037
