0 0.391019 0.295518 0.053046 0.062558
0 0.399160 0.394958 0.049370 0.084034
0 0.564076 0.284314 0.040966 0.066293
0 0.533613 0.190943 0.025210 0.060691
0 0.595326 0.295518 0.037290 0.071895
0 0.549895 0.436041 0.031513 0.078431
0 0.382090 0.249767 0.056197 0.055089
0 0.406775 0.186741 0.024685 0.072829
0 0.408876 0.065359 0.021534 0.056022
0 0.522584 0.029879 0.022059 0.050420
3 0.493435 0.242764 0.012080 0.050420
0 0.315389 0.460784 0.030987 0.088702
0 0.406513 0.470588 0.032563 0.089636
0 0.404412 0.563025 0.028361 0.091503
0 0.577468 0.507937 0.044643 0.085901
0 0.613445 0.510271 0.055672 0.071895
0 0.622374 0.577965 0.054622 0.084034
0 0.568540 0.590103 0.028887 0.095238
0 0.585084 0.660131 0.050420 0.095238
0 0.585084 0.792250 0.032563 0.111111
0 0.337710 0.654995 0.055672 0.086835
0 0.342700 0.732960 0.060399 0.065359
0 0.332983 0.819328 0.066176 0.088702
0 0.286765 0.847806 0.047269 0.123249
0 0.205620 0.904295 0.074055 0.064426
0 0.085084 0.903361 0.077731 0.066293
0 0.048845 0.830532 0.077731 0.070028
3 0.504464 0.547152 0.015231 0.044818
3 0.540179 0.854342 0.020483 0.057890
3 0.326681 0.057890 0.018908 0.026144
3 0.547794 0.630252 0.017857 0.056022
