0 0.713170 0.534392 0.024554 0.042328
0 0.822545 0.421958 0.031994 0.042328
0 0.853423 0.708333 0.022321 0.027778
0 0.837426 0.674603 0.027530 0.034392
0 0.871280 0.592593 0.019345 0.047619
0 0.890625 0.657407 0.020833 0.047619
0 0.123512 0.603836 0.031250 0.038360
0 0.196801 0.489418 0.026042 0.034392
0 0.009301 0.621693 0.020089 0.047619
0 0.853051 0.173280 0.027530 0.037037
1 0.959449 0.113757 0.031994 0.042328
0 0.713542 0.148810 0.025298 0.043651
0 0.738839 0.228175 0.031250 0.030423
0 0.293899 0.231481 0.019345 0.055556
0 0.256324 0.208333 0.018601 0.048942
0 0.248884 0.156085 0.018601 0.052910
0 0.281622 0.150794 0.018601 0.044974
0 0.327753 0.179894 0.021577 0.055556
0 0.159598 0.649471 0.029018 0.039683
0 0.199033 0.623016 0.031994 0.037037
0 0.312128 0.017857 0.011161 0.027778
2 0.743304 0.296296 0.063988 0.031746
0 0.593750 0.169974 0.026786 0.041005
3 0.339286 0.241402 0.010417 0.030423
0 0.156622 0.601190 0.026042 0.038360
0 0.234375 0.547619 0.023810 0.034392
0 0.254464 0.588624 0.031250 0.037037
0 0.731399 0.605159 0.025298 0.043651
1 0.787202 0.513228 0.025298 0.042328
1 0.920015 0.376984 0.024554 0.039683
0 0.018229 0.710979 0.024554 0.035714
0 0.092634 0.658730 0.029018 0.039683
3 0.187500 0.578042 0.013393 0.021164
0 0.181548 0.607143 0.025298 0.037037
0 0.614583 0.695106 0.023810 0.041005
0 0.631324 0.733466 0.024554 0.046296
0 0.646577 0.638889 0.023810 0.042328
0 0.674107 0.648148 0.025298 0.042328
0 0.675967 0.595899 0.026042 0.038360
0 0.702009 0.604497 0.024554 0.039683
0 0.034598 0.219577 0.029018 0.037037
