0 0.031513 0.301120 0.036765 0.060691
0 0.034139 0.239496 0.040966 0.055089
0 0.819065 0.875350 0.040441 0.049486
0 0.576155 0.566760 0.028361 0.061625
0 0.535714 0.821662 0.042017 0.057890
0 0.475840 0.789916 0.034664 0.072829
0 0.457195 0.951914 0.033088 0.070028
0 0.418855 0.943511 0.027836 0.058824
0 0.600053 0.340336 0.030987 0.066293
3 0.358718 0.957049 0.012605 0.029879
3 0.356618 0.927171 0.010504 0.026144
3 0.347689 0.281046 0.016807 0.022409
0 0.309086 0.588702 0.040441 0.040149
0 0.327468 0.555556 0.038340 0.046685
0 0.336922 0.516807 0.038340 0.045752
0 0.254727 0.557423 0.039916 0.046685
0 0.282826 0.528945 0.038340 0.042017
0 0.289128 0.481793 0.039391 0.046685
0 0.214286 0.526611 0.037815 0.039216
0 0.232405 0.497199 0.040441 0.045752
0 0.240809 0.451447 0.034139 0.040149
0 0.167279 0.503268 0.041492 0.044818
0 0.184349 0.468721 0.039916 0.048553
0 0.200368 0.429972 0.038340 0.045752
0 0.716912 0.676004 0.040966 0.044818
0 0.718225 0.635854 0.036239 0.046685
0 0.720851 0.584034 0.036239 0.040149
0 0.743435 0.552754 0.040441 0.044818
0 0.750525 0.700280 0.034664 0.037348
0 0.774947 0.666200 0.040441 0.047619
0 0.809349 0.637722 0.042017 0.046685
0 0.800945 0.590570 0.040966 0.047619
0 0.789916 0.726424 0.038866 0.044818
0 0.836922 0.755369 0.040441 0.044818
0 0.881303 0.779645 0.043067 0.046685
0 0.925158 0.802521 0.040441 0.047619
0 0.127363 0.387955 0.040441 0.042017
0 0.062763 0.365546 0.041492 0.045752
0 0.110032 0.475257 0.041492 0.048553
0 0.067489 0.442110 0.041492 0.049486
0 0.103466 0.280579 0.038866 0.043884
0 0.167542 0.315593 0.044118 0.050420
0 0.066439 0.281513 0.040441 0.043884
2 0.479779 0.584967 0.043592 0.146592
1 0.637605 0.323529 0.029412 0.062558
0 0.744223 0.022409 0.026261 0.046685
0 0.696954 0.763305 0.043067 0.049486
0 0.621849 0.690009 0.032563 0.069094
2 0.445116 0.373950 0.084559 0.058824
0 0.545693 0.485994 0.028361 0.070028
0 0.550158 0.402428 0.029937 0.061625
0 0.972426 0.830532 0.048845 0.049486
0 0.039916 0.400093 0.025210 0.066293
0 0.013655 0.409430 0.028361 0.043884
