0 0.726935 0.516534 0.026786 0.041005
0 0.853423 0.708333 0.022321 0.027778
0 0.837426 0.674603 0.027530 0.034392
0 0.871652 0.592593 0.020089 0.047619
0 0.888021 0.645503 0.021577 0.050265
0 0.124256 0.599868 0.029762 0.035714
0 0.197545 0.489418 0.026042 0.034392
0 0.010789 0.619048 0.021577 0.047619
0 0.853051 0.171958 0.027530 0.034392
1 0.959449 0.113757 0.031994 0.042328
0 0.713170 0.148810 0.024554 0.043651
0 0.738839 0.226852 0.031250 0.030423
0 0.296131 0.230159 0.019345 0.055556
0 0.257440 0.208333 0.019345 0.048942
0 0.249256 0.155423 0.019345 0.054233
0 0.282366 0.150794 0.018601 0.044974
0 0.331845 0.179233 0.023810 0.051587
0 0.158110 0.645503 0.029018 0.039683
0 0.193452 0.625000 0.028274 0.033069
2 0.743304 0.296296 0.063988 0.031746
0 0.593750 0.169974 0.026786 0.041005
3 0.340774 0.242725 0.010417 0.030423
0 0.020089 0.704365 0.025298 0.033069
0 0.266741 0.518519 0.027530 0.039683
0 0.313244 0.464286 0.020833 0.042328
0 0.384673 0.692460 0.028274 0.041005
0 0.248884 0.589286 0.030506 0.035714
0 0.560268 0.742063 0.028274 0.037037
1 0.627976 0.736772 0.031250 0.029101
1 0.699033 0.671296 0.024554 0.038360
0 0.109747 0.640873 0.029018 0.035714
0 0.225818 0.575397 0.024554 0.031746
0 0.292783 0.537698 0.029018 0.035714
3 0.295387 0.508598 0.013393 0.019841
0 0.347842 0.503968 0.027530 0.039683
0 0.638393 0.653439 0.025298 0.042328
0 0.655134 0.679233 0.026042 0.041005
0 0.668155 0.607804 0.023810 0.041005
0 0.681176 0.635582 0.024554 0.041005
0 0.697545 0.562831 0.026042 0.038360
0 0.707961 0.595238 0.024554 0.037037
0 0.036830 0.218915 0.029018 0.038360
