0 0.537290 0.933707 0.063025 0.110177
0 0.866859 0.365546 0.053046 0.086835
0 0.412290 0.651727 0.066176 0.117647
0 0.666492 0.883287 0.066176 0.061625
0 0.706933 0.794585 0.059874 0.104575
0 0.762868 0.704015 0.056197 0.117647
0 0.821166 0.594304 0.054097 0.105509
0 0.458508 0.956583 0.060924 0.084967
0 0.926471 0.498133 0.058824 0.055089
0 0.878676 0.470588 0.056723 0.095238
0 0.946429 0.452848 0.063025 0.056022
0 0.931723 0.377218 0.047269 0.078431
0 0.645483 0.450047 0.044118 0.100840
0 0.548319 0.639589 0.056723 0.098973
0 0.744485 0.299720 0.053046 0.093371
0 0.783613 0.228758 0.059874 0.061625
0 0.717700 0.194678 0.060399 0.060691
0 0.884191 0.224556 0.050945 0.084967
0 0.439863 0.771242 0.068803 0.067227
0 0.840074 0.137722 0.049895 0.088702
0 0.878676 0.071895 0.050420 0.082166
3 0.644958 0.817460 0.019958 0.043884
3 0.933298 0.283847 0.022059 0.041083
3 0.797269 0.321662 0.022059 0.043884
3 0.850578 0.213352 0.019433 0.040149
3 0.690126 0.384687 0.026261 0.041083
3 0.602153 0.578898 0.014181 0.037348
3 0.829569 0.218487 0.024685 0.044818
