0 0.740327 0.503968 0.025298 0.042328
0 0.853051 0.710317 0.023065 0.026455
0 0.837426 0.679894 0.024554 0.031746
0 0.871652 0.592593 0.021577 0.044974
0 0.888393 0.654762 0.020833 0.044974
0 0.125000 0.598545 0.026786 0.038360
0 0.198661 0.491402 0.026786 0.035714
0 0.011905 0.618386 0.023810 0.048942
0 0.853423 0.177249 0.026786 0.031746
1 0.960565 0.117725 0.031250 0.037037
1 0.712054 0.150132 0.020833 0.041005
0 0.738839 0.231481 0.025298 0.023810
0 0.297991 0.229497 0.020089 0.056878
0 0.258929 0.208995 0.020833 0.050265
0 0.248884 0.155423 0.020089 0.054233
0 0.283110 0.151455 0.018601 0.043651
0 0.329985 0.178571 0.023065 0.050265
0 0.095982 0.690476 0.032738 0.037037
0 0.155134 0.645503 0.031994 0.037037
2 0.743304 0.294974 0.063988 0.031746
0 0.596354 0.171958 0.026042 0.042328
3 0.654018 0.287037 0.010417 0.015873
3 0.321429 0.281746 0.014881 0.039683
3 0.806548 0.215608 0.011905 0.021164
3 0.533854 0.902778 0.011161 0.030423
3 0.223586 0.669312 0.011161 0.015873
3 0.323661 0.148148 0.011905 0.034392
3 0.348958 0.226190 0.008929 0.021164
3 0.710193 0.316138 0.015625 0.018519
3 0.953125 0.244048 0.017857 0.019841
0 0.276042 0.532407 0.025298 0.038360
0 0.355283 0.492725 0.024554 0.030423
0 0.338914 0.354497 0.014137 0.047619
0 0.332589 0.277778 0.022321 0.044974
0 0.049107 0.748677 0.026786 0.039683
0 0.218378 0.608466 0.031994 0.037037
0 0.326265 0.579365 0.031994 0.029101
1 0.391369 0.609127 0.029762 0.038360
1 0.452009 0.696429 0.026042 0.038360
0 0.417039 0.433201 0.029018 0.038360
0 0.458333 0.440476 0.023810 0.023810
0 0.519345 0.412698 0.028274 0.029101
3 0.484003 0.388228 0.012649 0.019841
0 0.674851 0.373016 0.026786 0.026455
0 0.646205 0.642857 0.027530 0.039683
0 0.654390 0.679894 0.027530 0.044974
0 0.671875 0.605159 0.025298 0.041005
0 0.683408 0.633598 0.027530 0.044974
0 0.700149 0.560847 0.023810 0.039683
0 0.816964 0.420635 0.025298 0.039683
0 0.798735 0.480159 0.027530 0.044974
0 0.038318 0.217593 0.026042 0.038360
