0 0.726190 0.516534 0.026786 0.041005
0 0.853423 0.708333 0.022321 0.027778
0 0.837426 0.674603 0.027530 0.034392
0 0.871652 0.592593 0.020089 0.047619
0 0.888765 0.648810 0.021577 0.048942
0 0.124256 0.599868 0.029762 0.035714
0 0.197545 0.489418 0.026042 0.034392
0 0.010417 0.620370 0.020833 0.047619
0 0.853051 0.171958 0.027530 0.034392
1 0.959449 0.113757 0.031994 0.042328
0 0.713542 0.148810 0.025298 0.043651
0 0.738839 0.226852 0.031250 0.030423
0 0.295387 0.230159 0.019345 0.055556
0 0.257440 0.208333 0.019345 0.048942
0 0.249256 0.155423 0.019345 0.054233
0 0.282366 0.150794 0.018601 0.044974
0 0.330729 0.179894 0.023065 0.052910
0 0.156622 0.645503 0.029018 0.039683
0 0.193080 0.625000 0.027530 0.033069
2 0.743304 0.296296 0.063988 0.031746
0 0.593750 0.169974 0.026786 0.041005
3 0.340030 0.242725 0.010417 0.030423
0 0.239211 0.536376 0.027530 0.041005
0 0.301339 0.490741 0.020833 0.042328
0 0.424107 0.777116 0.025298 0.046296
0 0.248140 0.589286 0.030506 0.035714
0 0.607143 0.748016 0.028274 0.030423
1 0.662202 0.715608 0.029762 0.039683
1 0.743676 0.601852 0.024554 0.037037
0 0.050967 0.680556 0.029018 0.035714
0 0.182664 0.604497 0.024554 0.031746
0 0.245164 0.564153 0.029018 0.035714
3 0.270833 0.527116 0.013393 0.019841
0 0.309896 0.529762 0.027530 0.041005
0 0.637277 0.655423 0.024554 0.041005
0 0.654390 0.679233 0.026042 0.041005
0 0.667411 0.607804 0.023810 0.041005
0 0.680804 0.635582 0.023810 0.041005
0 0.696801 0.562831 0.026042 0.038360
0 0.707217 0.596561 0.024554 0.037037
0 0.036830 0.218915 0.029018 0.038360
