0 0.031775 0.301120 0.036239 0.060691
0 0.034139 0.239496 0.040966 0.055089
0 0.751838 0.843604 0.039391 0.045752
0 0.552521 0.643324 0.028361 0.061625
0 0.510242 0.853408 0.037290 0.063492
0 0.461134 0.833800 0.034664 0.072829
0 0.620536 0.285247 0.030987 0.066293
3 0.380777 0.881419 0.012605 0.028011
3 0.366071 0.888889 0.010504 0.024276
3 0.390756 0.309524 0.016807 0.023343
0 0.309611 0.588702 0.040441 0.040149
0 0.327731 0.555556 0.037815 0.046685
0 0.337185 0.516807 0.038866 0.045752
0 0.254727 0.557423 0.039916 0.046685
0 0.283088 0.528945 0.037815 0.042017
0 0.289128 0.482726 0.039391 0.046685
0 0.214286 0.527544 0.037815 0.039216
0 0.232405 0.497199 0.040441 0.045752
0 0.241859 0.451914 0.034139 0.041083
0 0.167805 0.503268 0.041492 0.044818
0 0.184874 0.468721 0.039916 0.048553
0 0.200368 0.429972 0.038340 0.045752
0 0.716912 0.676004 0.040966 0.044818
0 0.718225 0.635854 0.036239 0.046685
0 0.720851 0.584967 0.036239 0.040149
0 0.743435 0.553688 0.040441 0.044818
0 0.750525 0.702148 0.034664 0.037348
0 0.777048 0.668067 0.040441 0.047619
0 0.819853 0.647059 0.042017 0.046685
0 0.801471 0.591503 0.040966 0.047619
0 0.790441 0.726424 0.038866 0.044818
0 0.836922 0.756303 0.040441 0.044818
0 0.881303 0.779645 0.043067 0.046685
0 0.925158 0.804388 0.040441 0.047619
0 0.108456 0.378151 0.041492 0.041083
0 0.044380 0.355275 0.041492 0.038282
0 0.110032 0.474323 0.041492 0.048553
0 0.068540 0.442110 0.041492 0.049486
0 0.106092 0.281513 0.038866 0.043884
0 0.168067 0.315593 0.044118 0.050420
0 0.066702 0.281513 0.039916 0.043884
2 0.489233 0.627918 0.029937 0.146592
0 0.953519 0.963585 0.040441 0.052288
1 0.617647 0.375817 0.029412 0.062558
1 0.373687 0.964052 0.043592 0.064426
0 0.726891 0.063492 0.026261 0.061625
0 0.660452 0.737162 0.039391 0.056956
0 0.607143 0.654995 0.027311 0.070028
2 0.480567 0.371615 0.084034 0.070962
0 0.764706 0.018674 0.032563 0.037348
0 0.558298 0.451447 0.028361 0.070028
0 0.572216 0.348273 0.029937 0.061625
0 0.972952 0.831466 0.048845 0.049486
0 0.039916 0.400093 0.025210 0.066293
0 0.013918 0.409430 0.028887 0.043884
