0 0.942752 0.223156 0.063025 0.065359
0 0.892595 0.312792 0.068803 0.057890
0 0.983193 0.575630 0.031513 0.083100
0 0.957195 0.175537 0.059349 0.078431
0 0.880252 0.486461 0.055672 0.093371
0 0.799895 0.253501 0.053571 0.083100
0 0.859769 0.383287 0.054622 0.084967
0 0.809874 0.450514 0.050420 0.088702
0 0.969538 0.663866 0.058824 0.072829
0 0.980305 0.718487 0.037290 0.066293
0 0.966387 0.781979 0.061975 0.066293
0 0.916754 0.701681 0.055147 0.092437
0 0.892332 0.771242 0.065126 0.063492
0 0.825893 0.851541 0.056197 0.098973
0 0.724265 0.421102 0.031513 0.095238
0 0.696166 0.476190 0.053046 0.089636
0 0.652574 0.516807 0.037290 0.099907
0 0.613183 0.474323 0.046744 0.104575
0 0.552258 0.415033 0.053046 0.090570
0 0.494223 0.281979 0.053571 0.091503
0 0.792542 0.989262 0.072479 0.019608
0 0.524685 0.978992 0.059874 0.036415
0 0.516019 0.557890 0.047794 0.114846
0 0.445116 0.475257 0.062500 0.056022
0 0.438288 0.426704 0.059349 0.063492
0 0.500525 0.196545 0.049370 0.094304
0 0.440389 0.112045 0.044643 0.084034
1 0.327206 0.058357 0.063025 0.111111
0 0.348739 0.207750 0.050420 0.066293
0 0.497637 0.660131 0.057248 0.072829
0 0.532826 0.832400 0.059349 0.099907
0 0.446429 0.958917 0.063025 0.080299
3 0.651261 0.784314 0.025210 0.046685
3 0.944853 0.556956 0.022059 0.040149
3 0.759454 0.907563 0.017857 0.056022
