0 0.852307 0.724206 0.021577 0.027778
0 0.836682 0.691799 0.024554 0.031746
0 0.872396 0.608466 0.017113 0.047619
0 0.881696 0.676587 0.013393 0.043651
0 0.124628 0.595899 0.027530 0.033069
0 0.200893 0.487434 0.026786 0.035714
0 0.011161 0.608466 0.022321 0.052910
0 0.857143 0.188492 0.028274 0.030423
1 0.963542 0.132275 0.031250 0.037037
1 0.717262 0.162037 0.020833 0.041005
0 0.740699 0.242063 0.026042 0.023810
0 0.300967 0.228836 0.018601 0.055556
0 0.260417 0.205688 0.019345 0.043651
0 0.252976 0.155423 0.017857 0.051587
0 0.286086 0.150132 0.017113 0.046296
2 0.751860 0.308862 0.064732 0.030423
0 0.597842 0.179894 0.024554 0.039683
0 0.368676 0.159392 0.018601 0.046296
0 0.390253 0.280423 0.018601 0.039683
0 0.408854 0.371032 0.018601 0.046296
0 0.430804 0.487434 0.014881 0.038360
0 0.199405 0.558862 0.026786 0.033069
0 0.464286 0.754630 0.023810 0.051587
0 0.493304 0.878968 0.019345 0.051587
0 0.460565 0.931217 0.016369 0.042328
3 0.341890 0.019841 0.014137 0.023810
3 0.354539 0.072090 0.011161 0.025132
3 0.332589 0.322751 0.014881 0.039683
3 0.377232 0.580026 0.013393 0.022487
3 0.614583 0.663360 0.014881 0.019841
3 0.487351 0.957672 0.010417 0.021164
0 0.890997 0.326058 0.031994 0.033069
0 0.575149 0.398148 0.025298 0.026455
0 0.206473 0.643519 0.030506 0.038360
1 0.236979 0.623016 0.029018 0.029101
1 0.268973 0.607143 0.030506 0.031746
0 0.949777 0.312169 0.031994 0.031746
0 0.604539 0.386243 0.024554 0.023810
0 0.644717 0.386243 0.029018 0.026455
0 0.646949 0.649471 0.027530 0.039683
0 0.654018 0.690476 0.026786 0.039683
0 0.685640 0.595238 0.027530 0.039683
0 0.694196 0.629630 0.026786 0.042328
0 0.404018 0.458995 0.019345 0.052910
0 0.041295 0.210979 0.027530 0.033069
