0 0.032038 0.301120 0.035714 0.060691
0 0.034664 0.239496 0.040966 0.055089
0 0.700368 0.827731 0.038340 0.042017
0 0.533088 0.704949 0.028361 0.061625
0 0.489758 0.882353 0.035189 0.067227
0 0.452206 0.860878 0.034664 0.072829
0 0.638918 0.238562 0.030987 0.064426
3 0.396008 0.820261 0.012605 0.023343
3 0.373424 0.857143 0.010504 0.022409
3 0.423057 0.333800 0.016282 0.023343
0 0.309611 0.588702 0.040441 0.040149
0 0.327994 0.555556 0.038340 0.046685
0 0.337447 0.516807 0.038340 0.045752
0 0.255252 0.556956 0.039916 0.045752
0 0.283351 0.528945 0.038340 0.042017
0 0.289653 0.482726 0.039391 0.046685
0 0.214286 0.528478 0.037815 0.039216
0 0.232931 0.497199 0.040441 0.045752
0 0.242384 0.452381 0.034139 0.042017
0 0.167805 0.503735 0.041492 0.045752
0 0.184874 0.468721 0.039916 0.048553
0 0.200368 0.429972 0.038340 0.045752
0 0.716912 0.676937 0.040966 0.044818
0 0.720851 0.637722 0.036239 0.046685
0 0.720851 0.584967 0.036239 0.040149
0 0.743435 0.554622 0.040441 0.044818
0 0.750525 0.703081 0.034664 0.037348
0 0.782300 0.672736 0.040441 0.047619
0 0.829307 0.654062 0.042017 0.047619
0 0.801471 0.593371 0.040966 0.047619
0 0.790966 0.726424 0.038866 0.044818
0 0.836922 0.757236 0.040441 0.044818
0 0.881565 0.780579 0.042542 0.046685
0 0.925158 0.805322 0.040441 0.047619
0 0.091124 0.369281 0.041492 0.040149
0 0.027574 0.352474 0.041492 0.038282
0 0.110557 0.474323 0.041492 0.048553
0 0.068540 0.442110 0.041492 0.049486
0 0.108718 0.283380 0.038866 0.043884
0 0.168592 0.315593 0.044118 0.050420
0 0.066702 0.281513 0.039916 0.043884
2 0.493697 0.661998 0.026261 0.147526
0 0.874212 0.912232 0.040441 0.052288
0 0.991334 0.941176 0.014181 0.042951
1 0.603466 0.415966 0.029412 0.062558
1 0.382616 0.937442 0.063550 0.115780
0 0.712447 0.109244 0.026786 0.061625
0 0.635242 0.716620 0.036239 0.068161
0 0.601891 0.620915 0.025210 0.069094
2 0.508403 0.365546 0.084034 0.088702
0 0.751576 0.042484 0.032563 0.064426
0 0.570116 0.418768 0.028887 0.068161
0 0.589286 0.304855 0.029412 0.062558
0 0.972952 0.831466 0.048845 0.049486
0 0.039916 0.400093 0.025210 0.066293
0 0.013918 0.409430 0.028887 0.043884
