0 0.026261 0.320728 0.029412 0.066293
0 0.025998 0.256303 0.039391 0.062558
0 0.740809 0.077498 0.027836 0.056022
0 0.747637 0.830065 0.042542 0.046685
0 0.646534 0.321195 0.033613 0.065359
0 0.665704 0.765173 0.040441 0.043884
0 0.551733 0.562092 0.027836 0.057890
0 0.505515 0.595238 0.030987 0.066293
2 0.535189 0.433707 0.075630 0.178338
1 0.600840 0.505135 0.032563 0.070962
0 0.756828 0.518207 0.036765 0.044818
0 0.499212 0.721289 0.030987 0.071895
0 0.592174 0.281979 0.028887 0.061625
0 0.448267 0.869281 0.032038 0.069094
3 0.007616 0.128852 0.013130 0.018674
0 0.690914 0.066293 0.025735 0.052288
0 0.307773 0.588702 0.040966 0.040149
0 0.326155 0.554622 0.037815 0.046685
0 0.334821 0.515406 0.039391 0.044818
0 0.253414 0.557423 0.039391 0.046685
0 0.280987 0.528945 0.037815 0.042017
0 0.287553 0.481793 0.039391 0.046685
0 0.212973 0.525677 0.035189 0.039216
0 0.231355 0.498133 0.040441 0.045752
0 0.240021 0.451914 0.034664 0.039216
0 0.165704 0.507003 0.041492 0.044818
0 0.183036 0.467787 0.040441 0.048553
0 0.199842 0.430439 0.038340 0.044818
0 0.716912 0.672269 0.040966 0.044818
0 0.718225 0.631186 0.036239 0.046685
0 0.723477 0.581232 0.036239 0.040149
0 0.742647 0.555556 0.040966 0.044818
0 0.752101 0.700280 0.034664 0.037348
0 0.771796 0.661531 0.040441 0.047619
0 0.775735 0.615780 0.042017 0.047619
0 0.800158 0.586368 0.041492 0.048553
0 0.789653 0.720822 0.039391 0.044818
0 0.919905 0.699346 0.040441 0.044818
0 0.837973 0.752568 0.040441 0.044818
0 0.880777 0.776844 0.043067 0.046685
0 0.926208 0.800654 0.040441 0.047619
1 0.617122 0.304388 0.047269 0.100840
0 0.647584 0.126984 0.027311 0.061625
0 0.151523 0.406162 0.040441 0.044818
0 0.136029 0.440243 0.040966 0.043884
0 0.107405 0.476190 0.041492 0.048553
0 0.084559 0.370682 0.040966 0.039216
0 0.065389 0.442110 0.041492 0.049486
0 0.102153 0.282446 0.038340 0.043884
0 0.163866 0.313725 0.044118 0.050420
0 0.060924 0.285714 0.037815 0.046685
0 0.664916 0.153595 0.030462 0.062558
2 0.302521 0.335668 0.085084 0.098039
0 0.946691 0.913632 0.038340 0.051354
2 0.129727 0.211951 0.089286 0.089636
0 0.426208 0.833333 0.032038 0.075630
0 0.405462 0.807190 0.030462 0.062558
0 0.972426 0.826797 0.048845 0.049486
0 0.038866 0.402428 0.025210 0.067227
0 0.013130 0.409430 0.027311 0.043884
