0 0.823529 0.443044 0.053571 0.088702
0 0.406513 0.661064 0.066176 0.117647
0 0.667017 0.882353 0.066176 0.061625
0 0.708508 0.798319 0.059874 0.104575
0 0.764968 0.707750 0.056197 0.117647
0 0.823267 0.593838 0.054097 0.104575
0 0.521008 0.861345 0.060924 0.111111
0 0.929622 0.500000 0.058824 0.060691
0 0.879727 0.459384 0.056723 0.097106
0 0.949055 0.459384 0.063025 0.056022
0 0.935399 0.373483 0.047269 0.078431
0 0.648634 0.449113 0.044118 0.100840
0 0.551471 0.639589 0.056723 0.098973
0 0.748162 0.301587 0.053046 0.093371
0 0.787815 0.227358 0.059874 0.062558
0 0.720851 0.193744 0.060399 0.060691
0 0.927521 0.152661 0.051471 0.084967
0 0.441964 0.772642 0.068803 0.066293
0 0.844275 0.143324 0.049895 0.088702
0 0.883403 0.074697 0.050420 0.082166
3 0.588235 0.924837 0.019958 0.043884
3 0.910452 0.335201 0.022584 0.050420
3 0.832983 0.271242 0.022059 0.043884
3 0.878939 0.168534 0.019433 0.040149
3 0.693277 0.379085 0.025210 0.041083
3 0.606355 0.548086 0.014181 0.037348
3 0.834296 0.220822 0.023634 0.043884
