0 0.010767 0.323996 0.020483 0.072829
0 0.011555 0.261905 0.024160 0.066293
2 0.351366 0.979925 0.035714 0.036415
0 0.756040 0.060691 0.025735 0.056022
0 0.399947 0.837068 0.030987 0.075630
0 0.689076 0.181139 0.031513 0.063492
0 0.448792 0.842670 0.027836 0.066293
0 0.465599 0.940710 0.035189 0.070028
0 0.606092 0.367880 0.028361 0.065359
0 0.522059 0.443978 0.031513 0.070028
0 0.561975 0.393091 0.028361 0.059757
0 0.600053 0.242297 0.030987 0.064426
0 0.302784 0.588235 0.044643 0.046685
0 0.321429 0.549486 0.037815 0.047619
0 0.330620 0.512605 0.039391 0.044818
0 0.246061 0.558824 0.039391 0.047619
0 0.275735 0.525210 0.037815 0.042017
0 0.279937 0.477124 0.042017 0.048553
0 0.202994 0.523810 0.037290 0.039216
0 0.221376 0.491597 0.040441 0.045752
0 0.232143 0.447246 0.034664 0.039216
0 0.152311 0.499066 0.043067 0.047619
0 0.171744 0.462652 0.042017 0.049486
0 0.188813 0.426237 0.038340 0.045752
0 0.724790 0.675070 0.040966 0.044818
0 0.725840 0.627918 0.037815 0.047619
0 0.730830 0.578431 0.036239 0.040149
0 0.752363 0.550887 0.040441 0.044818
0 0.761555 0.700280 0.034664 0.037348
0 0.780200 0.663399 0.040441 0.047619
0 0.784139 0.612979 0.042017 0.047619
0 0.812237 0.580766 0.044643 0.050420
0 0.801733 0.722689 0.039391 0.044818
0 0.839286 0.643324 0.040966 0.044818
0 0.850053 0.753035 0.041492 0.047619
0 0.892595 0.672736 0.043592 0.047619
0 0.896008 0.778245 0.044118 0.049486
0 0.943277 0.802521 0.042017 0.047619
0 0.631303 0.809991 0.040966 0.049486
1 0.564863 0.556956 0.037290 0.111111
0 0.460872 0.683007 0.022584 0.068161
1 0.456933 0.513072 0.035714 0.068161
0 0.387605 0.387488 0.037815 0.039216
0 0.137868 0.396825 0.040441 0.044818
0 0.123162 0.434174 0.040441 0.044818
0 0.098477 0.472923 0.041492 0.049486
0 0.087185 0.370682 0.040966 0.039216
0 0.052258 0.438375 0.041492 0.049486
0 0.048319 0.246965 0.040966 0.040149
0 0.108981 0.279645 0.046744 0.051354
0 0.040441 0.280579 0.040966 0.049486
0 0.538866 0.485528 0.031513 0.067227
0 0.658088 0.093838 0.032563 0.068161
0 0.655200 0.173669 0.028887 0.061625
0 0.688025 0.099907 0.028361 0.061625
1 0.636029 0.381419 0.053571 0.120448
0 0.983718 0.830532 0.029412 0.049486
0 0.020483 0.394024 0.025210 0.067227
