0 0.725818 0.516534 0.026042 0.041005
0 0.853423 0.708333 0.022321 0.027778
0 0.837426 0.674603 0.027530 0.034392
0 0.871652 0.592593 0.020089 0.047619
0 0.889509 0.652778 0.021577 0.048942
0 0.124628 0.601190 0.030506 0.035714
0 0.197545 0.489418 0.026042 0.034392
0 0.010417 0.620370 0.020833 0.047619
0 0.853051 0.172619 0.027530 0.035714
1 0.959449 0.113757 0.031994 0.042328
0 0.713542 0.148810 0.025298 0.043651
0 0.738839 0.226852 0.031250 0.030423
0 0.295387 0.230159 0.019345 0.055556
0 0.257440 0.208333 0.019345 0.048942
0 0.249256 0.155423 0.019345 0.054233
0 0.282366 0.150794 0.018601 0.044974
0 0.330729 0.179894 0.023065 0.052910
0 0.155878 0.645503 0.029018 0.039683
0 0.193080 0.625000 0.027530 0.033069
2 0.743304 0.296296 0.063988 0.031746
0 0.593750 0.169974 0.026786 0.041005
3 0.340030 0.242725 0.010417 0.030423
0 0.227679 0.541005 0.026786 0.034392
0 0.295387 0.498016 0.023810 0.041005
0 0.438616 0.822751 0.023065 0.047619
0 0.248140 0.589286 0.030506 0.035714
0 0.624256 0.746693 0.028274 0.030423
1 0.673363 0.702381 0.029762 0.039683
1 0.763393 0.568122 0.023810 0.041005
0 0.024926 0.698413 0.030506 0.037037
0 0.163318 0.615079 0.024554 0.031746
0 0.223586 0.577381 0.029018 0.035714
3 0.261905 0.533730 0.013393 0.019841
0 0.292411 0.538360 0.026786 0.034392
0 0.636533 0.656085 0.024554 0.042328
0 0.653646 0.680556 0.026042 0.041005
0 0.667411 0.607804 0.023810 0.041005
0 0.680804 0.635582 0.023810 0.041005
0 0.696801 0.564153 0.026042 0.038360
0 0.707217 0.596561 0.024554 0.037037
0 0.036086 0.218915 0.029018 0.038360
