0 0.779018 0.451058 0.025298 0.042328
0 0.853051 0.710979 0.023065 0.025132
0 0.837426 0.680556 0.024554 0.030423
0 0.871652 0.595238 0.018601 0.044974
0 0.885417 0.661376 0.019345 0.044974
0 0.122396 0.597884 0.027530 0.034392
0 0.198661 0.491402 0.026786 0.035714
0 0.011905 0.619048 0.023810 0.050265
0 0.853423 0.177249 0.026786 0.031746
1 0.960565 0.117725 0.031250 0.037037
1 0.712054 0.151455 0.020833 0.041005
0 0.738839 0.231481 0.025298 0.023810
0 0.297991 0.229497 0.020089 0.056878
0 0.258929 0.208995 0.020833 0.050265
0 0.248512 0.156085 0.019345 0.055556
0 0.283110 0.152116 0.018601 0.044974
0 0.329613 0.179894 0.023810 0.052910
0 0.036458 0.730159 0.032738 0.042328
0 0.103051 0.676587 0.027530 0.035714
2 0.742188 0.294312 0.064732 0.033069
0 0.596354 0.171958 0.026042 0.042328
3 0.688988 0.310847 0.010417 0.018519
3 0.320685 0.281746 0.014881 0.039683
3 0.802455 0.207011 0.011161 0.019841
3 0.543527 0.789021 0.011161 0.033069
3 0.260789 0.649471 0.011161 0.015873
3 0.328869 0.177249 0.011905 0.034392
3 0.340030 0.168651 0.008929 0.022487
3 0.754836 0.319444 0.017113 0.019841
3 0.982887 0.223545 0.017857 0.018519
0 0.380208 0.455026 0.026786 0.039683
0 0.441592 0.445106 0.024554 0.030423
0 0.333333 0.288360 0.019345 0.055556
0 0.317336 0.199735 0.021577 0.042328
0 0.185640 0.626984 0.031994 0.037037
0 0.273810 0.603836 0.028274 0.033069
1 0.334821 0.582672 0.031250 0.025132
1 0.394345 0.627646 0.026786 0.033069
0 0.494420 0.378968 0.033482 0.038360
0 0.513765 0.412698 0.024554 0.023810
0 0.579241 0.388228 0.030506 0.025132
3 0.558408 0.349868 0.012649 0.017196
0 0.789062 0.349206 0.027530 0.023810
0 0.646205 0.641534 0.027530 0.039683
0 0.653646 0.679233 0.026042 0.043651
0 0.671131 0.602513 0.025298 0.041005
0 0.681176 0.634259 0.027530 0.046296
0 0.697173 0.560847 0.025298 0.039683
0 0.898810 0.343915 0.026786 0.034392
0 0.742932 0.568122 0.023065 0.048942
0 0.038318 0.217593 0.026042 0.038360
