0 0.018382 0.331466 0.027311 0.072829
0 0.014968 0.265640 0.028887 0.066293
2 0.368172 0.926237 0.064076 0.143791
0 0.720851 0.170401 0.023634 0.056956
0 0.718487 0.081699 0.031513 0.062558
0 0.432773 0.739029 0.029412 0.068161
0 0.651786 0.292250 0.031513 0.063492
0 0.626050 0.284781 0.028361 0.061625
0 0.544643 0.382820 0.031513 0.063492
0 0.580620 0.342670 0.027836 0.059757
0 0.622374 0.190943 0.029412 0.062558
0 0.306197 0.588702 0.040966 0.040149
0 0.323529 0.552288 0.037815 0.047619
0 0.332195 0.514472 0.039391 0.044818
0 0.251313 0.558824 0.039391 0.047619
0 0.278887 0.528945 0.037815 0.042017
0 0.284926 0.481793 0.039391 0.046685
0 0.207458 0.525677 0.036765 0.039216
0 0.228729 0.497199 0.040441 0.045752
0 0.237920 0.450047 0.034664 0.039216
0 0.160452 0.504202 0.041492 0.044818
0 0.178309 0.467320 0.040441 0.049486
0 0.194590 0.428571 0.038340 0.044818
0 0.720588 0.673203 0.040966 0.044818
0 0.721901 0.627451 0.036239 0.046685
0 0.727153 0.579365 0.036239 0.040149
0 0.748950 0.551821 0.040966 0.044818
0 0.754202 0.700280 0.034664 0.037348
0 0.777048 0.662465 0.040441 0.047619
0 0.782563 0.612979 0.042017 0.047619
0 0.804884 0.582633 0.044643 0.050420
0 0.793855 0.720822 0.039391 0.044818
0 0.831408 0.644258 0.040966 0.044818
0 0.842700 0.751634 0.040441 0.044818
0 0.893120 0.675537 0.043592 0.045752
0 0.889181 0.776844 0.043067 0.046685
0 0.931985 0.797852 0.040441 0.047619
0 0.565914 0.820261 0.040441 0.051354
1 0.560924 0.514939 0.034664 0.105509
0 0.460872 0.758637 0.026786 0.070028
1 0.479779 0.590570 0.027836 0.071895
0 0.450105 0.410831 0.037815 0.039216
0 0.145746 0.400560 0.040441 0.044818
0 0.130252 0.438375 0.040966 0.043884
0 0.104779 0.476190 0.041492 0.048553
0 0.094013 0.378151 0.040966 0.039216
0 0.060662 0.442110 0.041492 0.049486
0 0.064076 0.254902 0.040966 0.042951
0 0.128939 0.296452 0.046744 0.049486
0 0.047006 0.286181 0.038340 0.049486
0 0.555672 0.426704 0.031513 0.067227
0 0.662290 0.149393 0.028361 0.061625
0 0.698004 0.066293 0.028361 0.061625
1 0.603729 0.487395 0.056197 0.112045
0 0.977416 0.824930 0.042017 0.049486
0 0.030987 0.399627 0.025210 0.067227
0 0.007090 0.409430 0.015231 0.043884
