0 0.731027 0.513889 0.027530 0.041005
0 0.852307 0.710979 0.023065 0.027778
0 0.837426 0.679894 0.024554 0.031746
0 0.871280 0.591931 0.022321 0.043651
0 0.889137 0.652116 0.022321 0.044974
0 0.125000 0.598545 0.026786 0.038360
0 0.198661 0.491402 0.026786 0.035714
0 0.011905 0.618386 0.023810 0.048942
0 0.853423 0.177249 0.026786 0.031746
1 0.960565 0.117725 0.031250 0.037037
1 0.712054 0.150132 0.020833 0.041005
0 0.738839 0.231481 0.025298 0.023810
0 0.297991 0.229497 0.020089 0.056878
0 0.258929 0.208995 0.020833 0.050265
0 0.248884 0.155423 0.020089 0.054233
0 0.283110 0.151455 0.018601 0.043651
0 0.329985 0.177910 0.023065 0.048942
0 0.119792 0.674603 0.028274 0.034392
0 0.172247 0.637566 0.026042 0.034392
2 0.743304 0.295635 0.063988 0.030423
0 0.596354 0.171958 0.026042 0.042328
3 0.644345 0.281746 0.011905 0.015873
3 0.322173 0.281746 0.014881 0.039683
3 0.808036 0.220238 0.011905 0.019841
3 0.530134 0.962963 0.011161 0.029101
3 0.205729 0.679894 0.011161 0.015873
3 0.321057 0.133598 0.012649 0.034392
3 0.351190 0.246693 0.008929 0.019841
3 0.701265 0.307540 0.015625 0.019841
3 0.939732 0.254630 0.017857 0.019841
0 0.219122 0.568122 0.026042 0.035714
0 0.308408 0.514550 0.024554 0.029101
0 0.335193 0.388889 0.014137 0.052910
0 0.338170 0.308201 0.018601 0.044974
0 0.101562 0.718915 0.027530 0.035714
0 0.230283 0.601852 0.031994 0.037037
0 0.355283 0.579365 0.031994 0.031746
1 0.421875 0.634921 0.029762 0.039683
1 0.483259 0.728836 0.026042 0.037037
0 0.378348 0.462302 0.027530 0.035714
0 0.427827 0.457672 0.023810 0.023810
0 0.486607 0.429233 0.028274 0.030423
3 0.449033 0.408069 0.012649 0.019841
0 0.611979 0.382937 0.026042 0.025132
0 0.646205 0.642857 0.027530 0.039683
0 0.654390 0.680556 0.027530 0.043651
0 0.671875 0.605820 0.025298 0.039683
0 0.683036 0.634921 0.026786 0.042328
0 0.698289 0.560185 0.024554 0.041005
0 0.784970 0.472222 0.025298 0.037037
0 0.825893 0.447751 0.026786 0.048942
0 0.038318 0.217593 0.026042 0.038360
