0 0.035714 0.298319 0.032563 0.055089
0 0.040966 0.233894 0.040966 0.051354
0 0.453782 0.955182 0.033613 0.065359
3 0.528361 0.436508 0.014706 0.023343
3 0.351366 0.922969 0.012605 0.025210
3 0.419905 0.639122 0.009979 0.023343
3 0.578519 0.272642 0.014181 0.029879
0 0.310924 0.588702 0.039916 0.040149
0 0.329044 0.556022 0.038340 0.045752
0 0.339548 0.517740 0.038340 0.045752
0 0.256303 0.556956 0.039916 0.045752
0 0.284926 0.528945 0.038340 0.042017
0 0.290179 0.485528 0.039391 0.046685
0 0.216387 0.528478 0.037815 0.037348
0 0.234506 0.497199 0.040441 0.045752
0 0.243960 0.452381 0.034139 0.040149
0 0.168855 0.504669 0.041492 0.045752
0 0.186975 0.468721 0.039916 0.048553
0 0.140494 0.395425 0.038340 0.045752
0 0.716912 0.681606 0.040966 0.044818
0 0.793067 0.686275 0.040966 0.046685
0 0.722164 0.592437 0.036765 0.040149
0 0.742647 0.562092 0.040966 0.044818
0 0.750263 0.707750 0.034139 0.037348
0 0.930935 0.766106 0.040441 0.047619
0 0.950105 0.731559 0.043067 0.047619
0 0.802784 0.597572 0.040441 0.046685
0 0.789653 0.732493 0.038340 0.043884
0 0.836922 0.760971 0.040441 0.044818
0 0.881565 0.786181 0.042542 0.046685
0 0.925158 0.809524 0.040441 0.046685
0 0.015756 0.358077 0.032563 0.038282
0 0.112132 0.473389 0.041492 0.048553
0 0.069853 0.442110 0.038866 0.049486
0 0.120273 0.289916 0.038866 0.043884
0 0.171218 0.316527 0.044118 0.050420
0 0.078256 0.277778 0.039916 0.042017
2 0.450368 0.854342 0.063550 0.149393
0 0.521796 0.840336 0.038340 0.063492
0 0.641544 0.788982 0.035189 0.037348
1 0.526261 0.645658 0.029412 0.062558
1 0.493172 0.629785 0.084034 0.204482
0 0.388918 0.909430 0.030987 0.072829
0 0.458771 0.646592 0.030987 0.064426
0 0.635767 0.403361 0.028887 0.061625
0 0.591387 0.461251 0.025210 0.072829
0 0.622374 0.296919 0.029412 0.065359
2 0.620798 0.211485 0.059874 0.144725
0 0.714286 0.156863 0.032563 0.065359
0 0.744485 0.081232 0.030987 0.061625
0 0.694853 0.092437 0.030462 0.059757
0 0.661239 0.104108 0.029412 0.062558
0 0.972952 0.838002 0.048845 0.049486
0 0.042017 0.400093 0.026261 0.066293
0 0.014443 0.409430 0.029937 0.043884
