0 0.031775 0.301120 0.036239 0.060691
0 0.034139 0.239496 0.040966 0.055089
0 0.787027 0.858543 0.040441 0.049486
0 0.565126 0.603175 0.028361 0.061625
0 0.524160 0.836134 0.039916 0.060691
0 0.468487 0.811391 0.034664 0.072829
0 0.608981 0.316060 0.030987 0.066293
3 0.369223 0.922502 0.012605 0.029879
3 0.361345 0.910364 0.010504 0.026144
3 0.368697 0.293651 0.016807 0.023343
0 0.309349 0.588702 0.039916 0.040149
0 0.327731 0.555556 0.037815 0.046685
0 0.337185 0.516807 0.038866 0.045752
0 0.254727 0.557423 0.039916 0.046685
0 0.282826 0.528945 0.038340 0.042017
0 0.289128 0.482726 0.039391 0.046685
0 0.214286 0.526611 0.037815 0.039216
0 0.232405 0.497199 0.040441 0.045752
0 0.241334 0.451447 0.034139 0.040149
0 0.167279 0.503268 0.041492 0.044818
0 0.184349 0.468721 0.039916 0.048553
0 0.200368 0.429972 0.038340 0.045752
0 0.716912 0.676004 0.040966 0.044818
0 0.718225 0.635854 0.036239 0.046685
0 0.720851 0.584034 0.036239 0.040149
0 0.743435 0.552754 0.040441 0.044818
0 0.750525 0.701214 0.034664 0.037348
0 0.775998 0.667134 0.040441 0.047619
0 0.814076 0.642390 0.042017 0.046685
0 0.800945 0.590570 0.040966 0.047619
0 0.789916 0.726424 0.038866 0.044818
0 0.836922 0.755369 0.040441 0.044818
0 0.881303 0.779645 0.043067 0.046685
0 0.925158 0.803455 0.040441 0.047619
0 0.118697 0.383287 0.040966 0.042017
0 0.055410 0.359010 0.041492 0.040149
0 0.110032 0.475257 0.041492 0.048553
0 0.068015 0.442110 0.041492 0.049486
0 0.104517 0.280579 0.038866 0.043884
0 0.168067 0.315593 0.044118 0.050420
0 0.066702 0.281513 0.039916 0.043884
2 0.483981 0.604575 0.037290 0.146592
0 0.992647 0.980859 0.011555 0.034547
1 0.628676 0.346872 0.029412 0.062558
1 0.367910 0.983660 0.027836 0.027077
0 0.736870 0.039683 0.026261 0.056956
0 0.677521 0.751167 0.042017 0.049486
0 0.615021 0.674136 0.030462 0.069094
2 0.462185 0.375817 0.084034 0.058824
0 0.769433 0.004669 0.032563 0.011204
0 0.551471 0.470121 0.028361 0.070028
0 0.559874 0.378151 0.030462 0.061625
0 0.972426 0.830532 0.048845 0.049486
0 0.039916 0.400093 0.025210 0.066293
0 0.013918 0.409430 0.028887 0.043884
