0 0.375000 0.429972 0.032563 0.060691
0 0.590074 0.771709 0.043592 0.053221
0 0.651786 0.843137 0.044118 0.041083
0 0.658088 0.676937 0.037815 0.072829
0 0.428046 0.741830 0.033613 0.077498
0 0.466124 0.718021 0.029937 0.070962
0 0.390231 0.326797 0.044118 0.048553
0 0.357668 0.629318 0.044118 0.052288
0 0.398109 0.597572 0.038866 0.046685
0 0.417279 0.561625 0.041492 0.049486
0 0.246586 0.563492 0.046744 0.051354
0 0.290966 0.538282 0.044118 0.051354
0 0.259716 0.462652 0.043592 0.051354
0 0.168855 0.511671 0.038340 0.044818
0 0.203782 0.485528 0.044118 0.048553
0 0.202206 0.431373 0.037815 0.044818
0 0.111345 0.485528 0.047269 0.048553
0 0.136029 0.449113 0.043067 0.041083
0 0.155462 0.401494 0.042017 0.046685
0 0.753939 0.681139 0.042542 0.047619
0 0.709296 0.605042 0.041492 0.044818
0 0.691176 0.534547 0.037815 0.042017
0 0.747374 0.517274 0.040966 0.044818
0 0.796481 0.707750 0.033088 0.039216
0 0.810924 0.661531 0.043067 0.047619
0 0.801733 0.599907 0.042542 0.049486
0 0.825630 0.562092 0.045168 0.050420
0 0.841387 0.733427 0.040966 0.047619
0 0.872374 0.640056 0.043067 0.042017
0 0.897059 0.767507 0.046218 0.050420
0 0.943015 0.676937 0.045693 0.048553
0 0.947216 0.794585 0.045693 0.050420
0 0.989496 0.818394 0.018908 0.053221
1 0.729517 0.738562 0.066176 0.070962
0 0.281513 0.317460 0.044118 0.059757
1 0.149685 0.215219 0.043067 0.056956
0 0.007878 0.152194 0.016807 0.048553
0 0.098214 0.377218 0.045168 0.050420
0 0.083508 0.413632 0.040966 0.052288
0 0.053046 0.458450 0.043067 0.048553
0 0.043067 0.348273 0.040966 0.044818
0 0.053309 0.234360 0.048845 0.050420
0 0.933298 0.627451 0.046218 0.054155
0 0.425945 0.833800 0.034664 0.082166
0 0.532826 0.328665 0.046744 0.063492
0 0.653887 0.195145 0.026261 0.069094
0 0.683298 0.126050 0.030462 0.067227
0 0.643382 0.120448 0.032563 0.070962
0 0.707983 0.042951 0.031513 0.067227
3 0.576418 0.184874 0.009979 0.022409
3 0.538340 0.266573 0.012605 0.025210
