0 0.971113 0.455649 0.055672 0.061625
0 0.852153 0.719888 0.063550 0.085901
0 0.890231 0.369281 0.061975 0.077498
0 0.936975 0.514939 0.058824 0.071895
0 0.877363 0.567227 0.057248 0.077498
0 0.962447 0.863679 0.058298 0.087768
0 0.929097 0.921569 0.069328 0.063492
0 0.849265 0.969655 0.063025 0.058824
0 0.791229 0.510271 0.032038 0.101774
0 0.758403 0.560224 0.052521 0.098973
0 0.710609 0.584967 0.036765 0.099907
0 0.674107 0.529412 0.053046 0.104575
0 0.617910 0.448179 0.049895 0.100840
0 0.574580 0.302054 0.047269 0.096172
0 0.568803 0.583567 0.042017 0.115780
0 0.504727 0.477591 0.061975 0.058824
0 0.503151 0.422035 0.059874 0.056022
0 0.589548 0.219888 0.044643 0.094304
0 0.538340 0.116713 0.042017 0.089636
1 0.434611 0.043884 0.057248 0.089636
0 0.438813 0.182073 0.049895 0.056022
0 0.539916 0.676004 0.056723 0.072829
0 0.556460 0.857143 0.063550 0.087768
0 0.456145 0.956116 0.066702 0.085901
3 0.620798 0.910364 0.025210 0.044818
