0 0.709034 0.126050 0.058824 0.072829
0 0.907826 0.154528 0.054097 0.066293
0 0.910189 0.033613 0.038866 0.065359
0 0.935924 0.195612 0.056723 0.071895
0 0.836134 0.291783 0.037815 0.094304
0 0.616334 0.114846 0.041492 0.087768
0 0.694853 0.202614 0.039916 0.089636
0 0.665966 0.291783 0.039916 0.088702
0 0.836397 0.386555 0.060399 0.072829
0 0.865021 0.422969 0.063025 0.059757
0 0.855567 0.492997 0.060924 0.059757
0 0.797269 0.449580 0.043067 0.094304
0 0.794118 0.536881 0.059874 0.067227
0 0.752889 0.647526 0.042542 0.099907
0 0.579569 0.309524 0.040441 0.094304
0 0.566702 0.382820 0.055672 0.080299
0 0.536502 0.442577 0.047794 0.100840
0 0.492122 0.426704 0.031513 0.108310
0 0.423057 0.410364 0.058298 0.081232
0 0.343487 0.314659 0.058824 0.078431
0 0.761029 0.830065 0.070378 0.080299
0 0.558824 0.765640 0.037815 0.117647
0 0.418592 0.563492 0.061975 0.099907
0 0.334296 0.529879 0.062500 0.077498
0 0.317489 0.483660 0.059349 0.080299
0 0.327994 0.229692 0.057248 0.076564
0 0.255515 0.183007 0.055147 0.070962
1 0.133929 0.196078 0.081933 0.095238
0 0.189863 0.323063 0.050945 0.078431
0 0.665704 0.933240 0.053046 0.111111
0 0.424895 0.671802 0.049370 0.088702
0 0.487658 0.809524 0.049895 0.117647
3 0.646534 0.513072 0.018908 0.055089
3 0.809349 0.241830 0.015756 0.044818
3 0.700893 0.615780 0.015231 0.051354
3 0.731618 0.612512 0.017857 0.056022
