0 0.731027 0.515212 0.027530 0.041005
0 0.852307 0.710979 0.023065 0.027778
0 0.837426 0.679894 0.024554 0.031746
0 0.871280 0.591931 0.022321 0.043651
0 0.889137 0.652116 0.022321 0.044974
0 0.125000 0.598545 0.026786 0.038360
0 0.198661 0.491402 0.026786 0.035714
0 0.011905 0.618386 0.023810 0.048942
0 0.853423 0.177249 0.026786 0.031746
1 0.960565 0.117725 0.031250 0.037037
1 0.712054 0.150132 0.020833 0.041005
0 0.738839 0.231481 0.025298 0.023810
0 0.297991 0.229497 0.020089 0.056878
0 0.258929 0.208995 0.020833 0.050265
0 0.248884 0.155423 0.020089 0.054233
0 0.283110 0.151455 0.018601 0.043651
0 0.329985 0.177910 0.023065 0.048942
0 0.121652 0.673280 0.029018 0.034392
0 0.173363 0.637566 0.025298 0.034392
2 0.743304 0.295635 0.063988 0.030423
0 0.596354 0.171958 0.026042 0.042328
3 0.643601 0.280423 0.011905 0.015873
3 0.322173 0.281746 0.014881 0.039683
3 0.808036 0.220899 0.011905 0.021164
3 0.529390 0.967593 0.011161 0.030423
3 0.204241 0.681217 0.011161 0.015873
3 0.321057 0.132275 0.012649 0.034392
3 0.351190 0.248016 0.008929 0.019841
3 0.700521 0.306878 0.015625 0.018519
3 0.938244 0.254630 0.017857 0.019841
0 0.214658 0.573413 0.026042 0.035714
0 0.304688 0.517196 0.024554 0.029101
0 0.334449 0.392196 0.014137 0.051587
0 0.338542 0.310847 0.017857 0.044974
0 0.106027 0.717593 0.027530 0.035714
0 0.231027 0.601852 0.031994 0.037037
0 0.357515 0.580688 0.031994 0.031746
1 0.424479 0.636905 0.030506 0.038360
1 0.486235 0.730820 0.026042 0.038360
0 0.375372 0.464947 0.027530 0.035714
0 0.425595 0.458995 0.023810 0.023810
0 0.483631 0.430556 0.028274 0.030423
3 0.446801 0.409392 0.012649 0.019841
0 0.606399 0.384259 0.026786 0.025132
0 0.646205 0.642857 0.027530 0.039683
0 0.654390 0.680556 0.027530 0.043651
0 0.671875 0.607143 0.025298 0.039683
0 0.682664 0.634921 0.026042 0.042328
0 0.698289 0.560185 0.024554 0.041005
0 0.782738 0.474868 0.025298 0.037037
0 0.828125 0.445106 0.026786 0.048942
0 0.038318 0.217593 0.026042 0.038360
