0 0.595326 0.487862 0.038340 0.105509
0 0.315126 0.799253 0.053571 0.132586
0 0.568015 0.947712 0.049895 0.100840
0 0.609244 0.761438 0.058824 0.096172
0 0.622111 0.662465 0.044643 0.114846
0 0.650998 0.537815 0.037290 0.123249
0 0.670693 0.401961 0.037815 0.103641
0 0.529412 0.605976 0.040966 0.112045
0 0.735557 0.241830 0.046744 0.065359
0 0.685137 0.247432 0.037290 0.100840
0 0.738445 0.189542 0.056723 0.067227
0 0.706408 0.139589 0.032563 0.086835
0 0.491597 0.385621 0.028361 0.093371
0 0.448267 0.636788 0.042542 0.113912
0 0.538078 0.192344 0.037290 0.098973
0 0.545956 0.099440 0.051996 0.084967
0 0.481092 0.117647 0.056723 0.063492
0 0.384716 0.849206 0.068803 0.077498
0 0.574317 0.013539 0.030987 0.028945
3 0.653361 0.238095 0.015756 0.050420
3 0.512605 0.300654 0.019958 0.046685
3 0.589811 0.059290 0.016807 0.045752
