0 0.726935 0.518519 0.026786 0.039683
0 0.852307 0.709656 0.023065 0.027778
0 0.838170 0.678571 0.026042 0.031746
0 0.870164 0.593915 0.018601 0.050265
0 0.887277 0.647487 0.020089 0.046296
0 0.124628 0.598545 0.027530 0.038360
0 0.198661 0.491402 0.026786 0.035714
0 0.011905 0.618386 0.022321 0.048942
0 0.853051 0.175926 0.026042 0.034392
1 0.959821 0.115741 0.031250 0.038360
0 0.711682 0.149471 0.021577 0.042328
0 0.739211 0.230820 0.027530 0.025132
0 0.297619 0.228836 0.019345 0.055556
0 0.258185 0.208333 0.020833 0.048942
0 0.249256 0.155423 0.019345 0.054233
0 0.282366 0.150794 0.018601 0.044974
0 0.331101 0.179894 0.020833 0.052910
0 0.148065 0.655423 0.029762 0.041005
0 0.189360 0.626984 0.030506 0.034392
2 0.742932 0.296296 0.064732 0.031746
0 0.595610 0.171958 0.026042 0.042328
3 0.341518 0.242725 0.010417 0.030423
3 0.636905 0.279101 0.011905 0.015873
3 0.322917 0.281746 0.014881 0.039683
3 0.810640 0.226852 0.012649 0.019841
3 0.177455 0.695767 0.011161 0.015873
3 0.317336 0.112434 0.012649 0.034392
3 0.352679 0.257275 0.010417 0.019841
3 0.688616 0.294312 0.015625 0.019841
3 0.917039 0.275794 0.015625 0.019841
0 0.135789 0.627646 0.027530 0.038360
0 0.237723 0.560847 0.024554 0.031746
0 0.326265 0.431878 0.017113 0.046296
0 0.342634 0.351852 0.014137 0.047619
0 0.179688 0.673280 0.027530 0.031746
0 0.242560 0.595238 0.029762 0.034392
0 0.401414 0.611111 0.029018 0.039683
1 0.475074 0.684524 0.031994 0.046296
1 0.536086 0.761243 0.024554 0.030423
0 0.314360 0.507275 0.029018 0.041005
0 0.382440 0.485450 0.022321 0.026455
0 0.436012 0.456349 0.029762 0.034392
3 0.402530 0.440476 0.011905 0.018519
0 0.517857 0.413360 0.028274 0.030423
0 0.644345 0.645503 0.026786 0.039683
0 0.654390 0.681217 0.027530 0.042328
0 0.670387 0.605159 0.023810 0.041005
0 0.681548 0.634921 0.025298 0.042328
0 0.697545 0.562169 0.024554 0.039683
0 0.748512 0.538360 0.025298 0.037037
0 0.872396 0.392857 0.030506 0.039683
0 0.038690 0.218254 0.028274 0.039683
