0 0.028361 0.307656 0.037815 0.064426
0 0.030987 0.246032 0.040966 0.060691
0 0.669643 0.282913 0.028361 0.061625
0 0.637605 0.788515 0.043067 0.043884
0 0.564076 0.549953 0.034664 0.072829
0 0.563025 0.790850 0.040966 0.048553
0 0.481355 0.762838 0.027836 0.061625
0 0.543855 0.491597 0.030987 0.066293
2 0.588235 0.283380 0.077731 0.178338
1 0.511292 0.762838 0.034139 0.074697
0 0.868960 0.585434 0.035189 0.044818
0 0.436712 0.907563 0.030987 0.070962
0 0.643645 0.141923 0.028887 0.061625
3 0.159139 0.190476 0.016807 0.018674
0 0.308561 0.588702 0.040441 0.040149
0 0.326681 0.554622 0.037815 0.046685
0 0.335609 0.515873 0.038866 0.045752
0 0.253939 0.557423 0.039391 0.046685
0 0.281775 0.528945 0.038340 0.042017
0 0.288078 0.481793 0.039391 0.046685
0 0.213498 0.525677 0.036239 0.039216
0 0.231880 0.497199 0.040441 0.045752
0 0.240021 0.450980 0.034664 0.039216
0 0.166229 0.505135 0.041492 0.044818
0 0.183298 0.468721 0.039916 0.048553
0 0.199842 0.429972 0.038340 0.045752
0 0.716912 0.674136 0.040966 0.044818
0 0.718225 0.633053 0.036239 0.046685
0 0.721901 0.582166 0.036239 0.040149
0 0.743172 0.555556 0.040966 0.044818
0 0.751050 0.700280 0.034664 0.037348
0 0.770221 0.661531 0.040441 0.047619
0 0.786239 0.623249 0.042017 0.047619
0 0.798582 0.588702 0.040441 0.047619
0 0.789391 0.723623 0.038866 0.044818
0 0.837447 0.753501 0.040441 0.044818
0 0.881303 0.778711 0.043067 0.046685
0 0.925683 0.800654 0.040441 0.047619
1 0.654937 0.189076 0.046218 0.099907
0 0.152048 0.407096 0.040441 0.044818
0 0.116859 0.425770 0.040441 0.056022
0 0.108456 0.476190 0.041492 0.048553
0 0.039916 0.352007 0.045168 0.035481
0 0.065914 0.442110 0.041492 0.049486
0 0.102679 0.281513 0.038340 0.043884
0 0.165441 0.314659 0.044118 0.050420
0 0.064338 0.282913 0.039391 0.044818
2 0.408876 0.431373 0.077206 0.117647
1 0.706933 0.114379 0.029412 0.062558
0 0.893382 0.880952 0.042017 0.049486
0 0.769170 0.807190 0.036239 0.049486
2 0.277311 0.295985 0.087185 0.089636
0 0.496061 0.621382 0.028887 0.066293
0 0.481355 0.592904 0.030987 0.057890
0 0.972426 0.828665 0.048845 0.049486
0 0.039391 0.402428 0.025210 0.067227
0 0.013393 0.409430 0.027836 0.043884
