0 0.697545 0.558201 0.024554 0.042328
0 0.762649 0.503307 0.032738 0.043651
0 0.853423 0.708333 0.022321 0.027778
0 0.837426 0.675265 0.027530 0.033069
0 0.870908 0.592593 0.020089 0.047619
0 0.889881 0.658730 0.020833 0.047619
0 0.122768 0.605159 0.031250 0.038360
0 0.196057 0.490079 0.026042 0.035714
0 0.009301 0.622354 0.020089 0.046296
0 0.853051 0.174603 0.027530 0.037037
1 0.959449 0.113757 0.031994 0.042328
0 0.713542 0.148810 0.025298 0.043651
0 0.738839 0.228175 0.031250 0.030423
0 0.293155 0.231481 0.019345 0.055556
0 0.256324 0.208333 0.018601 0.048942
0 0.248884 0.156085 0.018601 0.052910
0 0.281622 0.150794 0.018601 0.044974
0 0.327009 0.181217 0.021577 0.055556
0 0.165179 0.644180 0.026786 0.042328
0 0.212798 0.613095 0.032738 0.035714
0 0.328869 0.092593 0.013393 0.037037
2 0.743304 0.296296 0.063988 0.031746
0 0.593750 0.169974 0.026786 0.041005
3 0.339286 0.240079 0.010417 0.030423
0 0.117188 0.632275 0.026042 0.037037
0 0.202009 0.572751 0.024554 0.037037
0 0.280506 0.571429 0.032738 0.037037
0 0.775298 0.535714 0.023810 0.042328
1 0.845982 0.434524 0.031250 0.046296
1 0.974702 0.329365 0.026786 0.029101
0 0.039807 0.693783 0.029018 0.038360
3 0.164435 0.592593 0.011905 0.021164
0 0.153646 0.625661 0.026042 0.039683
0 0.584821 0.745370 0.023810 0.041005
0 0.603795 0.820767 0.023065 0.048942
0 0.620536 0.681217 0.023810 0.042328
0 0.654762 0.678571 0.025298 0.042328
0 0.664062 0.613757 0.026042 0.039683
0 0.688616 0.628307 0.024554 0.042328
0 0.034598 0.220899 0.029018 0.037037
