0 0.779937 0.181606 0.064076 0.066293
0 0.976628 0.256769 0.044643 0.059757
0 0.988971 0.136321 0.021008 0.078431
0 0.898109 0.386555 0.042017 0.093371
0 0.861607 0.176471 0.042542 0.089636
0 0.687500 0.154995 0.047269 0.087768
0 0.756565 0.256769 0.045693 0.087768
0 0.719013 0.337535 0.043067 0.088702
0 0.891282 0.485061 0.066176 0.071895
0 0.919905 0.529879 0.066702 0.068161
0 0.904412 0.594304 0.070378 0.066293
0 0.846113 0.535481 0.047269 0.094304
0 0.834034 0.611578 0.065126 0.059757
0 0.782038 0.716620 0.046218 0.099907
0 0.634979 0.340803 0.033613 0.095238
0 0.617384 0.407096 0.056197 0.080299
0 0.583508 0.463585 0.047269 0.099907
0 0.539391 0.434641 0.035714 0.105509
0 0.474265 0.402428 0.056723 0.084034
0 0.398109 0.291783 0.056723 0.083100
0 0.780987 0.908964 0.072479 0.094304
0 0.565126 0.860878 0.040966 0.123249
0 0.453256 0.554622 0.055672 0.106443
0 0.375263 0.506536 0.062500 0.075630
0 0.359506 0.457516 0.059349 0.078431
0 0.393645 0.204482 0.054097 0.091503
0 0.322216 0.143324 0.049895 0.079365
1 0.203782 0.126050 0.070378 0.106443
0 0.245536 0.271709 0.050945 0.078431
0 0.676471 0.962185 0.056723 0.073763
0 0.448792 0.665266 0.050945 0.084967
0 0.503939 0.817460 0.054097 0.107376
0 0.438550 0.962652 0.052521 0.067227
3 0.657038 0.609711 0.025210 0.056022
3 0.917542 0.232960 0.018908 0.043884
3 0.779149 0.577498 0.019433 0.043884
3 0.754727 0.719888 0.017857 0.056022
