0 0.035189 0.298319 0.032563 0.055089
0 0.039653 0.235294 0.040441 0.052288
0 0.462185 0.937442 0.033613 0.065359
3 0.519433 0.457983 0.014706 0.023343
3 0.345588 0.939776 0.012605 0.025210
3 0.416754 0.651727 0.009979 0.022409
3 0.572742 0.281979 0.014181 0.029879
0 0.310924 0.588702 0.039916 0.040149
0 0.329044 0.556022 0.038340 0.045752
0 0.339286 0.517740 0.038866 0.045752
0 0.256303 0.556956 0.039916 0.045752
0 0.284926 0.528945 0.038340 0.042017
0 0.290179 0.485528 0.039391 0.046685
0 0.215861 0.528478 0.037815 0.037348
0 0.234506 0.497199 0.040441 0.045752
0 0.243960 0.452381 0.034139 0.040149
0 0.168855 0.504669 0.041492 0.045752
0 0.186975 0.468721 0.039916 0.048553
0 0.148897 0.401027 0.038340 0.045752
0 0.716912 0.681606 0.040966 0.044818
0 0.784664 0.681606 0.040966 0.046685
0 0.722164 0.591503 0.036765 0.040149
0 0.742647 0.561158 0.040966 0.044818
0 0.750263 0.707750 0.034139 0.037348
0 0.915704 0.756769 0.040441 0.047619
0 0.939338 0.724090 0.043592 0.047619
0 0.802784 0.597572 0.040441 0.046685
0 0.789653 0.732493 0.038340 0.043884
0 0.836922 0.760971 0.040441 0.044818
0 0.881565 0.786181 0.042542 0.046685
0 0.925158 0.809057 0.040441 0.045752
0 0.016282 0.356209 0.033613 0.038282
0 0.112132 0.473389 0.041492 0.048553
0 0.069590 0.442110 0.039391 0.049486
0 0.119748 0.289916 0.038866 0.043884
0 0.171218 0.316527 0.044118 0.050420
0 0.077206 0.278245 0.039916 0.041083
2 0.454307 0.843137 0.064076 0.149393
0 0.534401 0.830065 0.038340 0.057890
0 0.659926 0.792717 0.035189 0.037348
1 0.530987 0.631653 0.029412 0.062558
1 0.486345 0.651261 0.084034 0.204482
0 0.379989 0.940243 0.030987 0.074697
0 0.446166 0.683007 0.030987 0.064426
0 0.640756 0.387021 0.028361 0.062558
0 0.590599 0.479925 0.024685 0.072829
0 0.617384 0.324463 0.027836 0.066293
2 0.617122 0.220822 0.059874 0.144725
0 0.714811 0.154995 0.032563 0.065359
0 0.746061 0.077498 0.030987 0.061625
0 0.688025 0.109244 0.030462 0.059757
0 0.658088 0.113445 0.029412 0.062558
0 0.972952 0.838002 0.048845 0.049486
0 0.041754 0.400093 0.025735 0.066293
0 0.014443 0.409430 0.029937 0.043884
