0 0.965336 0.828198 0.055672 0.067227
0 0.888130 0.711485 0.048319 0.106443
0 0.842174 0.736695 0.041492 0.112045
0 0.787290 0.732493 0.038866 0.116713
0 0.761292 0.660598 0.066702 0.086835
0 0.716649 0.540616 0.040441 0.113912
0 0.701681 0.380486 0.037815 0.103641
0 0.647584 0.648459 0.039916 0.122316
0 0.605830 0.521942 0.062500 0.080299
0 0.606880 0.458450 0.059349 0.072829
0 0.736870 0.314659 0.043067 0.098973
0 0.691439 0.183473 0.035189 0.092437
1 0.609244 0.052288 0.049370 0.106443
0 0.594013 0.200280 0.049370 0.058824
0 0.608193 0.735294 0.061975 0.077498
0 0.588498 0.911298 0.063550 0.074697
0 0.477679 0.948179 0.069853 0.071895
