0 0.730283 0.516534 0.027530 0.041005
0 0.852307 0.711640 0.023065 0.029101
0 0.838170 0.679894 0.024554 0.031746
0 0.871652 0.591931 0.023065 0.043651
0 0.886905 0.652778 0.016369 0.046296
0 0.125000 0.598545 0.026786 0.038360
0 0.198661 0.491402 0.026786 0.035714
0 0.012277 0.618386 0.023065 0.048942
0 0.854167 0.177249 0.026786 0.031746
1 0.960565 0.117725 0.031250 0.037037
0 0.712054 0.150132 0.020833 0.041005
0 0.739583 0.231481 0.025298 0.023810
0 0.298735 0.229497 0.020089 0.056878
0 0.258929 0.208995 0.020833 0.050265
0 0.249628 0.155423 0.020089 0.054233
0 0.283854 0.151455 0.018601 0.043651
0 0.330357 0.177910 0.022321 0.048942
0 0.125372 0.669312 0.030506 0.034392
0 0.175967 0.636243 0.027530 0.034392
2 0.743676 0.296296 0.063244 0.029101
0 0.597098 0.173280 0.026042 0.042328
3 0.342262 0.242725 0.010417 0.030423
3 0.640625 0.280423 0.011905 0.015873
3 0.322173 0.281746 0.014881 0.039683
3 0.808408 0.220899 0.012649 0.021164
3 0.201265 0.682540 0.011161 0.015873
3 0.320312 0.130952 0.012649 0.034392
3 0.351190 0.249339 0.008929 0.019841
3 0.699033 0.305556 0.015625 0.018519
3 0.936012 0.257275 0.017857 0.019841
0 0.207217 0.579365 0.029018 0.039683
0 0.297247 0.521825 0.024554 0.027778
0 0.333333 0.396825 0.014881 0.050265
0 0.339658 0.316138 0.017113 0.044974
0 0.113095 0.711640 0.026786 0.037037
0 0.232515 0.601852 0.031994 0.037037
0 0.361979 0.582011 0.031994 0.031746
1 0.429688 0.642196 0.030506 0.038360
1 0.491443 0.736111 0.026042 0.038360
0 0.369420 0.470238 0.027530 0.035714
0 0.421131 0.461640 0.023810 0.023810
0 0.478423 0.433201 0.028274 0.030423
3 0.443080 0.412037 0.012649 0.019841
0 0.595610 0.386905 0.027530 0.025132
0 0.646205 0.644180 0.027530 0.039683
0 0.654390 0.681878 0.027530 0.043651
0 0.672247 0.608466 0.024554 0.039683
0 0.682292 0.634921 0.025298 0.042328
0 0.697545 0.562831 0.024554 0.041005
0 0.778274 0.485450 0.025298 0.037037
0 0.832961 0.439815 0.026042 0.048942
3 0.530134 0.977513 0.008185 0.023810
0 0.038690 0.218254 0.026786 0.039683
