0 0.926733 0.846405 0.054097 0.109244
0 0.878676 0.853875 0.040966 0.112979
0 0.825368 0.863679 0.050945 0.117647
0 0.801471 0.760971 0.069328 0.080299
0 0.766282 0.630252 0.034664 0.117647
0 0.760767 0.447246 0.035189 0.106443
0 0.685924 0.711951 0.040966 0.126050
0 0.654674 0.577031 0.060399 0.089636
0 0.676733 0.531746 0.056197 0.088702
0 0.800158 0.399160 0.043592 0.103641
0 0.773634 0.257236 0.034664 0.096172
1 0.696166 0.092437 0.044643 0.117647
0 0.665441 0.241363 0.049370 0.064426
0 0.633141 0.777778 0.061450 0.087768
0 0.599790 0.944444 0.063025 0.062558
0 0.485294 0.946779 0.072479 0.067227
0 0.408613 0.946779 0.072479 0.072829
0 0.290704 0.926237 0.061450 0.104575
0 0.221113 0.924837 0.071429 0.066293
0 0.138918 0.908497 0.075105 0.057890
0 0.036502 0.899627 0.074055 0.055089
