0 0.853051 0.709656 0.024554 0.030423
0 0.837798 0.675926 0.026786 0.031746
0 0.869792 0.592593 0.020833 0.050265
0 0.887649 0.656746 0.020833 0.048942
0 0.896577 0.396164 0.032738 0.041005
0 0.864583 0.409392 0.026786 0.043651
0 0.123512 0.605159 0.031250 0.035714
0 0.196057 0.493386 0.029018 0.037037
0 0.009673 0.621693 0.020833 0.050265
0 0.851562 0.174603 0.029018 0.034392
1 0.956473 0.114418 0.034970 0.041005
0 0.712426 0.150794 0.026042 0.044974
0 0.737351 0.230820 0.031250 0.030423
0 0.296503 0.232143 0.020089 0.056878
0 0.255952 0.208995 0.017857 0.050265
0 0.247396 0.158069 0.020089 0.051587
0 0.279762 0.151455 0.019345 0.048942
0 0.328497 0.191799 0.021577 0.055556
0 0.314360 0.132937 0.020089 0.054233
0 0.304688 0.065476 0.021577 0.054233
0 0.328869 0.009259 0.020833 0.021164
0 0.353423 0.220238 0.014881 0.038360
0 0.885789 0.309524 0.031994 0.037037
2 0.741071 0.296296 0.066964 0.037037
0 0.592262 0.171958 0.028274 0.042328
0 0.071801 0.756614 0.031994 0.034392
3 0.364955 0.404101 0.011161 0.033069
3 0.102679 0.722222 0.016369 0.018519
3 0.373140 0.702381 0.011161 0.023810
3 0.529018 0.760582 0.010417 0.021164
0 0.563244 0.734127 0.013393 0.021164
0 0.420387 0.185847 0.014881 0.017196
