0 0.022321 0.335201 0.027836 0.072829
0 0.020483 0.270308 0.033613 0.066293
0 0.966387 0.876284 0.040966 0.043884
0 0.686450 0.172736 0.027311 0.056022
0 0.386029 0.946779 0.031513 0.069094
2 0.427258 0.747899 0.075105 0.186741
1 0.756828 0.032680 0.031513 0.059757
0 0.680672 0.342670 0.022059 0.059757
0 0.641544 0.303922 0.030987 0.062558
0 0.490546 0.567694 0.028361 0.061625
0 0.584034 0.495798 0.031513 0.063492
0 0.656775 0.182540 0.027836 0.056956
0 0.600578 0.236228 0.030987 0.063492
0 0.617910 0.249767 0.025735 0.055089
0 0.661502 0.083567 0.027836 0.062558
0 0.306723 0.588702 0.040966 0.040149
0 0.325105 0.554155 0.037815 0.047619
0 0.333246 0.514472 0.039391 0.044818
0 0.252363 0.557890 0.039391 0.047619
0 0.279412 0.528945 0.037815 0.042017
0 0.285452 0.481793 0.039391 0.046685
0 0.212185 0.526144 0.034664 0.040149
0 0.231355 0.498133 0.040441 0.045752
0 0.240021 0.450980 0.034664 0.039216
0 0.164128 0.506069 0.041492 0.044818
0 0.182773 0.467320 0.040966 0.049486
0 0.199317 0.430439 0.038340 0.044818
0 0.716912 0.671335 0.040966 0.044818
0 0.719275 0.628385 0.036239 0.046685
0 0.726103 0.580299 0.036239 0.040149
0 0.745273 0.550887 0.040966 0.044818
0 0.753676 0.700280 0.034664 0.037348
0 0.775473 0.662465 0.040441 0.047619
0 0.778887 0.612979 0.042017 0.047619
0 0.803309 0.584034 0.043592 0.049486
0 0.792279 0.720822 0.039391 0.044818
0 0.827731 0.646125 0.040966 0.044818
0 0.840599 0.751634 0.040441 0.044818
0 0.880777 0.774043 0.043067 0.046685
0 0.926733 0.797852 0.040441 0.047619
0 0.462710 0.925303 0.036765 0.065359
1 0.573004 0.442110 0.040966 0.105509
0 0.423582 0.912232 0.030987 0.070962
1 0.476103 0.722222 0.025735 0.071895
0 0.545168 0.346872 0.032563 0.058824
0 0.149422 0.403361 0.040441 0.044818
0 0.134979 0.440243 0.040966 0.043884
0 0.105830 0.476190 0.041492 0.048553
0 0.101366 0.380952 0.040966 0.039216
0 0.064338 0.442110 0.041492 0.049486
0 0.091912 0.273576 0.038866 0.044818
0 0.146796 0.305789 0.044643 0.049486
0 0.053571 0.289916 0.035714 0.049486
0 0.593487 0.332400 0.031513 0.067227
0 0.689601 0.070495 0.026261 0.062558
1 0.537815 0.690009 0.055672 0.123249
3 0.594538 0.158730 0.010504 0.026144
2 0.057511 0.180205 0.085609 0.084034
0 0.972426 0.824930 0.048845 0.049486
0 0.037290 0.401494 0.025210 0.067227
0 0.009716 0.409430 0.020483 0.043884
