0 0.033351 0.301120 0.034139 0.060691
0 0.036765 0.238095 0.039916 0.056022
0 0.518645 0.844538 0.038340 0.055089
0 0.453256 0.934174 0.028361 0.062558
3 0.471639 0.581699 0.012605 0.022409
3 0.402311 0.725490 0.010504 0.022409
3 0.533876 0.333333 0.015231 0.026144
0 0.310399 0.588702 0.039916 0.040149
0 0.328519 0.556022 0.038340 0.045752
0 0.338498 0.517740 0.038340 0.045752
0 0.255777 0.556956 0.039916 0.045752
0 0.284401 0.528945 0.038340 0.042017
0 0.290179 0.484594 0.039391 0.046685
0 0.215336 0.528945 0.037815 0.038282
0 0.233981 0.497199 0.040441 0.045752
0 0.243960 0.453315 0.034139 0.042017
0 0.168330 0.504669 0.041492 0.045752
0 0.185924 0.468721 0.039916 0.048553
0 0.187763 0.424370 0.038340 0.045752
0 0.716912 0.679739 0.040966 0.044818
0 0.752101 0.659664 0.040966 0.047619
0 0.720851 0.587768 0.036239 0.040149
0 0.742910 0.559290 0.040441 0.044818
0 0.750263 0.705882 0.034139 0.037348
0 0.846639 0.712885 0.040966 0.047619
0 0.886292 0.692344 0.043592 0.047619
0 0.801996 0.597572 0.040966 0.046685
0 0.790441 0.730159 0.038866 0.044818
0 0.836922 0.759104 0.040441 0.044818
0 0.881565 0.784314 0.042542 0.046685
0 0.925158 0.807656 0.040441 0.046685
0 0.026261 0.353408 0.042017 0.040149
0 0.111082 0.473389 0.041492 0.048553
0 0.069328 0.442110 0.039916 0.049486
0 0.117122 0.288049 0.038866 0.043884
0 0.170168 0.316527 0.044118 0.050420
0 0.071429 0.280112 0.039916 0.041083
2 0.475053 0.780579 0.060399 0.145658
0 0.618960 0.795051 0.037290 0.042017
0 0.770746 0.825397 0.035189 0.037348
1 0.554097 0.561625 0.029412 0.062558
1 0.444065 0.774977 0.080357 0.211018
0 0.379989 0.881419 0.030987 0.067227
0 0.662815 0.289916 0.026261 0.062558
0 0.593750 0.578898 0.020483 0.072829
0 0.599265 0.461251 0.024160 0.069094
2 0.591124 0.275444 0.065651 0.136321
0 0.717437 0.143791 0.032563 0.065359
0 0.753414 0.057890 0.030987 0.061625
0 0.643908 0.226891 0.028361 0.063492
0 0.639706 0.166667 0.029412 0.062558
0 0.972952 0.835201 0.048845 0.049486
0 0.039391 0.401027 0.025210 0.066293
0 0.014181 0.409430 0.029412 0.043884
