0 0.852307 0.713624 0.023065 0.025132
0 0.836682 0.681878 0.024554 0.027778
0 0.870908 0.598545 0.018601 0.046296
0 0.879464 0.688492 0.016369 0.046296
0 0.124256 0.601190 0.026786 0.033069
0 0.198661 0.490079 0.026786 0.035714
0 0.012649 0.619709 0.023810 0.048942
0 0.853423 0.179894 0.026786 0.031746
1 0.960565 0.120370 0.031250 0.037037
1 0.712798 0.154101 0.020833 0.041005
0 0.738467 0.231481 0.026042 0.023810
0 0.298363 0.229497 0.019345 0.056878
0 0.259301 0.208995 0.020089 0.050265
0 0.248512 0.156746 0.019345 0.054233
0 0.283110 0.152116 0.018601 0.044974
0 0.329985 0.179894 0.023065 0.055556
2 0.741443 0.300926 0.063244 0.033069
0 0.595610 0.171958 0.026042 0.042328
0 0.077381 0.667989 0.028274 0.034392
0 0.248884 0.567460 0.029018 0.031746
0 0.172991 0.606481 0.026042 0.035714
3 0.844866 0.308201 0.012649 0.015873
3 0.319940 0.281746 0.014881 0.039683
3 0.017113 0.693122 0.014881 0.021164
3 0.802455 0.210317 0.011161 0.021164
3 0.595982 0.677910 0.014881 0.019841
3 0.360491 0.653439 0.011161 0.021164
3 0.339658 0.232804 0.011161 0.034392
3 0.922619 0.269841 0.017857 0.018519
0 0.563244 0.350529 0.029762 0.031746
0 0.571429 0.392857 0.025298 0.026455
0 0.286086 0.039683 0.018601 0.047619
0 0.017857 0.738095 0.029762 0.034392
0 0.206845 0.647487 0.031250 0.038360
1 0.236235 0.628307 0.027530 0.029101
1 0.273810 0.607804 0.029762 0.033069
0 0.614211 0.340608 0.030506 0.030423
0 0.597098 0.381614 0.027530 0.022487
0 0.639509 0.380952 0.029018 0.026455
3 0.795387 0.343915 0.014881 0.015873
0 0.647693 0.645503 0.027530 0.039683
0 0.654018 0.682540 0.026786 0.042328
0 0.671131 0.605820 0.026786 0.042328
0 0.684152 0.632937 0.027530 0.046296
0 0.702753 0.556217 0.026042 0.038360
0 0.602679 0.751984 0.026786 0.033069
0 0.038690 0.216931 0.025298 0.037037
