0 0.025735 0.331933 0.027311 0.070028
0 0.022847 0.262838 0.035189 0.066293
0 0.835872 0.882820 0.041492 0.051354
0 0.695378 0.179739 0.031513 0.066293
0 0.751313 0.777311 0.040441 0.043884
0 0.593750 0.443511 0.027836 0.056022
0 0.472164 0.690943 0.031513 0.070962
2 0.502101 0.528945 0.075630 0.178338
1 0.656513 0.337068 0.030462 0.067227
0 0.709296 0.480859 0.034139 0.050420
0 0.546481 0.587768 0.030987 0.068161
0 0.558824 0.374416 0.028361 0.061625
0 0.490284 0.750233 0.032038 0.068161
0 0.700893 0.059290 0.026786 0.058824
0 0.665704 0.129785 0.025735 0.052288
0 0.307511 0.588702 0.040441 0.040149
0 0.325893 0.554155 0.038340 0.047619
0 0.334296 0.515406 0.039391 0.044818
0 0.252889 0.557890 0.039391 0.047619
0 0.280462 0.528945 0.037815 0.042017
0 0.287027 0.481793 0.039391 0.046685
0 0.212185 0.525677 0.034664 0.039216
0 0.231355 0.498133 0.040441 0.045752
0 0.240021 0.451914 0.034664 0.039216
0 0.164653 0.507003 0.041492 0.044818
0 0.183036 0.467787 0.040441 0.048553
0 0.199317 0.430439 0.038340 0.044818
0 0.716912 0.672269 0.040966 0.044818
0 0.718225 0.630252 0.036239 0.046685
0 0.724002 0.581232 0.036239 0.040149
0 0.742647 0.551821 0.040966 0.044818
0 0.752626 0.700280 0.034664 0.037348
0 0.772847 0.661531 0.040441 0.047619
0 0.774685 0.613912 0.042017 0.047619
0 0.800945 0.585434 0.042017 0.048553
0 0.790179 0.720822 0.039391 0.044818
0 0.876838 0.674136 0.040441 0.044818
0 0.838498 0.751634 0.040441 0.044818
0 0.880777 0.775910 0.043067 0.046685
0 0.926733 0.799720 0.040441 0.047619
1 0.597426 0.360878 0.046744 0.105509
1 0.429359 0.909897 0.032038 0.077498
0 0.622374 0.194211 0.027311 0.061625
0 0.150998 0.405229 0.040441 0.044818
0 0.137605 0.440243 0.040966 0.043884
0 0.106880 0.476190 0.041492 0.048553
0 0.099265 0.378151 0.040966 0.039216
0 0.064863 0.442110 0.041492 0.049486
0 0.101628 0.282446 0.038340 0.043884
0 0.163340 0.313725 0.044118 0.050420
0 0.058824 0.287582 0.036765 0.048553
0 0.639706 0.216153 0.030462 0.062558
1 0.459559 0.923903 0.056723 0.127918
2 0.227416 0.281979 0.087185 0.093371
2 0.044905 0.167134 0.075105 0.082166
0 0.369485 0.980392 0.032038 0.037348
0 0.354517 0.960317 0.030462 0.062558
0 0.972426 0.826797 0.048845 0.049486
0 0.038340 0.401494 0.025210 0.067227
0 0.012605 0.409430 0.026261 0.043884
