0 0.016544 0.329599 0.025735 0.072829
0 0.014181 0.265640 0.028361 0.066293
2 0.362920 0.940243 0.053571 0.113912
0 0.729779 0.142390 0.024685 0.056956
0 0.728729 0.054622 0.030987 0.058824
0 0.424632 0.762838 0.029937 0.067227
0 0.661239 0.264239 0.031513 0.063492
0 0.621849 0.303455 0.028361 0.061625
0 0.537815 0.401494 0.031513 0.063492
0 0.575368 0.356676 0.027836 0.059757
0 0.617122 0.204482 0.030462 0.061625
0 0.305147 0.588702 0.042017 0.040149
0 0.323004 0.551354 0.037815 0.047619
0 0.332195 0.514472 0.039391 0.044818
0 0.249737 0.558824 0.039391 0.047619
0 0.278887 0.528945 0.037815 0.042017
0 0.284926 0.481793 0.039391 0.046685
0 0.206933 0.525677 0.036765 0.039216
0 0.226628 0.495331 0.040441 0.045752
0 0.236345 0.449113 0.034664 0.039216
0 0.158613 0.503268 0.042017 0.044818
0 0.177258 0.467320 0.040441 0.049486
0 0.193015 0.428105 0.038340 0.045752
0 0.721639 0.673203 0.040966 0.044818
0 0.721901 0.627451 0.036239 0.046685
0 0.727153 0.579365 0.036239 0.040149
0 0.749475 0.551821 0.040966 0.044818
0 0.755777 0.700280 0.034664 0.037348
0 0.777574 0.662465 0.040441 0.047619
0 0.783088 0.612979 0.042017 0.047619
0 0.805935 0.581699 0.044643 0.050420
0 0.795431 0.720822 0.039391 0.044818
0 0.833508 0.644258 0.040966 0.044818
0 0.844013 0.751634 0.040966 0.044818
0 0.889968 0.673669 0.043592 0.045752
0 0.890231 0.777778 0.043067 0.046685
0 0.934611 0.798786 0.040441 0.047619
0 0.582458 0.814659 0.040966 0.049486
1 0.559874 0.525210 0.032563 0.105509
0 0.462710 0.740896 0.024160 0.068161
1 0.477941 0.572829 0.028361 0.071895
0 0.434349 0.409897 0.037815 0.039216
0 0.143645 0.399627 0.040441 0.044818
0 0.128676 0.436975 0.040966 0.044818
0 0.104779 0.476190 0.041492 0.048553
0 0.092962 0.378151 0.040966 0.039216
0 0.060137 0.442110 0.041492 0.049486
0 0.059874 0.252568 0.040966 0.042017
0 0.123687 0.291783 0.046744 0.049486
0 0.045956 0.285247 0.039391 0.049486
0 0.550945 0.441643 0.031513 0.067227
0 0.659926 0.155929 0.028887 0.061625
0 0.694853 0.076564 0.028361 0.061625
1 0.611345 0.459384 0.054622 0.113912
0 0.978992 0.825864 0.038866 0.049486
0 0.028887 0.398693 0.025210 0.067227
0 0.006828 0.409430 0.014706 0.043884
