0 0.353729 0.979458 0.030987 0.039216
0 0.740546 0.040616 0.031513 0.058824
0 0.457458 0.709150 0.022059 0.070028
0 0.452731 0.948646 0.033613 0.070962
0 0.509454 0.875350 0.037815 0.066293
0 0.595851 0.497199 0.022584 0.068161
0 0.499212 0.520075 0.030987 0.072829
0 0.536765 0.469188 0.028361 0.060691
0 0.562237 0.310924 0.035189 0.065359
0 0.304097 0.591970 0.047269 0.052288
0 0.317227 0.548553 0.037815 0.047619
0 0.327994 0.508870 0.039391 0.044818
0 0.239233 0.557890 0.039391 0.047619
0 0.269958 0.521475 0.038866 0.042017
0 0.272847 0.471055 0.044643 0.049486
0 0.193277 0.521475 0.038866 0.042017
0 0.212710 0.488796 0.043067 0.047619
0 0.224265 0.444444 0.034664 0.039216
0 0.141807 0.497666 0.044118 0.048553
0 0.160977 0.457049 0.044643 0.049486
0 0.179884 0.420635 0.039391 0.045752
0 0.734506 0.676937 0.042542 0.048553
0 0.733456 0.628852 0.039391 0.047619
0 0.737132 0.576097 0.037290 0.041083
0 0.759454 0.547152 0.040966 0.044818
0 0.771008 0.703081 0.034664 0.037348
0 0.790704 0.663399 0.040441 0.047619
0 0.794118 0.615313 0.042017 0.046685
0 0.824055 0.579365 0.046218 0.051354
0 0.811712 0.726424 0.039391 0.044818
0 0.850840 0.646125 0.040966 0.044818
0 0.862920 0.757236 0.044118 0.050420
0 0.906513 0.673669 0.045168 0.049486
0 0.910714 0.782913 0.045168 0.055089
0 0.959559 0.811391 0.043067 0.050420
0 0.737395 0.847339 0.042017 0.049486
1 0.588235 0.617180 0.052521 0.106443
0 0.440914 0.575163 0.027836 0.067227
1 0.393908 0.417367 0.040966 0.059757
0 0.288340 0.330999 0.037815 0.045752
0 0.127363 0.392157 0.040441 0.044818
0 0.111082 0.428105 0.043592 0.047619
0 0.083771 0.466853 0.043592 0.050420
0 0.074580 0.366013 0.040966 0.039216
0 0.040704 0.437908 0.042542 0.054155
0 0.029674 0.234827 0.040441 0.040149
0 0.087973 0.261905 0.047794 0.053221
0 0.024947 0.266573 0.038340 0.049486
0 0.510242 0.570962 0.032038 0.071895
0 0.631828 0.165733 0.031513 0.068161
0 0.647059 0.203548 0.028361 0.061625
0 0.678834 0.127451 0.028887 0.064426
1 0.682773 0.245565 0.056723 0.123249
0 0.992647 0.837068 0.011555 0.049486
0 0.010504 0.388422 0.022059 0.067227
