0 0.035189 0.299253 0.032563 0.055089
0 0.038603 0.236695 0.039391 0.055089
0 0.474527 0.910831 0.034139 0.066293
3 0.506040 0.491597 0.014181 0.023343
3 0.337185 0.964986 0.012605 0.025210
3 0.413078 0.671335 0.009979 0.022409
3 0.564863 0.297852 0.014181 0.029879
0 0.310924 0.588702 0.039916 0.040149
0 0.329044 0.556022 0.038340 0.045752
0 0.339023 0.517740 0.038340 0.045752
0 0.256303 0.556956 0.039916 0.045752
0 0.284401 0.528945 0.038340 0.042017
0 0.290179 0.485528 0.039391 0.046685
0 0.215861 0.528478 0.037815 0.037348
0 0.233981 0.497199 0.040441 0.045752
0 0.243960 0.452848 0.034139 0.041083
0 0.168855 0.504669 0.041492 0.045752
0 0.186450 0.468721 0.039916 0.048553
0 0.161502 0.408497 0.038340 0.045752
0 0.716912 0.681606 0.040966 0.044818
0 0.774685 0.675070 0.040966 0.046685
0 0.721639 0.590570 0.036765 0.040149
0 0.742647 0.561158 0.040966 0.044818
0 0.750263 0.707750 0.034139 0.037348
0 0.895221 0.742764 0.040441 0.047619
0 0.924107 0.714753 0.043592 0.047619
0 0.802521 0.597572 0.040966 0.046685
0 0.789916 0.731559 0.038866 0.043884
0 0.836922 0.760037 0.040441 0.044818
0 0.881565 0.785247 0.042542 0.046685
0 0.925158 0.808590 0.040441 0.046685
0 0.017595 0.355275 0.036239 0.038282
0 0.111607 0.473389 0.041492 0.048553
0 0.069590 0.442110 0.039391 0.049486
0 0.118697 0.288982 0.038866 0.043884
0 0.171218 0.316527 0.044118 0.050420
0 0.075630 0.278245 0.039916 0.041083
2 0.459821 0.826797 0.063550 0.148459
0 0.553046 0.815126 0.037815 0.050420
0 0.687763 0.798319 0.035189 0.037348
1 0.539391 0.610177 0.029412 0.062558
1 0.475315 0.682540 0.084034 0.203548
0 0.366334 0.973856 0.030987 0.050420
0 0.427784 0.737162 0.030987 0.064426
0 0.647584 0.361811 0.027311 0.062558
0 0.589548 0.508403 0.024685 0.073763
0 0.609769 0.366480 0.025210 0.068161
2 0.610819 0.233894 0.059874 0.144725
0 0.715336 0.152194 0.032563 0.065359
0 0.748162 0.072829 0.030987 0.061625
0 0.676208 0.138189 0.028887 0.061625
0 0.653361 0.127451 0.029412 0.062558
0 0.972952 0.837068 0.048845 0.049486
0 0.041229 0.400093 0.025735 0.066293
0 0.014443 0.409430 0.029937 0.043884
