0 0.019695 0.332400 0.027836 0.072829
0 0.016282 0.266573 0.030462 0.066293
0 0.739496 0.018207 0.025210 0.038282
2 0.378939 0.901027 0.075105 0.184874
0 0.706933 0.216620 0.023109 0.057890
0 0.700893 0.131186 0.030987 0.062558
0 0.446691 0.697012 0.027836 0.068161
0 0.635504 0.341737 0.031513 0.063492
0 0.633666 0.253035 0.027836 0.061625
0 0.556723 0.350140 0.031513 0.063492
0 0.589811 0.318394 0.027311 0.059757
0 0.631565 0.166667 0.027836 0.062558
0 0.306197 0.588702 0.040966 0.040149
0 0.324055 0.553221 0.037815 0.047619
0 0.332195 0.514472 0.039391 0.044818
0 0.251838 0.557890 0.039391 0.047619
0 0.278887 0.528945 0.037815 0.042017
0 0.284926 0.481793 0.039391 0.046685
0 0.208771 0.525677 0.036239 0.039216
0 0.229254 0.497199 0.040441 0.045752
0 0.240021 0.450980 0.034664 0.039216
0 0.162290 0.504202 0.040966 0.044818
0 0.180410 0.467320 0.040441 0.049486
0 0.196691 0.429505 0.038340 0.044818
0 0.718750 0.672269 0.040441 0.044818
0 0.721376 0.627451 0.036239 0.046685
0 0.726628 0.579365 0.036239 0.040149
0 0.748424 0.551821 0.040966 0.044818
0 0.754202 0.700280 0.034664 0.037348
0 0.777048 0.662465 0.040441 0.047619
0 0.781513 0.612979 0.042017 0.047619
0 0.804622 0.582633 0.044118 0.050420
0 0.793855 0.720822 0.039391 0.044818
0 0.829832 0.645191 0.040966 0.044818
0 0.842174 0.751634 0.040441 0.044818
0 0.905725 0.684874 0.043592 0.045752
0 0.886555 0.775910 0.043067 0.046685
0 0.930410 0.797852 0.040441 0.047619
0 0.539916 0.836601 0.038866 0.057890
1 0.563025 0.498133 0.037815 0.105509
0 0.457721 0.789916 0.030987 0.070962
1 0.483718 0.621849 0.026261 0.070962
0 0.477153 0.410364 0.037290 0.042017
0 0.148897 0.402428 0.040441 0.044818
0 0.131303 0.438375 0.040966 0.043884
0 0.104779 0.476190 0.041492 0.048553
0 0.095588 0.379085 0.040966 0.039216
0 0.061187 0.442110 0.041492 0.049486
0 0.071429 0.258637 0.040966 0.046685
0 0.135504 0.301120 0.046218 0.049486
0 0.049107 0.288049 0.037290 0.049486
0 0.563025 0.405229 0.031513 0.067227
0 0.667017 0.136788 0.026261 0.062558
0 0.703256 0.049486 0.028361 0.061625
1 0.589023 0.532213 0.056197 0.112045
0 0.976103 0.824930 0.043592 0.049486
0 0.034139 0.400560 0.025210 0.067227
0 0.007616 0.409430 0.016282 0.043884
