0 0.020221 0.333333 0.027836 0.072829
0 0.017069 0.267507 0.030987 0.066293
0 0.728992 0.046218 0.025210 0.051354
2 0.388393 0.870215 0.075105 0.190476
0 0.700368 0.244631 0.022584 0.057890
0 0.688288 0.165733 0.030987 0.062558
0 0.456145 0.669935 0.027836 0.066293
0 0.625000 0.374416 0.031513 0.063492
0 0.638655 0.236695 0.027311 0.060691
0 0.565126 0.326797 0.031513 0.063492
0 0.596639 0.301587 0.027311 0.059757
0 0.637868 0.148926 0.027836 0.062558
0 0.306197 0.588702 0.040966 0.040149
0 0.325105 0.554155 0.037815 0.047619
0 0.332721 0.514472 0.039391 0.044818
0 0.251838 0.557890 0.039391 0.047619
0 0.278887 0.528945 0.037815 0.042017
0 0.284926 0.481793 0.039391 0.046685
0 0.209559 0.526144 0.035714 0.040149
0 0.229779 0.497199 0.040441 0.045752
0 0.240021 0.450980 0.034664 0.039216
0 0.163866 0.504202 0.040966 0.044818
0 0.181723 0.467320 0.040966 0.049486
0 0.198267 0.430439 0.038340 0.044818
0 0.717437 0.672269 0.040966 0.044818
0 0.720851 0.627451 0.036239 0.046685
0 0.726628 0.579365 0.036239 0.040149
0 0.747899 0.551821 0.040966 0.044818
0 0.754202 0.700280 0.034664 0.037348
0 0.776523 0.662465 0.040441 0.047619
0 0.780987 0.612979 0.042017 0.047619
0 0.804097 0.582633 0.044118 0.050420
0 0.793330 0.720822 0.039391 0.044818
0 0.829307 0.645191 0.040966 0.044818
0 0.842174 0.751634 0.040441 0.044818
0 0.917279 0.694211 0.043592 0.045752
0 0.884979 0.774977 0.043067 0.046685
0 0.928834 0.797852 0.040441 0.047619
0 0.521271 0.848273 0.037290 0.062558
1 0.564601 0.485528 0.039916 0.106443
0 0.451155 0.815126 0.031513 0.070962
1 0.486607 0.644258 0.025735 0.070962
0 0.492647 0.399627 0.036765 0.046685
0 0.148897 0.402428 0.040441 0.044818
0 0.131828 0.438375 0.040966 0.043884
0 0.105305 0.476190 0.041492 0.048553
0 0.097164 0.379085 0.040966 0.039216
0 0.061712 0.442110 0.041492 0.049486
0 0.076681 0.260971 0.040966 0.049486
0 0.137868 0.302054 0.045693 0.049486
0 0.050420 0.288982 0.035714 0.049486
0 0.568277 0.389356 0.031513 0.067227
0 0.670956 0.126517 0.025735 0.062558
1 0.578519 0.563959 0.056197 0.112045
2 0.008666 0.144725 0.018382 0.084034
0 0.975053 0.824930 0.044643 0.049486
0 0.034664 0.400560 0.025210 0.067227
0 0.008141 0.409430 0.017332 0.043884
