0 0.735294 0.144725 0.060924 0.070962
0 0.934349 0.188609 0.055672 0.065359
0 0.942752 0.062558 0.040966 0.078431
0 0.960609 0.232960 0.059874 0.071895
0 0.858981 0.325397 0.039391 0.094304
0 0.642069 0.126984 0.044643 0.087768
0 0.714286 0.218021 0.042017 0.088702
0 0.684086 0.304855 0.040441 0.088702
0 0.856355 0.422035 0.062500 0.072829
0 0.886029 0.459384 0.065126 0.070962
0 0.875263 0.531279 0.067752 0.067227
0 0.814863 0.480392 0.044643 0.094304
0 0.806460 0.558824 0.061450 0.066293
0 0.763393 0.671802 0.043592 0.099907
0 0.599790 0.320728 0.037815 0.094304
0 0.583508 0.389356 0.055672 0.080299
0 0.551996 0.450514 0.047269 0.099907
0 0.509454 0.427171 0.031513 0.107376
0 0.441439 0.407563 0.057248 0.081232
0 0.361607 0.304388 0.057248 0.078431
0 0.768120 0.858543 0.070903 0.084967
0 0.564076 0.800654 0.035714 0.120448
0 0.430410 0.559757 0.059349 0.101774
0 0.347952 0.521475 0.062500 0.077498
0 0.330095 0.473856 0.059349 0.079365
0 0.350315 0.219888 0.055672 0.081232
0 0.276786 0.166667 0.053571 0.077498
1 0.154412 0.171335 0.079832 0.096172
0 0.205095 0.306256 0.050945 0.078431
0 0.667017 0.943044 0.055672 0.102708
0 0.432773 0.669935 0.049370 0.088702
0 0.493435 0.812325 0.050945 0.113912
0 0.435924 0.965453 0.047269 0.063492
3 0.650998 0.547619 0.022584 0.055089
3 0.846639 0.234827 0.018908 0.043884
3 0.728466 0.594771 0.014706 0.044818
3 0.740021 0.647993 0.017857 0.056022
