0 0.032563 0.301120 0.034664 0.060691
0 0.035452 0.238562 0.040441 0.055089
0 0.600053 0.816527 0.038340 0.040149
0 0.491597 0.825864 0.028361 0.062558
0 0.435137 0.910364 0.034139 0.072829
0 0.677521 0.138189 0.031513 0.061625
3 0.431723 0.699346 0.012605 0.022409
3 0.387605 0.794585 0.010504 0.022409
3 0.485557 0.355275 0.016282 0.023343
0 0.309874 0.588702 0.039916 0.040149
0 0.328256 0.556022 0.037815 0.045752
0 0.337973 0.517274 0.038340 0.044818
0 0.255252 0.556956 0.039916 0.045752
0 0.283876 0.528945 0.038340 0.042017
0 0.289653 0.483660 0.039391 0.046685
0 0.214811 0.528945 0.037815 0.038282
0 0.233456 0.497199 0.040441 0.045752
0 0.243435 0.453315 0.034139 0.043884
0 0.168330 0.504202 0.041492 0.044818
0 0.185399 0.468721 0.039916 0.048553
0 0.200368 0.429972 0.038340 0.045752
0 0.716912 0.678805 0.040966 0.044818
0 0.732143 0.644725 0.037815 0.047619
0 0.720851 0.586835 0.036239 0.040149
0 0.743172 0.557423 0.040966 0.044818
0 0.750263 0.704949 0.034139 0.037348
0 0.805672 0.689542 0.040966 0.047619
0 0.853992 0.671802 0.043067 0.047619
0 0.801471 0.596639 0.040966 0.046685
0 0.790966 0.728291 0.038866 0.044818
0 0.836922 0.758170 0.040441 0.044818
0 0.881565 0.782446 0.042542 0.046685
0 0.925158 0.806256 0.040441 0.047619
0 0.052521 0.356209 0.042017 0.040149
0 0.111082 0.474323 0.041492 0.048553
0 0.068803 0.442110 0.040966 0.049486
0 0.113971 0.287115 0.038866 0.043884
0 0.169118 0.315593 0.044118 0.050420
0 0.068277 0.281513 0.039916 0.042017
2 0.490021 0.728291 0.051471 0.149393
0 0.730567 0.827731 0.040966 0.045752
0 0.883929 0.880952 0.036765 0.040149
1 0.574055 0.494398 0.029412 0.062558
1 0.406513 0.879085 0.086134 0.210084
0 0.684086 0.204949 0.026786 0.062558
0 0.607405 0.654528 0.027836 0.072829
0 0.596376 0.546218 0.023634 0.069094
2 0.557773 0.327264 0.077731 0.122316
0 0.730567 0.110177 0.032563 0.065359
0 0.767595 0.023343 0.030987 0.046685
0 0.602941 0.331933 0.029412 0.062558
0 0.619223 0.226424 0.029412 0.062558
0 0.972952 0.833333 0.048845 0.049486
0 0.039391 0.401027 0.025210 0.066293
0 0.014181 0.409430 0.029412 0.043884
