0 0.632068 0.669312 0.026042 0.042328
0 0.620536 0.748016 0.026786 0.043651
0 0.853423 0.708333 0.022321 0.027778
0 0.837426 0.675265 0.027530 0.033069
0 0.870536 0.592593 0.019345 0.047619
0 0.889509 0.656746 0.021577 0.048942
0 0.679688 0.769180 0.021577 0.046296
0 0.651786 0.861111 0.019345 0.047619
0 0.123140 0.603175 0.031994 0.037037
0 0.196057 0.490079 0.026042 0.035714
0 0.009301 0.621693 0.020089 0.044974
0 0.853051 0.174603 0.027530 0.037037
1 0.959449 0.113757 0.031994 0.042328
0 0.713542 0.148810 0.025298 0.043651
0 0.738839 0.229497 0.031250 0.030423
0 0.295387 0.231481 0.019345 0.055556
0 0.255580 0.208333 0.017113 0.048942
0 0.248884 0.156085 0.018601 0.052910
0 0.281622 0.150794 0.018601 0.044974
0 0.328497 0.180556 0.021577 0.048942
0 0.294643 0.041667 0.023810 0.046296
0 0.302083 0.555556 0.026786 0.039683
0 0.358631 0.471561 0.025298 0.048942
0 0.353795 0.218915 0.012649 0.035714
2 0.743304 0.296296 0.063988 0.031746
0 0.593750 0.169974 0.026786 0.041005
3 0.338542 0.241402 0.010417 0.030423
0 0.085938 0.666005 0.024554 0.035714
0 0.382440 0.339947 0.014881 0.055556
0 0.986607 0.329365 0.025298 0.039683
3 0.030506 0.692460 0.011905 0.019841
0 0.509301 0.978836 0.017113 0.037037
0 0.562872 0.917328 0.023065 0.048942
0 0.549851 0.826720 0.023810 0.042328
0 0.589286 0.841931 0.022321 0.041005
0 0.034970 0.221561 0.028274 0.035714
