0 0.740327 0.502646 0.025298 0.042328
0 0.853051 0.710317 0.023065 0.026455
0 0.837426 0.679894 0.024554 0.031746
0 0.871652 0.592593 0.021577 0.044974
0 0.888393 0.654762 0.020833 0.044974
0 0.125000 0.598545 0.026786 0.038360
0 0.198661 0.491402 0.026786 0.035714
0 0.011905 0.618386 0.023810 0.048942
0 0.853423 0.177249 0.026786 0.031746
1 0.960565 0.117725 0.031250 0.037037
1 0.712054 0.150132 0.020833 0.041005
0 0.738839 0.231481 0.025298 0.023810
0 0.297991 0.229497 0.020089 0.056878
0 0.258929 0.208995 0.020833 0.050265
0 0.248884 0.155423 0.020089 0.054233
0 0.283110 0.151455 0.018601 0.043651
0 0.329985 0.178571 0.023065 0.050265
0 0.093378 0.691799 0.031994 0.037037
0 0.153274 0.646825 0.031250 0.037037
2 0.743304 0.294974 0.063988 0.031746
0 0.596354 0.171958 0.026042 0.042328
3 0.654762 0.287037 0.010417 0.015873
3 0.321429 0.281746 0.014881 0.039683
3 0.805804 0.215608 0.011905 0.021164
3 0.533854 0.898148 0.011161 0.031746
3 0.225074 0.669312 0.011161 0.015873
3 0.324033 0.149471 0.012649 0.034392
3 0.348214 0.224206 0.008929 0.019841
3 0.711682 0.316138 0.015625 0.018519
3 0.954613 0.242725 0.017857 0.019841
0 0.280134 0.529762 0.024554 0.038360
0 0.359003 0.491402 0.024554 0.030423
0 0.338914 0.351852 0.014137 0.047619
0 0.332217 0.275132 0.023065 0.044974
0 0.045387 0.750661 0.026786 0.038360
0 0.217634 0.609788 0.031994 0.037037
0 0.324405 0.579365 0.031250 0.029101
1 0.389137 0.607804 0.029762 0.038360
1 0.449777 0.693783 0.026042 0.038360
0 0.420015 0.429233 0.027530 0.038360
0 0.460565 0.439153 0.023810 0.023810
0 0.522321 0.412698 0.028274 0.029101
3 0.486235 0.385582 0.012649 0.019841
0 0.679315 0.371693 0.026786 0.026455
0 0.646205 0.642857 0.027530 0.039683
0 0.654390 0.679894 0.027530 0.044974
0 0.671875 0.605159 0.025298 0.041005
0 0.683408 0.633598 0.027530 0.044974
0 0.700149 0.562169 0.023810 0.039683
0 0.819940 0.416667 0.025298 0.039683
0 0.796875 0.482143 0.026786 0.043651
0 0.038318 0.217593 0.026042 0.038360
