0 0.818452 0.403439 0.031250 0.039683
0 0.852307 0.712302 0.023065 0.025132
0 0.837426 0.680556 0.024554 0.030423
0 0.870908 0.596561 0.018601 0.044974
0 0.883929 0.665344 0.019345 0.044974
0 0.122024 0.603836 0.028274 0.033069
0 0.198661 0.491402 0.026786 0.035714
0 0.011905 0.619709 0.023810 0.048942
0 0.853423 0.177249 0.026786 0.031746
1 0.960565 0.117725 0.031250 0.037037
1 0.712054 0.151455 0.020833 0.041005
0 0.738095 0.231481 0.025298 0.023810
0 0.297991 0.229497 0.020089 0.056878
0 0.258929 0.208995 0.020833 0.050265
0 0.247768 0.156085 0.019345 0.055556
0 0.283110 0.152116 0.018601 0.044974
0 0.329985 0.177910 0.023065 0.046296
0 0.063616 0.708333 0.031994 0.041005
2 0.741815 0.298280 0.063988 0.033069
0 0.595610 0.171958 0.026042 0.042328
0 0.066592 0.667989 0.030506 0.034392
3 0.720238 0.333995 0.011905 0.019841
3 0.319940 0.281746 0.014881 0.039683
3 0.802455 0.205688 0.011161 0.019841
3 0.556920 0.730820 0.011161 0.030423
3 0.285342 0.636243 0.011161 0.015873
3 0.332589 0.195767 0.011905 0.034392
3 0.330357 0.117063 0.008929 0.022487
3 0.785342 0.322090 0.018601 0.019841
0 0.438244 0.419312 0.026786 0.037037
0 0.491443 0.424603 0.024554 0.029101
0 0.325149 0.238757 0.020833 0.046296
0 0.303199 0.146825 0.021577 0.042328
0 0.152902 0.648148 0.031994 0.037037
0 0.239955 0.626323 0.029018 0.033069
1 0.301711 0.591931 0.031994 0.033069
1 0.360491 0.601852 0.029018 0.029101
0 0.540551 0.357804 0.030506 0.035714
0 0.547247 0.396825 0.024554 0.023810
0 0.606771 0.382275 0.029018 0.026455
3 0.606399 0.345238 0.011905 0.015873
0 0.858259 0.330026 0.029018 0.035714
0 0.646205 0.642857 0.027530 0.039683
0 0.653646 0.680556 0.026042 0.043651
0 0.670759 0.604497 0.026042 0.042328
0 0.680432 0.634259 0.027530 0.046296
0 0.696429 0.561508 0.025298 0.041005
0 0.959077 0.302249 0.026786 0.027778
0 0.704241 0.638889 0.024554 0.047619
0 0.037946 0.217593 0.025298 0.038360
