0 0.727307 0.518519 0.026042 0.039683
0 0.852307 0.710317 0.023065 0.029101
0 0.837798 0.678571 0.025298 0.031746
0 0.869792 0.594577 0.019345 0.048942
0 0.887277 0.648810 0.017113 0.048942
0 0.124628 0.598545 0.027530 0.038360
0 0.198661 0.491402 0.026786 0.035714
0 0.011905 0.618386 0.022321 0.048942
0 0.853051 0.176587 0.026042 0.033069
1 0.959821 0.116402 0.031250 0.037037
0 0.711682 0.149471 0.021577 0.042328
0 0.739211 0.230820 0.026042 0.025132
0 0.297619 0.228836 0.019345 0.055556
0 0.258185 0.208333 0.020833 0.048942
0 0.249256 0.155423 0.019345 0.054233
0 0.282366 0.150794 0.018601 0.044974
0 0.330729 0.179233 0.021577 0.051587
0 0.141369 0.660714 0.029762 0.041005
0 0.186384 0.629630 0.030506 0.034392
2 0.743304 0.295635 0.063988 0.030423
0 0.595982 0.171958 0.026786 0.042328
3 0.341518 0.242725 0.010417 0.030423
3 0.636905 0.279101 0.011905 0.015873
3 0.322917 0.281746 0.014881 0.039683
3 0.809896 0.224868 0.012649 0.021164
3 0.185640 0.691799 0.011161 0.015873
3 0.318080 0.119048 0.012649 0.034392
3 0.352307 0.257275 0.009673 0.019841
3 0.692336 0.298280 0.015625 0.019841
3 0.923735 0.269180 0.015625 0.019841
0 0.160714 0.609788 0.026786 0.039683
0 0.259673 0.547619 0.023810 0.034392
0 0.329241 0.421296 0.017113 0.051587
0 0.341890 0.338624 0.014137 0.047619
0 0.156994 0.689153 0.028274 0.034392
0 0.239583 0.597884 0.029762 0.034392
0 0.385789 0.597884 0.029018 0.039683
1 0.460193 0.671296 0.031994 0.046296
1 0.520089 0.754630 0.025298 0.033069
0 0.334077 0.496693 0.031250 0.035714
0 0.396949 0.475529 0.023065 0.027778
0 0.451637 0.447090 0.029762 0.034392
3 0.416667 0.429894 0.011905 0.018519
0 0.545387 0.401455 0.028274 0.030423
0 0.644717 0.644841 0.027530 0.041005
0 0.654390 0.681217 0.027530 0.042328
0 0.670387 0.605159 0.023810 0.041005
0 0.681548 0.634921 0.025298 0.042328
0 0.697545 0.562169 0.024554 0.039683
0 0.757812 0.521825 0.026042 0.038360
0 0.857143 0.410714 0.029762 0.041005
0 0.038318 0.218254 0.027530 0.039683
