0 0.696057 0.563492 0.024554 0.042328
0 0.754464 0.515873 0.031250 0.042328
0 0.853423 0.708333 0.022321 0.027778
0 0.837426 0.675265 0.027530 0.033069
0 0.870908 0.592593 0.020089 0.047619
0 0.889137 0.658730 0.020833 0.047619
0 0.122024 0.605159 0.031250 0.038360
0 0.196057 0.490079 0.026042 0.035714
0 0.009301 0.622354 0.020089 0.046296
0 0.853051 0.174603 0.027530 0.037037
1 0.959449 0.113757 0.031994 0.042328
0 0.713542 0.148810 0.025298 0.043651
0 0.738839 0.228175 0.031250 0.030423
0 0.293155 0.231481 0.019345 0.055556
0 0.256324 0.208333 0.018601 0.048942
0 0.248884 0.156085 0.018601 0.052910
0 0.281622 0.150794 0.018601 0.044974
0 0.327009 0.179894 0.021577 0.050265
0 0.166295 0.642857 0.027530 0.042328
0 0.217262 0.611772 0.031250 0.038360
0 0.330357 0.103175 0.013393 0.037037
2 0.743304 0.296296 0.063988 0.031746
0 0.593750 0.169974 0.026786 0.041005
3 0.339286 0.240079 0.010417 0.030423
0 0.113467 0.636243 0.026042 0.037037
0 0.198661 0.576720 0.025298 0.037037
0 0.286086 0.566799 0.033482 0.038360
0 0.782738 0.523810 0.025298 0.042328
1 0.856399 0.423942 0.031250 0.046296
1 0.981399 0.325397 0.028274 0.034392
0 0.033110 0.701058 0.031994 0.037037
3 0.161458 0.596561 0.011905 0.021164
0 0.148065 0.629630 0.025298 0.039683
0 0.580357 0.754630 0.023810 0.041005
0 0.599702 0.839286 0.022321 0.048942
0 0.617560 0.687831 0.023810 0.042328
0 0.649554 0.686508 0.025298 0.042328
0 0.661830 0.621032 0.026042 0.041005
0 0.686384 0.632937 0.023065 0.038360
0 0.034598 0.220899 0.029018 0.037037
