0 0.602153 0.850607 0.061450 0.110177
0 0.911502 0.321662 0.049895 0.084967
0 0.419643 0.670401 0.066176 0.117647
0 0.664916 0.915966 0.066176 0.061625
0 0.707458 0.827264 0.059874 0.104575
0 0.762868 0.737628 0.056197 0.117647
0 0.821691 0.620448 0.054097 0.105509
0 0.927258 0.527544 0.059349 0.059757
0 0.877889 0.492063 0.057248 0.095238
0 0.945378 0.481793 0.063025 0.056022
0 0.930672 0.400560 0.047269 0.078431
0 0.645483 0.483660 0.044118 0.100840
0 0.546744 0.680205 0.056723 0.099907
0 0.743960 0.328665 0.053046 0.093371
0 0.783613 0.249300 0.059874 0.061625
0 0.715599 0.217087 0.060399 0.060691
0 0.832721 0.340803 0.053046 0.089636
0 0.437237 0.807190 0.068803 0.070028
0 0.839023 0.163866 0.049895 0.088702
0 0.878151 0.096172 0.050420 0.084034
0 0.914916 0.037348 0.050420 0.072829
3 0.690126 0.774043 0.018908 0.033613
3 0.961660 0.262838 0.022059 0.040149
3 0.759454 0.420635 0.022059 0.038282
3 0.819853 0.281513 0.018908 0.040149
3 0.689601 0.403828 0.029412 0.040149
3 0.590599 0.653595 0.014181 0.037348
3 0.938025 0.092437 0.018908 0.037348
3 0.828519 0.243697 0.023634 0.037348
