0 0.892113 0.337302 0.031250 0.034392
0 0.851562 0.712302 0.023065 0.025132
0 0.837426 0.681217 0.024554 0.029101
0 0.870908 0.597884 0.018601 0.044974
0 0.883185 0.671958 0.019345 0.044974
0 0.123140 0.601852 0.027530 0.034392
0 0.198661 0.491402 0.026786 0.035714
0 0.011905 0.620370 0.023810 0.047619
0 0.853423 0.177249 0.026786 0.031746
1 0.960565 0.117725 0.031250 0.037037
1 0.712054 0.152778 0.020833 0.041005
0 0.738095 0.231481 0.025298 0.023810
0 0.297991 0.230159 0.020089 0.058201
0 0.258929 0.208995 0.020833 0.050265
0 0.247768 0.157407 0.019345 0.055556
0 0.283110 0.153439 0.018601 0.044974
0 0.329985 0.179894 0.023065 0.050265
0 0.007812 0.747354 0.017113 0.037037
2 0.741443 0.298280 0.063244 0.033069
0 0.595610 0.171958 0.026042 0.042328
0 0.151414 0.620370 0.033482 0.037037
0 0.048735 0.685185 0.027530 0.042328
3 0.773810 0.333995 0.011905 0.019841
3 0.319196 0.281746 0.014881 0.039683
3 0.802455 0.207672 0.011161 0.021164
3 0.579241 0.689815 0.012649 0.025132
3 0.318080 0.639550 0.011161 0.017196
3 0.337798 0.223545 0.011905 0.034392
3 0.838542 0.308862 0.017857 0.019841
0 0.513021 0.371032 0.029018 0.035714
0 0.544643 0.403439 0.025298 0.026455
0 0.308780 0.163360 0.020833 0.051587
0 0.286086 0.051587 0.020089 0.042328
0 0.103051 0.681878 0.033482 0.038360
0 0.209821 0.643519 0.029762 0.033069
1 0.257440 0.613757 0.029762 0.031746
1 0.310640 0.594577 0.027530 0.025132
0 0.585193 0.347884 0.030506 0.029101
0 0.585193 0.384921 0.024554 0.023810
0 0.629836 0.380952 0.029018 0.026455
3 0.679315 0.341270 0.013393 0.015873
0 0.949405 0.286376 0.031250 0.035714
0 0.647693 0.645503 0.027530 0.039683
0 0.654018 0.681217 0.026786 0.042328
0 0.670387 0.605820 0.026786 0.042328
0 0.681920 0.634259 0.027530 0.046296
0 0.696429 0.561508 0.025298 0.041005
0 0.664062 0.708333 0.026042 0.038360
0 0.037946 0.217593 0.025298 0.038360
