0 0.019695 0.332400 0.027836 0.072829
0 0.016807 0.267507 0.030462 0.066293
0 0.733193 0.033613 0.025210 0.048553
2 0.384716 0.882353 0.075105 0.188609
0 0.702994 0.233427 0.022584 0.057890
0 0.693015 0.151727 0.030987 0.062558
0 0.452206 0.681139 0.028361 0.066293
0 0.629202 0.361345 0.031513 0.063492
0 0.636555 0.242764 0.027311 0.061625
0 0.561450 0.336134 0.031513 0.063492
0 0.593750 0.308123 0.027836 0.059757
0 0.635767 0.156396 0.027836 0.062558
0 0.306197 0.588702 0.040966 0.040149
0 0.324580 0.553221 0.037815 0.047619
0 0.332458 0.514472 0.038866 0.044818
0 0.251838 0.557890 0.039391 0.047619
0 0.278887 0.528945 0.037815 0.042017
0 0.284926 0.481793 0.039391 0.046685
0 0.209296 0.526144 0.036239 0.040149
0 0.229254 0.497199 0.040441 0.045752
0 0.240021 0.450980 0.034664 0.039216
0 0.163340 0.504202 0.040966 0.044818
0 0.181197 0.467320 0.040966 0.049486
0 0.197742 0.430439 0.038340 0.044818
0 0.717962 0.672269 0.040966 0.044818
0 0.720851 0.627451 0.036239 0.046685
0 0.726628 0.579365 0.036239 0.040149
0 0.747899 0.551821 0.040966 0.044818
0 0.754202 0.700280 0.034664 0.037348
0 0.776523 0.662465 0.040441 0.047619
0 0.781513 0.612979 0.042017 0.047619
0 0.804622 0.582633 0.044118 0.050420
0 0.793330 0.720822 0.039391 0.044818
0 0.829832 0.645191 0.040966 0.044818
0 0.842174 0.751634 0.040441 0.044818
0 0.912553 0.690476 0.043592 0.045752
0 0.885504 0.775910 0.043067 0.046685
0 0.929359 0.797852 0.040441 0.047619
0 0.528887 0.843604 0.037815 0.060691
1 0.564076 0.490663 0.038866 0.105509
0 0.454307 0.804855 0.031513 0.070962
1 0.485557 0.634921 0.025735 0.070962
0 0.486345 0.403828 0.036765 0.043884
0 0.148897 0.402428 0.040441 0.044818
0 0.131828 0.438375 0.040966 0.043884
0 0.105305 0.476190 0.041492 0.048553
0 0.096639 0.379085 0.040966 0.039216
0 0.061712 0.442110 0.041492 0.049486
0 0.074580 0.259570 0.040966 0.048553
0 0.137080 0.302054 0.046218 0.049486
0 0.049895 0.288982 0.036765 0.049486
0 0.566176 0.395892 0.031513 0.067227
0 0.669118 0.132120 0.025210 0.062558
1 0.582721 0.551821 0.056197 0.112045
2 0.005252 0.144258 0.011555 0.084967
0 0.975315 0.824930 0.044118 0.049486
0 0.034664 0.400560 0.025210 0.067227
0 0.007878 0.409430 0.016807 0.043884
