0 0.012080 0.324930 0.022059 0.072829
0 0.013130 0.264706 0.027311 0.066293
2 0.352941 0.969655 0.035714 0.055089
0 0.748687 0.085901 0.025735 0.056022
0 0.746061 0.013072 0.027836 0.028011
0 0.406775 0.816527 0.030987 0.073763
0 0.681197 0.204482 0.031513 0.063492
0 0.443015 0.863212 0.027836 0.066293
0 0.459296 0.951447 0.035189 0.070962
0 0.610294 0.349673 0.028361 0.064426
0 0.526261 0.432306 0.031513 0.067227
0 0.565651 0.382820 0.028361 0.059757
0 0.604779 0.232026 0.030987 0.062558
0 0.303309 0.588235 0.043592 0.044818
0 0.322479 0.550420 0.037815 0.047619
0 0.331145 0.513539 0.039391 0.044818
0 0.247111 0.558824 0.039391 0.047619
0 0.276786 0.526144 0.037815 0.042017
0 0.281250 0.478525 0.041492 0.047619
0 0.204044 0.523810 0.037290 0.039216
0 0.222952 0.492530 0.040441 0.045752
0 0.233193 0.448179 0.034664 0.039216
0 0.153887 0.500467 0.043067 0.046685
0 0.173582 0.464519 0.041492 0.049486
0 0.190389 0.426237 0.038340 0.045752
0 0.723739 0.674136 0.040966 0.044818
0 0.725053 0.627451 0.037290 0.046685
0 0.729779 0.578431 0.036239 0.040149
0 0.751313 0.551821 0.040441 0.044818
0 0.759979 0.700280 0.034664 0.037348
0 0.778624 0.663399 0.040441 0.047619
0 0.783613 0.612979 0.042017 0.047619
0 0.810399 0.581232 0.045168 0.049486
0 0.800158 0.721755 0.039391 0.044818
0 0.837710 0.643324 0.040966 0.044818
0 0.848477 0.752568 0.041492 0.046685
0 0.891019 0.673203 0.043592 0.046685
0 0.894170 0.778245 0.043592 0.047619
0 0.940914 0.801587 0.041492 0.047619
0 0.618172 0.811858 0.040966 0.049486
1 0.563550 0.548086 0.035714 0.110177
0 0.461660 0.698880 0.023109 0.068161
1 0.462710 0.529412 0.033613 0.069094
0 0.400735 0.394958 0.037815 0.039216
0 0.139443 0.396825 0.040441 0.044818
0 0.124737 0.435107 0.040441 0.044818
0 0.101103 0.474323 0.041492 0.048553
0 0.088761 0.373483 0.040966 0.039216
0 0.054359 0.439309 0.041492 0.049486
0 0.051471 0.248833 0.040966 0.040149
0 0.112920 0.282913 0.047269 0.050420
0 0.043067 0.282446 0.040966 0.049486
0 0.542017 0.473389 0.031513 0.067227
0 0.656250 0.169001 0.028887 0.061625
0 0.689601 0.094304 0.028361 0.061625
1 0.627626 0.401961 0.050420 0.118581
0 0.982405 0.828665 0.032038 0.049486
0 0.023109 0.395892 0.025210 0.067227
