0 0.025735 0.327264 0.027311 0.068161
0 0.023634 0.260504 0.035714 0.065359
0 0.762868 0.020075 0.027836 0.042017
0 0.793330 0.858543 0.041492 0.051354
0 0.675683 0.239029 0.032038 0.065359
0 0.712447 0.768908 0.040441 0.043884
0 0.575893 0.493931 0.027836 0.056022
0 0.487658 0.646592 0.030987 0.068161
2 0.516282 0.488796 0.075630 0.178338
1 0.632353 0.407096 0.030462 0.067227
0 0.727679 0.499533 0.037290 0.044818
0 0.526523 0.644725 0.030987 0.071895
0 0.573004 0.335201 0.028361 0.061625
0 0.471901 0.801587 0.032038 0.068161
0 0.676208 0.101774 0.025735 0.052288
0 0.307511 0.588702 0.040441 0.040149
0 0.326155 0.554622 0.037815 0.046685
0 0.334559 0.515406 0.038866 0.044818
0 0.252889 0.557890 0.039391 0.047619
0 0.280725 0.528945 0.038340 0.042017
0 0.287027 0.481793 0.039391 0.046685
0 0.212710 0.525677 0.034664 0.039216
0 0.231355 0.498133 0.040441 0.045752
0 0.240021 0.452848 0.034664 0.039216
0 0.165179 0.507003 0.041492 0.044818
0 0.183036 0.467787 0.040441 0.048553
0 0.199317 0.430439 0.038340 0.044818
0 0.716912 0.672269 0.040966 0.044818
0 0.718225 0.631186 0.036239 0.046685
0 0.724002 0.581232 0.036239 0.040149
0 0.742647 0.553688 0.040966 0.044818
0 0.752101 0.700280 0.034664 0.037348
0 0.772847 0.661531 0.040441 0.047619
0 0.774685 0.614846 0.042017 0.047619
0 0.800683 0.586368 0.041492 0.048553
0 0.790179 0.720822 0.039391 0.044818
0 0.893645 0.684407 0.040441 0.044818
0 0.838498 0.751634 0.040441 0.044818
0 0.880777 0.776844 0.043067 0.046685
0 0.926208 0.800654 0.040441 0.047619
1 0.604779 0.337535 0.046744 0.105509
0 0.633403 0.166200 0.027311 0.061625
0 0.150998 0.405229 0.040441 0.044818
0 0.137080 0.440243 0.040966 0.043884
0 0.107405 0.476190 0.041492 0.048553
0 0.096639 0.377218 0.040966 0.039216
0 0.064863 0.442110 0.041492 0.049486
0 0.101891 0.282446 0.038866 0.043884
0 0.163340 0.313725 0.044118 0.050420
0 0.059611 0.287115 0.037290 0.047619
0 0.649685 0.189076 0.030462 0.062558
2 0.259454 0.303922 0.086134 0.094304
2 0.076418 0.185808 0.094013 0.089636
0 0.392595 0.929505 0.032038 0.070028
0 0.376050 0.899627 0.030462 0.070028
0 0.972426 0.826797 0.048845 0.049486
0 0.038340 0.401494 0.025210 0.067227
0 0.013130 0.409430 0.027311 0.043884
