0 0.796875 0.432540 0.026786 0.042328
0 0.852307 0.710979 0.023065 0.025132
0 0.837426 0.680556 0.024554 0.030423
0 0.871652 0.595238 0.018601 0.044974
0 0.884673 0.664021 0.019345 0.044974
0 0.124628 0.597884 0.029018 0.031746
0 0.198661 0.491402 0.026786 0.035714
0 0.011905 0.619709 0.023810 0.048942
0 0.853423 0.177249 0.026786 0.031746
1 0.960565 0.117725 0.031250 0.037037
1 0.712054 0.151455 0.020833 0.041005
0 0.738095 0.231481 0.025298 0.023810
0 0.297991 0.229497 0.020089 0.056878
0 0.258929 0.208995 0.020833 0.050265
0 0.248140 0.156085 0.020089 0.055556
0 0.283110 0.152116 0.018601 0.044974
0 0.329613 0.179233 0.023810 0.056878
0 0.018229 0.742063 0.031994 0.039683
0 0.086682 0.689815 0.031994 0.038360
2 0.742188 0.296958 0.064732 0.033069
0 0.595610 0.171958 0.026042 0.042328
0 0.030878 0.690476 0.030506 0.042328
3 0.699777 0.322751 0.009673 0.018519
3 0.319940 0.281746 0.014881 0.039683
3 0.802455 0.205688 0.011161 0.019841
3 0.549479 0.763228 0.011161 0.031746
3 0.271949 0.642857 0.011161 0.015873
3 0.331101 0.185185 0.011905 0.034392
3 0.335565 0.146164 0.008929 0.022487
3 0.768601 0.320106 0.017857 0.018519
0 0.408482 0.435847 0.026786 0.038360
0 0.464658 0.435847 0.024554 0.030423
0 0.330729 0.268519 0.020089 0.050265
0 0.309896 0.174603 0.021577 0.042328
0 0.172247 0.635582 0.031994 0.038360
0 0.258185 0.613095 0.028274 0.033069
1 0.320312 0.585979 0.031994 0.029101
1 0.378720 0.613095 0.026786 0.033069
0 0.515253 0.370370 0.033482 0.039683
0 0.529390 0.404762 0.024554 0.023810
0 0.592262 0.384921 0.029762 0.026455
3 0.580729 0.350529 0.011161 0.018519
0 0.819940 0.341931 0.026786 0.027778
0 0.646205 0.641534 0.027530 0.039683
0 0.653646 0.680556 0.026042 0.043651
0 0.671131 0.603175 0.025298 0.042328
0 0.681176 0.634259 0.027530 0.046296
0 0.696429 0.560847 0.025298 0.039683
0 0.925595 0.325397 0.028274 0.034392
0 0.725074 0.599206 0.023065 0.047619
0 0.037946 0.217593 0.025298 0.038360
