0 0.027836 0.309057 0.037815 0.065359
0 0.029937 0.247899 0.040966 0.060691
0 0.683036 0.240896 0.027836 0.059757
0 0.655987 0.791783 0.043067 0.044818
0 0.579832 0.506069 0.034664 0.072829
0 0.580620 0.783380 0.040441 0.046685
0 0.493960 0.725490 0.027836 0.061625
0 0.537027 0.508403 0.030987 0.066293
2 0.577994 0.312325 0.077206 0.178338
1 0.527048 0.718487 0.034139 0.073763
0 0.842174 0.569561 0.035189 0.044818
0 0.447216 0.877218 0.030987 0.071895
0 0.635767 0.163399 0.028887 0.061625
3 0.130252 0.178338 0.016807 0.018674
0 0.308036 0.588702 0.040441 0.040149
0 0.326681 0.554622 0.037815 0.046685
0 0.335609 0.515873 0.038866 0.045752
0 0.253676 0.557423 0.039916 0.046685
0 0.281513 0.528945 0.037815 0.042017
0 0.288078 0.481793 0.039391 0.046685
0 0.213235 0.525677 0.035714 0.039216
0 0.231880 0.497199 0.040441 0.045752
0 0.240021 0.451914 0.034664 0.039216
0 0.166229 0.505135 0.041492 0.044818
0 0.183036 0.467787 0.040441 0.048553
0 0.199842 0.429972 0.038340 0.045752
0 0.716912 0.673203 0.040966 0.044818
0 0.718225 0.633053 0.036239 0.046685
0 0.722426 0.582166 0.036239 0.040149
0 0.743172 0.555556 0.040966 0.044818
0 0.751576 0.700280 0.034664 0.037348
0 0.770746 0.661531 0.040441 0.047619
0 0.784139 0.621382 0.042017 0.047619
0 0.798582 0.587768 0.040441 0.047619
0 0.789653 0.722689 0.039391 0.044818
0 0.837447 0.753501 0.040441 0.044818
0 0.881303 0.778711 0.043067 0.046685
0 0.925683 0.800654 0.040441 0.047619
1 0.647584 0.212418 0.046218 0.099907
0 0.152048 0.407096 0.040441 0.044818
0 0.125263 0.434174 0.040441 0.056022
0 0.108456 0.476190 0.041492 0.048553
0 0.048582 0.352941 0.044643 0.035481
0 0.065914 0.442110 0.041492 0.049486
0 0.102679 0.281513 0.038340 0.043884
0 0.165441 0.314659 0.044118 0.050420
0 0.063550 0.283380 0.038866 0.045752
2 0.392595 0.410364 0.081408 0.109244
1 0.719538 0.085434 0.029412 0.062558
0 0.924895 0.899627 0.042017 0.049486
0 0.799632 0.825864 0.036239 0.049486
2 0.250525 0.278245 0.087185 0.089636
0 0.486345 0.650794 0.029412 0.065359
0 0.468750 0.626984 0.030987 0.058824
0 0.972426 0.828665 0.048845 0.049486
0 0.039391 0.402428 0.025210 0.067227
0 0.013393 0.409430 0.027836 0.043884
