0 0.681176 0.589286 0.024554 0.041005
0 0.701637 0.607143 0.026786 0.042328
0 0.853423 0.708333 0.022321 0.027778
0 0.837426 0.675265 0.027530 0.033069
0 0.870908 0.592593 0.020089 0.047619
0 0.889137 0.655423 0.020833 0.046296
0 0.120536 0.605159 0.031250 0.038360
0 0.196057 0.490079 0.026042 0.035714
0 0.009301 0.622354 0.020089 0.046296
0 0.853051 0.174603 0.027530 0.037037
1 0.959449 0.113757 0.031994 0.042328
0 0.713542 0.148810 0.025298 0.043651
0 0.738839 0.228175 0.031250 0.030423
0 0.293899 0.231481 0.019345 0.055556
0 0.255952 0.208333 0.017857 0.048942
0 0.248884 0.156085 0.018601 0.052910
0 0.281622 0.150794 0.018601 0.044974
0 0.327009 0.181217 0.021577 0.058201
0 0.194196 0.628307 0.032738 0.039683
0 0.261905 0.583995 0.031250 0.035714
0 0.343750 0.172619 0.013393 0.030423
2 0.743304 0.296296 0.063988 0.031746
0 0.593750 0.169974 0.026786 0.041005
3 0.339286 0.240079 0.010417 0.030423
0 0.057292 0.667989 0.026786 0.039683
0 0.169643 0.602513 0.023810 0.041005
0 0.334077 0.517857 0.031250 0.043651
0 0.849330 0.441799 0.027530 0.039683
1 0.947545 0.344577 0.033482 0.043651
3 0.124256 0.626323 0.011905 0.019841
0 0.087426 0.671296 0.027530 0.038360
0 0.541295 0.857143 0.023065 0.044974
0 0.573661 0.770503 0.023810 0.041005
0 0.611607 0.756614 0.023810 0.044974
0 0.632068 0.668651 0.024554 0.041005
0 0.654390 0.689815 0.023065 0.041005
0 0.034598 0.220899 0.029018 0.037037
