0 0.025998 0.321662 0.028887 0.066293
0 0.025735 0.256303 0.038866 0.062558
0 0.742384 0.070962 0.027836 0.056022
0 0.751576 0.832866 0.042017 0.046685
0 0.649160 0.313725 0.033613 0.065359
0 0.669905 0.766106 0.040441 0.043884
0 0.553834 0.556022 0.027836 0.056956
0 0.503939 0.599907 0.030987 0.066293
2 0.533613 0.438375 0.075630 0.178338
1 0.603466 0.495798 0.032563 0.070962
0 0.754202 0.516340 0.036765 0.044818
0 0.501838 0.714753 0.030987 0.071895
0 0.590336 0.286648 0.028361 0.061625
0 0.450368 0.864613 0.032038 0.069094
0 0.689863 0.070028 0.025735 0.052288
0 0.307773 0.588702 0.040966 0.040149
0 0.326155 0.554622 0.037815 0.046685
0 0.334821 0.515406 0.039391 0.044818
0 0.253414 0.557423 0.039391 0.046685
0 0.280987 0.528945 0.037815 0.042017
0 0.287553 0.481793 0.039391 0.046685
0 0.212710 0.525677 0.034664 0.039216
0 0.231355 0.498133 0.040441 0.045752
0 0.240021 0.451914 0.034664 0.039216
0 0.165179 0.507003 0.041492 0.044818
0 0.183036 0.467787 0.040441 0.048553
0 0.199842 0.430439 0.038340 0.044818
0 0.716912 0.672269 0.040966 0.044818
0 0.718225 0.631186 0.036239 0.046685
0 0.723477 0.581232 0.036239 0.040149
0 0.742647 0.554622 0.040966 0.044818
0 0.752101 0.700280 0.034664 0.037348
0 0.771796 0.661531 0.040441 0.047619
0 0.775735 0.615780 0.042017 0.047619
0 0.800158 0.586368 0.041492 0.048553
0 0.789653 0.720822 0.039391 0.044818
0 0.917279 0.697479 0.040441 0.044818
0 0.837973 0.752568 0.040441 0.044818
0 0.880777 0.776844 0.043067 0.046685
0 0.926208 0.800654 0.040441 0.047619
1 0.616071 0.307190 0.047269 0.100840
0 0.646534 0.130719 0.027311 0.061625
0 0.151523 0.406162 0.040441 0.044818
0 0.136029 0.440243 0.040966 0.043884
0 0.107405 0.476190 0.041492 0.048553
0 0.085609 0.370682 0.040966 0.039216
0 0.065389 0.442110 0.041492 0.049486
0 0.102153 0.282446 0.038340 0.043884
0 0.163866 0.313725 0.044118 0.050420
0 0.060924 0.286181 0.037815 0.047619
0 0.663866 0.158263 0.030462 0.062558
2 0.298582 0.332400 0.085609 0.097106
0 0.952468 0.917367 0.038340 0.051354
2 0.125000 0.209150 0.089286 0.089636
0 0.423582 0.841270 0.032038 0.076564
0 0.402836 0.815593 0.030462 0.062558
0 0.972426 0.826797 0.048845 0.049486
0 0.038866 0.402428 0.025210 0.067227
0 0.013130 0.409430 0.027311 0.043884
