0 0.684896 0.581349 0.024554 0.041005
0 0.716518 0.581349 0.026786 0.043651
0 0.853423 0.708333 0.022321 0.027778
0 0.837426 0.675265 0.027530 0.033069
0 0.870908 0.592593 0.020089 0.047619
0 0.889137 0.655423 0.020833 0.046296
0 0.122024 0.602513 0.031250 0.038360
0 0.196057 0.490079 0.026042 0.035714
0 0.009301 0.622354 0.020089 0.046296
0 0.853051 0.174603 0.027530 0.037037
1 0.959449 0.113757 0.031994 0.042328
0 0.713542 0.148810 0.025298 0.043651
0 0.738839 0.228175 0.031250 0.030423
0 0.293155 0.231481 0.019345 0.055556
0 0.255952 0.208333 0.017857 0.048942
0 0.248884 0.156085 0.018601 0.052910
0 0.281622 0.150794 0.018601 0.044974
0 0.327009 0.180556 0.021577 0.056878
0 0.182292 0.633598 0.028274 0.039683
0 0.247024 0.595238 0.031250 0.037037
0 0.342262 0.156085 0.013393 0.034392
2 0.743304 0.296296 0.063988 0.031746
0 0.593750 0.169974 0.026786 0.041005
3 0.339286 0.240079 0.010417 0.030423
0 0.076265 0.658069 0.026042 0.041005
0 0.180060 0.594577 0.023810 0.041005
0 0.319568 0.535053 0.031994 0.041005
0 0.828125 0.464286 0.026786 0.039683
1 0.920759 0.364418 0.033482 0.043651
3 0.137649 0.614418 0.011905 0.019841
0 0.108259 0.658069 0.026042 0.038360
0 0.551339 0.823413 0.022321 0.043651
0 0.571057 0.963624 0.021577 0.048942
0 0.587798 0.741402 0.023810 0.041005
0 0.623140 0.731481 0.024554 0.042328
0 0.643229 0.648810 0.024554 0.041005
0 0.664062 0.672619 0.023065 0.038360
0 0.034598 0.220899 0.029018 0.037037
