0 0.571429 0.883754 0.063025 0.111111
0 0.891544 0.333800 0.051996 0.084967
0 0.416492 0.653595 0.066176 0.117647
0 0.665966 0.887955 0.066176 0.061625
0 0.706408 0.803922 0.059874 0.104575
0 0.762868 0.716153 0.056197 0.117647
0 0.821166 0.599907 0.054097 0.105509
0 0.925683 0.507003 0.059349 0.052288
0 0.878151 0.481793 0.056723 0.095238
0 0.944853 0.464052 0.063025 0.056022
0 0.930672 0.385621 0.047269 0.078431
0 0.645483 0.467787 0.044118 0.100840
0 0.547269 0.655462 0.056723 0.098973
0 0.743960 0.308123 0.053046 0.093371
0 0.783088 0.233427 0.059874 0.061625
0 0.716124 0.196545 0.060399 0.060691
0 0.856880 0.281046 0.051996 0.087768
0 0.438813 0.781046 0.068803 0.068161
0 0.839023 0.146125 0.049895 0.088702
0 0.875000 0.079365 0.050420 0.082166
0 0.912815 0.027544 0.045168 0.056956
3 0.669380 0.784781 0.019433 0.043884
3 0.947479 0.262838 0.022059 0.040149
3 0.775735 0.366480 0.022059 0.040149
3 0.834296 0.244164 0.019433 0.040149
3 0.689601 0.393091 0.028361 0.041083
3 0.595851 0.609711 0.014181 0.037348
3 0.954307 0.046218 0.018908 0.036415
3 0.827206 0.224556 0.024160 0.038282
