0 0.726935 0.517196 0.026786 0.039683
0 0.852679 0.708333 0.022321 0.027778
0 0.837426 0.675265 0.027530 0.033069
0 0.871652 0.592593 0.020089 0.047619
0 0.888393 0.644841 0.020833 0.046296
0 0.124256 0.599206 0.028274 0.037037
0 0.198289 0.492063 0.026042 0.037037
0 0.011905 0.618386 0.022321 0.048942
0 0.852679 0.172619 0.025298 0.035714
1 0.959449 0.114418 0.031994 0.041005
0 0.712426 0.149471 0.023065 0.042328
0 0.739211 0.230159 0.030506 0.029101
0 0.296875 0.228836 0.019345 0.055556
0 0.257812 0.208333 0.020089 0.048942
0 0.249256 0.155423 0.019345 0.054233
0 0.282366 0.150794 0.018601 0.044974
0 0.330729 0.178571 0.021577 0.052910
0 0.157366 0.648148 0.029018 0.039683
0 0.193452 0.625000 0.029762 0.033069
2 0.742932 0.296958 0.064732 0.033069
0 0.593750 0.169974 0.026786 0.041005
3 0.341518 0.242725 0.010417 0.030423
0 0.020089 0.702381 0.028274 0.039683
0 0.145089 0.623016 0.023810 0.031746
0 0.305060 0.478175 0.020833 0.043651
0 0.332589 0.404101 0.016369 0.046296
0 0.276414 0.638228 0.030506 0.025132
0 0.248884 0.591270 0.029018 0.034392
0 0.468006 0.680556 0.028274 0.041005
1 0.545759 0.730159 0.030506 0.039683
1 0.607887 0.767196 0.023810 0.026455
0 0.228423 0.564153 0.028274 0.038360
0 0.316220 0.522487 0.023810 0.029101
0 0.371652 0.492063 0.027530 0.037037
3 0.347470 0.477513 0.011905 0.018519
0 0.430432 0.458333 0.026042 0.035714
0 0.641741 0.648810 0.026042 0.041005
0 0.654762 0.680556 0.026786 0.041005
0 0.668899 0.606481 0.023810 0.041005
0 0.681176 0.634921 0.024554 0.042328
0 0.698289 0.561508 0.026042 0.038360
0 0.716146 0.584656 0.024554 0.037037
0 0.967262 0.296958 0.034226 0.038360
0 0.038318 0.218254 0.029018 0.039683
