0 0.594494 0.742725 0.025298 0.041005
0 0.583333 0.828704 0.025298 0.043651
0 0.853423 0.708333 0.022321 0.027778
0 0.837426 0.675265 0.027530 0.033069
0 0.870536 0.592593 0.019345 0.047619
0 0.888765 0.657407 0.021577 0.047619
0 0.719122 0.655423 0.023065 0.046296
0 0.688244 0.726190 0.023810 0.047619
0 0.123140 0.605159 0.031994 0.038360
0 0.196429 0.492063 0.025298 0.037037
0 0.009301 0.622354 0.020089 0.048942
0 0.853051 0.174603 0.027530 0.037037
1 0.959449 0.113757 0.031994 0.042328
0 0.713542 0.148810 0.025298 0.043651
0 0.738839 0.229497 0.031250 0.030423
0 0.296131 0.231481 0.019345 0.055556
0 0.255580 0.208995 0.017113 0.047619
0 0.248884 0.156085 0.018601 0.052910
0 0.280878 0.150794 0.018601 0.044974
0 0.328497 0.181878 0.021577 0.048942
0 0.309896 0.111111 0.021577 0.044974
0 0.292411 0.011905 0.019345 0.026455
0 0.356027 0.480820 0.026042 0.043651
0 0.385045 0.369048 0.020089 0.052910
0 0.353795 0.218915 0.012649 0.035714
2 0.743304 0.296296 0.063988 0.031746
0 0.593750 0.169974 0.026786 0.041005
3 0.338914 0.246032 0.011161 0.031746
0 0.025670 0.706349 0.026042 0.039683
0 0.371652 0.222222 0.018601 0.052910
0 0.518229 0.931217 0.021577 0.044974
0 0.563988 0.926587 0.022321 0.038360
0 0.035342 0.222222 0.027530 0.034392
