0 0.704985 0.547619 0.024554 0.042328
0 0.792411 0.459656 0.032738 0.043651
0 0.853423 0.708333 0.022321 0.027778
0 0.837426 0.674603 0.027530 0.034392
0 0.871280 0.592593 0.019345 0.047619
0 0.890625 0.657407 0.020833 0.047619
0 0.123512 0.603836 0.031250 0.038360
0 0.196801 0.489418 0.026042 0.034392
0 0.009301 0.622354 0.020089 0.046296
0 0.853051 0.173280 0.027530 0.037037
1 0.959449 0.113757 0.031994 0.042328
0 0.713542 0.148810 0.025298 0.043651
0 0.738839 0.228175 0.031250 0.030423
0 0.293155 0.231481 0.019345 0.055556
0 0.256324 0.208333 0.018601 0.048942
0 0.248884 0.156085 0.018601 0.052910
0 0.281622 0.150794 0.018601 0.044974
0 0.327009 0.180556 0.021577 0.056878
0 0.160714 0.646825 0.028274 0.039683
0 0.202753 0.621032 0.031994 0.038360
0 0.319568 0.054233 0.012649 0.034392
2 0.743304 0.296296 0.063988 0.031746
0 0.593750 0.169974 0.026786 0.041005
3 0.339286 0.241402 0.010417 0.030423
0 0.141741 0.615741 0.027530 0.041005
0 0.219494 0.561508 0.023810 0.041005
0 0.263765 0.582672 0.031994 0.038360
0 0.750000 0.576058 0.023810 0.043651
1 0.812872 0.478836 0.026042 0.039683
1 0.944568 0.355820 0.024554 0.039683
0 0.069940 0.675926 0.032738 0.037037
3 0.177827 0.585979 0.013393 0.021164
0 0.169271 0.616402 0.026042 0.037037
0 0.602679 0.714947 0.023810 0.041005
0 0.620536 0.766534 0.023810 0.046296
0 0.637649 0.654762 0.023810 0.042328
0 0.665923 0.660053 0.025298 0.042328
0 0.672991 0.601852 0.026042 0.039683
0 0.698289 0.613757 0.024554 0.042328
0 0.034598 0.220899 0.029018 0.037037
