0 0.678199 0.593254 0.024554 0.041005
0 0.694568 0.616402 0.026042 0.042328
0 0.853423 0.708333 0.022321 0.027778
0 0.837426 0.675265 0.027530 0.033069
0 0.870908 0.592593 0.020089 0.047619
0 0.889137 0.655423 0.020833 0.046296
0 0.119792 0.605159 0.031250 0.038360
0 0.196057 0.490079 0.026042 0.035714
0 0.009301 0.621693 0.020089 0.044974
0 0.853051 0.174603 0.027530 0.037037
1 0.959449 0.113757 0.031994 0.042328
0 0.713542 0.148810 0.025298 0.043651
0 0.738839 0.228175 0.031250 0.030423
0 0.293899 0.231481 0.019345 0.055556
0 0.255952 0.208333 0.017857 0.048942
0 0.248884 0.156085 0.018601 0.052910
0 0.281622 0.150794 0.018601 0.044974
0 0.327009 0.181217 0.021577 0.058201
0 0.199405 0.623016 0.034226 0.039683
0 0.268601 0.580026 0.031250 0.035714
0 0.344866 0.179233 0.012649 0.027778
2 0.743304 0.296296 0.063988 0.031746
0 0.593750 0.169974 0.026786 0.041005
3 0.339286 0.240079 0.010417 0.030423
0 0.049851 0.673942 0.026786 0.041005
0 0.166295 0.606481 0.023065 0.041005
0 0.340030 0.508598 0.031250 0.043651
0 0.859003 0.429894 0.027530 0.039683
1 0.960193 0.335317 0.033482 0.043651
3 0.119048 0.630291 0.011905 0.019841
0 0.078497 0.680556 0.027530 0.038360
0 0.537574 0.873677 0.023065 0.043651
0 0.567708 0.786376 0.023810 0.041005
0 0.607887 0.769841 0.023810 0.044974
0 0.626860 0.676587 0.024554 0.041005
0 0.650670 0.699074 0.023065 0.041005
0 0.034598 0.220899 0.029018 0.037037
