0 0.971113 0.265640 0.055672 0.068161
0 0.920956 0.354809 0.068803 0.057890
0 0.980305 0.214286 0.037290 0.071895
0 0.876050 0.563492 0.057773 0.092437
0 0.827468 0.283380 0.056197 0.083100
0 0.883929 0.417367 0.056723 0.084034
0 0.831145 0.482260 0.053046 0.086835
0 0.978466 0.711018 0.040966 0.064426
0 0.989233 0.769841 0.019433 0.066293
0 0.975053 0.836134 0.047794 0.066293
0 0.932248 0.747432 0.056723 0.088702
0 0.905725 0.817460 0.065651 0.070028
0 0.834034 0.890756 0.059874 0.098973
0 0.745798 0.448646 0.031513 0.096172
0 0.716649 0.501867 0.053046 0.092437
0 0.672006 0.536415 0.037290 0.099907
0 0.633141 0.492063 0.048845 0.104575
0 0.574055 0.426237 0.052521 0.094304
0 0.518908 0.285247 0.051471 0.092437
0 0.531250 0.560691 0.045693 0.116713
0 0.464548 0.475257 0.062500 0.056022
0 0.457458 0.420635 0.059874 0.058824
0 0.530200 0.204015 0.047794 0.094304
0 0.471113 0.111111 0.044118 0.087768
1 0.361870 0.051354 0.063025 0.104575
0 0.376576 0.196078 0.050420 0.059757
0 0.509716 0.661998 0.057248 0.072829
0 0.540441 0.839869 0.060924 0.096172
0 0.448792 0.957516 0.064601 0.083100
3 0.643908 0.828198 0.025210 0.046685
3 0.984244 0.570962 0.010504 0.040149
3 0.756303 0.951914 0.017857 0.053221
