0 0.358456 0.966387 0.030987 0.065359
0 0.732668 0.061625 0.031513 0.061625
0 0.458508 0.727824 0.022059 0.068161
0 0.502363 0.882353 0.037290 0.067227
0 0.595588 0.478992 0.023109 0.067227
0 0.502363 0.509804 0.030987 0.072829
0 0.540441 0.456583 0.028361 0.059757
0 0.568540 0.300654 0.034139 0.065359
0 0.302784 0.591036 0.047794 0.052288
0 0.317752 0.548553 0.037815 0.047619
0 0.327994 0.509804 0.039391 0.044818
0 0.240284 0.558824 0.039391 0.047619
0 0.270746 0.521475 0.038340 0.042017
0 0.273372 0.471989 0.044643 0.049486
0 0.194590 0.521008 0.038340 0.041083
0 0.214023 0.488796 0.042542 0.047619
0 0.225315 0.444444 0.034664 0.039216
0 0.143382 0.497666 0.044118 0.048553
0 0.162553 0.457049 0.044643 0.049486
0 0.181723 0.422502 0.038866 0.045752
0 0.732931 0.676471 0.042542 0.047619
0 0.732405 0.628852 0.039391 0.047619
0 0.736345 0.576564 0.036765 0.040149
0 0.758141 0.548086 0.040441 0.044818
0 0.769433 0.703081 0.034664 0.037348
0 0.789128 0.663399 0.040441 0.047619
0 0.792542 0.614379 0.042017 0.046685
0 0.822216 0.579365 0.045693 0.051354
0 0.810137 0.725490 0.039391 0.044818
0 0.849265 0.645191 0.040966 0.044818
0 0.860557 0.756303 0.043592 0.050420
0 0.903624 0.673203 0.044643 0.050420
0 0.908088 0.781046 0.045168 0.055089
0 0.957458 0.809991 0.043067 0.049486
0 0.718487 0.839869 0.040966 0.049486
1 0.583508 0.608310 0.049370 0.109244
0 0.444853 0.591036 0.026261 0.067227
1 0.405725 0.431373 0.040441 0.061625
0 0.304097 0.341270 0.037815 0.045752
0 0.128939 0.393091 0.040441 0.044818
0 0.112920 0.429038 0.043067 0.047619
0 0.085609 0.467787 0.043067 0.050420
0 0.076681 0.366013 0.040966 0.039216
0 0.042279 0.437442 0.042542 0.053221
0 0.032038 0.236695 0.040966 0.040149
0 0.090599 0.264239 0.047794 0.052288
0 0.026523 0.268441 0.039391 0.049486
0 0.514181 0.558357 0.031513 0.070962
0 0.635767 0.154528 0.032038 0.068161
0 0.648109 0.199813 0.028361 0.061625
0 0.679884 0.125117 0.028887 0.063492
1 0.675420 0.268908 0.056723 0.123249
0 0.991071 0.836134 0.014706 0.049486
0 0.011555 0.390289 0.024160 0.067227
