0 0.931176 0.308201 0.027530 0.037037
0 0.851562 0.713624 0.023065 0.025132
0 0.837426 0.681217 0.024554 0.029101
0 0.870908 0.597884 0.018601 0.044974
0 0.880952 0.678571 0.019345 0.044974
0 0.123884 0.601190 0.027530 0.033069
0 0.198661 0.490079 0.026786 0.035714
0 0.011905 0.620370 0.023810 0.047619
0 0.853423 0.178571 0.026786 0.031746
1 0.960565 0.119048 0.031250 0.037037
1 0.712054 0.154101 0.020833 0.041005
0 0.738095 0.231481 0.025298 0.023810
0 0.297991 0.229497 0.020089 0.056878
0 0.258929 0.208995 0.020833 0.050265
0 0.247768 0.156746 0.019345 0.054233
0 0.283110 0.152116 0.018601 0.044974
0 0.329985 0.180556 0.023065 0.051587
2 0.741443 0.299603 0.063244 0.033069
0 0.595610 0.171958 0.026042 0.042328
0 0.014881 0.709656 0.031250 0.035714
0 0.187500 0.597222 0.031250 0.033069
0 0.090030 0.656746 0.025298 0.035714
3 0.795387 0.327381 0.011905 0.019841
3 0.319196 0.281746 0.014881 0.039683
3 0.802455 0.208333 0.011161 0.019841
3 0.585565 0.683862 0.013393 0.023810
3 0.332961 0.643519 0.011161 0.019841
3 0.340402 0.236772 0.011161 0.034392
3 0.867560 0.296296 0.017857 0.018519
0 0.538690 0.359788 0.029762 0.031746
0 0.558036 0.398148 0.025298 0.026455
0 0.300595 0.119709 0.019345 0.051587
0 0.075521 0.700397 0.033482 0.038360
0 0.205729 0.648810 0.030506 0.035714
1 0.244048 0.622354 0.028274 0.030423
1 0.291667 0.599868 0.029762 0.033069
0 0.597842 0.343254 0.030506 0.030423
0 0.593006 0.382275 0.025298 0.023810
0 0.632812 0.380952 0.029018 0.026455
3 0.716518 0.343915 0.013393 0.015873
0 0.989211 0.266534 0.020089 0.035714
0 0.647693 0.645503 0.027530 0.039683
0 0.654018 0.681217 0.026786 0.042328
0 0.671131 0.605820 0.026786 0.042328
0 0.683408 0.632937 0.027530 0.046296
0 0.698289 0.562831 0.026042 0.038360
0 0.643973 0.730820 0.026042 0.035714
0 0.037946 0.216931 0.025298 0.037037
