0 0.032038 0.301120 0.035714 0.060691
0 0.034664 0.239496 0.040966 0.055089
0 0.683561 0.823996 0.038340 0.040149
0 0.526261 0.724556 0.028361 0.061625
0 0.483456 0.895425 0.035189 0.069094
0 0.449055 0.869281 0.034664 0.072829
0 0.645221 0.223156 0.030987 0.063492
3 0.400735 0.800187 0.012605 0.022409
3 0.375525 0.846872 0.010504 0.022409
3 0.433561 0.342204 0.016282 0.023343
0 0.309611 0.588702 0.040441 0.040149
0 0.327994 0.555556 0.038340 0.046685
0 0.337710 0.516807 0.038866 0.045752
0 0.255252 0.556956 0.039916 0.045752
0 0.283351 0.528945 0.038340 0.042017
0 0.289653 0.482726 0.039391 0.046685
0 0.214286 0.528478 0.037815 0.039216
0 0.232931 0.497199 0.040441 0.045752
0 0.242384 0.452848 0.034139 0.042951
0 0.167805 0.503735 0.041492 0.045752
0 0.184874 0.468721 0.039916 0.048553
0 0.200368 0.429972 0.038340 0.045752
0 0.716912 0.676937 0.040966 0.044818
0 0.721901 0.638655 0.036239 0.046685
0 0.720851 0.584967 0.036239 0.040149
0 0.743435 0.555556 0.040441 0.044818
0 0.750525 0.703081 0.034664 0.037348
0 0.784401 0.675537 0.040441 0.047619
0 0.833246 0.656863 0.042542 0.047619
0 0.801471 0.593838 0.040966 0.046685
0 0.791492 0.727358 0.038866 0.044818
0 0.836922 0.757236 0.040441 0.044818
0 0.881565 0.780579 0.042542 0.046685
0 0.925158 0.805322 0.040441 0.047619
0 0.084559 0.366480 0.042017 0.040149
0 0.110557 0.474323 0.041492 0.048553
0 0.068540 0.442110 0.041492 0.049486
0 0.109769 0.284314 0.038866 0.043884
0 0.168592 0.315593 0.044118 0.050420
0 0.066702 0.281513 0.039916 0.043884
2 0.493172 0.672269 0.030462 0.147526
0 0.849002 0.896359 0.040441 0.052288
0 0.983718 0.940243 0.030462 0.042951
1 0.598739 0.428105 0.029412 0.062558
1 0.387080 0.929972 0.068277 0.134454
0 0.707721 0.125117 0.026786 0.061625
0 0.626838 0.710084 0.035189 0.071895
0 0.600578 0.609711 0.024685 0.069094
2 0.517857 0.363679 0.084034 0.094304
0 0.748424 0.054622 0.032563 0.064426
0 0.574842 0.405229 0.028887 0.067227
0 0.594538 0.291783 0.029412 0.062558
0 0.972952 0.832400 0.048845 0.049486
0 0.039916 0.400093 0.025210 0.066293
0 0.013918 0.409430 0.028887 0.043884
