0 0.399160 0.046218 0.050420 0.084967
0 0.555672 0.087302 0.031513 0.083100
0 0.314338 0.116246 0.030987 0.088702
0 0.408088 0.126984 0.028361 0.089636
0 0.408088 0.230159 0.028361 0.090570
0 0.580357 0.164799 0.046218 0.088702
0 0.617384 0.172269 0.056197 0.071895
0 0.624475 0.242764 0.054622 0.084034
0 0.566702 0.252101 0.028361 0.087768
0 0.583246 0.321662 0.049895 0.088702
0 0.582983 0.450514 0.031513 0.103641
0 0.358193 0.310924 0.054622 0.084034
0 0.353729 0.396359 0.058298 0.055089
0 0.345063 0.482260 0.059874 0.088702
0 0.302258 0.506069 0.045693 0.110177
0 0.228729 0.559290 0.068803 0.056022
0 0.118172 0.558824 0.070378 0.060691
0 0.642857 0.589636 0.066176 0.073763
0 0.424370 0.661531 0.046218 0.111111
0 0.274422 0.707283 0.075105 0.071895
0 0.182511 0.760504 0.063550 0.112979
0 0.147847 0.764706 0.057248 0.117647
0 0.077468 0.488329 0.073004 0.070962
0 0.600053 0.780579 0.035189 0.121382
0 0.312237 0.797852 0.043592 0.111111
0 0.415966 0.842670 0.035714 0.118581
0 0.707983 0.934641 0.044118 0.126984
3 0.486345 0.279178 0.015756 0.044818
3 0.534926 0.352474 0.016282 0.045752
3 0.475053 0.768441 0.016282 0.054155
3 0.551471 0.809057 0.015756 0.055089
3 0.545693 0.338002 0.016807 0.054155
