0 0.027836 0.309057 0.037815 0.065359
0 0.029937 0.247899 0.040966 0.060691
0 0.680672 0.247899 0.028361 0.060691
0 0.652311 0.790850 0.043067 0.044818
0 0.577206 0.513539 0.034664 0.072829
0 0.577731 0.784781 0.040966 0.047619
0 0.491859 0.732026 0.027836 0.061625
0 0.538078 0.505602 0.030987 0.066293
2 0.579569 0.307656 0.077206 0.178338
1 0.524422 0.725490 0.034139 0.074697
0 0.846376 0.572362 0.035189 0.044818
0 0.445641 0.882820 0.030987 0.071895
0 0.636817 0.159664 0.028887 0.061625
3 0.134979 0.180205 0.016807 0.018674
0 0.308298 0.588702 0.040966 0.040149
0 0.326681 0.554622 0.037815 0.046685
0 0.335609 0.515873 0.038866 0.045752
0 0.253676 0.557423 0.039916 0.046685
0 0.281513 0.528945 0.037815 0.042017
0 0.288078 0.481793 0.039391 0.046685
0 0.213498 0.525677 0.036239 0.039216
0 0.231880 0.497199 0.040441 0.045752
0 0.240021 0.450980 0.034664 0.039216
0 0.166229 0.505135 0.041492 0.044818
0 0.183036 0.467787 0.040441 0.048553
0 0.199842 0.429972 0.038340 0.045752
0 0.716912 0.674136 0.040966 0.044818
0 0.718225 0.633053 0.036239 0.046685
0 0.722426 0.582166 0.036239 0.040149
0 0.743172 0.555556 0.040966 0.044818
0 0.751576 0.700280 0.034664 0.037348
0 0.770221 0.661531 0.040441 0.047619
0 0.784664 0.621382 0.042017 0.047619
0 0.798582 0.587768 0.040441 0.047619
0 0.789653 0.723623 0.039391 0.044818
0 0.837447 0.753501 0.040441 0.044818
0 0.881303 0.778711 0.043067 0.046685
0 0.925683 0.800654 0.040441 0.047619
1 0.648634 0.208683 0.046218 0.099907
0 0.152048 0.407096 0.040441 0.044818
0 0.123687 0.432306 0.040441 0.056022
0 0.108456 0.476190 0.041492 0.048553
0 0.047006 0.352941 0.044643 0.035481
0 0.065914 0.442110 0.041492 0.049486
0 0.102679 0.281513 0.038340 0.043884
0 0.165441 0.314659 0.044118 0.050420
0 0.063550 0.283380 0.038866 0.045752
2 0.396008 0.413632 0.080882 0.110177
1 0.717437 0.090103 0.029412 0.062558
0 0.919643 0.895892 0.042017 0.049486
0 0.794380 0.823063 0.036239 0.049486
2 0.254727 0.281046 0.087185 0.089636
0 0.487920 0.645658 0.029412 0.066293
0 0.471376 0.620448 0.030987 0.058824
0 0.972426 0.828665 0.048845 0.049486
0 0.039391 0.402428 0.025210 0.067227
0 0.013393 0.409430 0.027836 0.043884
