0 0.399160 0.048086 0.050420 0.086835
0 0.556197 0.090103 0.031513 0.083100
0 0.314863 0.119514 0.030987 0.089636
0 0.408088 0.128852 0.028361 0.089636
0 0.408613 0.231092 0.028361 0.090570
0 0.580095 0.166667 0.046744 0.088702
0 0.617384 0.174136 0.056197 0.071895
0 0.623950 0.242764 0.054622 0.084034
0 0.566702 0.253968 0.028361 0.089636
0 0.583246 0.323529 0.049895 0.088702
0 0.583246 0.452381 0.032038 0.103641
0 0.363183 0.310458 0.054097 0.084967
0 0.354517 0.396359 0.057773 0.055089
0 0.345063 0.484127 0.059874 0.088702
0 0.303046 0.508870 0.045168 0.110177
0 0.229254 0.559757 0.068803 0.056956
0 0.119485 0.561158 0.069853 0.059757
0 0.642069 0.590103 0.065651 0.072829
0 0.425420 0.664332 0.047269 0.109244
0 0.274947 0.708217 0.075105 0.071895
0 0.185137 0.756769 0.063550 0.112979
0 0.148897 0.761905 0.057248 0.117647
0 0.078256 0.488796 0.072479 0.070028
0 0.599527 0.776844 0.035189 0.121382
0 0.313288 0.797852 0.044643 0.111111
0 0.416492 0.843137 0.035714 0.117647
0 0.707458 0.935574 0.044118 0.125117
3 0.484769 0.287582 0.015756 0.044818
3 0.535977 0.342204 0.016282 0.045752
3 0.475578 0.778711 0.016282 0.054155
3 0.550945 0.797852 0.015756 0.055089
3 0.545693 0.344538 0.017857 0.056022
