0 0.901261 0.755369 0.051471 0.108310
0 0.857668 0.782913 0.040966 0.112979
0 0.807773 0.799253 0.045168 0.117647
0 0.777574 0.695145 0.067752 0.084967
0 0.738708 0.574697 0.037290 0.116713
0 0.726628 0.407096 0.036239 0.104575
0 0.665179 0.677404 0.040441 0.124183
0 0.618435 0.530345 0.062500 0.082166
0 0.641807 0.493931 0.057773 0.080299
0 0.760504 0.339402 0.043067 0.099907
0 0.722164 0.206816 0.034664 0.094304
1 0.647584 0.065826 0.047269 0.111111
0 0.620273 0.211485 0.049370 0.060691
0 0.618172 0.748366 0.061975 0.081232
0 0.594013 0.927638 0.063025 0.068161
0 0.481355 0.947246 0.070903 0.070028
