0 0.019170 0.332400 0.027836 0.072829
0 0.015756 0.266573 0.029412 0.066293
0 0.745273 0.008403 0.025210 0.018674
2 0.373950 0.913165 0.071429 0.169935
0 0.711660 0.198413 0.023109 0.056956
0 0.708246 0.109711 0.030987 0.062558
0 0.440651 0.714286 0.028361 0.069094
0 0.642332 0.320261 0.031513 0.063492
0 0.630515 0.267040 0.027836 0.061625
0 0.551471 0.364146 0.031513 0.063492
0 0.585872 0.328665 0.027836 0.059757
0 0.627626 0.176937 0.028361 0.062558
0 0.306197 0.588702 0.040966 0.040149
0 0.324055 0.552288 0.037815 0.047619
0 0.332195 0.514472 0.039391 0.044818
0 0.251838 0.557890 0.039391 0.047619
0 0.278887 0.528945 0.037815 0.042017
0 0.284926 0.481793 0.039391 0.046685
0 0.208246 0.525677 0.036239 0.039216
0 0.228729 0.497199 0.040441 0.045752
0 0.239496 0.450047 0.034664 0.039216
0 0.161502 0.504202 0.041492 0.044818
0 0.179359 0.467320 0.040441 0.049486
0 0.195641 0.429505 0.038340 0.044818
0 0.719538 0.673203 0.040966 0.044818
0 0.721376 0.627451 0.036239 0.046685
0 0.727153 0.579365 0.036239 0.040149
0 0.748950 0.551821 0.040966 0.044818
0 0.754202 0.700280 0.034664 0.037348
0 0.777048 0.662465 0.040441 0.047619
0 0.782038 0.612979 0.042017 0.047619
0 0.804884 0.582633 0.044643 0.050420
0 0.793855 0.720822 0.039391 0.044818
0 0.830357 0.645191 0.040966 0.044818
0 0.842700 0.751634 0.040441 0.044818
0 0.898897 0.679272 0.043592 0.045752
0 0.887605 0.776844 0.043067 0.046685
0 0.930935 0.797852 0.040441 0.047619
0 0.551208 0.829599 0.039391 0.055089
1 0.562237 0.505135 0.036239 0.106443
0 0.459034 0.776377 0.029412 0.070028
1 0.482143 0.608310 0.027311 0.071895
0 0.465861 0.411765 0.037815 0.039216
0 0.147847 0.401494 0.040441 0.044818
0 0.130777 0.438375 0.040966 0.043884
0 0.104779 0.476190 0.041492 0.048553
0 0.095063 0.379085 0.040966 0.039216
0 0.061187 0.442110 0.041492 0.049486
0 0.068277 0.256769 0.040966 0.044818
0 0.134454 0.301120 0.046218 0.049486
0 0.048319 0.287115 0.037815 0.049486
0 0.559874 0.414566 0.031513 0.067227
0 0.664916 0.142390 0.027311 0.062558
0 0.700630 0.056022 0.028361 0.061625
1 0.595326 0.513539 0.056197 0.112045
0 0.976366 0.824930 0.043067 0.049486
0 0.033088 0.399627 0.025210 0.067227
0 0.007616 0.409430 0.016282 0.043884
