0 0.358981 0.406162 0.035189 0.054155
0 0.608981 0.765640 0.043592 0.046685
0 0.674895 0.844538 0.044118 0.036415
0 0.672269 0.695145 0.036765 0.066293
0 0.412027 0.787582 0.034139 0.079365
0 0.453519 0.757236 0.029937 0.070962
0 0.362920 0.309991 0.044118 0.048553
0 0.374737 0.638189 0.044643 0.051354
0 0.419643 0.609711 0.038866 0.046685
0 0.446166 0.579365 0.041492 0.047619
0 0.263918 0.569094 0.047794 0.049486
0 0.309874 0.547619 0.044118 0.049486
0 0.267332 0.464986 0.044118 0.052288
0 0.169643 0.510271 0.037815 0.043884
0 0.214548 0.490196 0.045693 0.046685
0 0.202468 0.428571 0.037290 0.044818
0 0.112658 0.485528 0.046744 0.048553
0 0.138130 0.449113 0.043067 0.041083
0 0.156250 0.401494 0.041492 0.046685
0 0.754989 0.681139 0.042542 0.047619
0 0.695903 0.596639 0.040966 0.044818
0 0.670956 0.522876 0.039391 0.042951
0 0.735294 0.509804 0.040966 0.044818
0 0.796481 0.707750 0.033088 0.039216
0 0.803309 0.656863 0.042542 0.047619
0 0.790179 0.593838 0.042542 0.050420
0 0.820378 0.555089 0.048319 0.049486
0 0.841912 0.731559 0.040966 0.047619
0 0.867647 0.634921 0.044118 0.044818
0 0.897584 0.766573 0.046218 0.050420
0 0.944853 0.675537 0.046218 0.047619
0 0.947742 0.792717 0.045693 0.050420
0 0.989496 0.818394 0.018908 0.053221
1 0.750525 0.747899 0.066176 0.070962
0 0.254727 0.296919 0.044118 0.056022
1 0.116597 0.196545 0.046218 0.056956
0 0.098214 0.375350 0.045168 0.050420
0 0.083508 0.413632 0.040966 0.052288
0 0.053046 0.457516 0.043067 0.048553
0 0.042542 0.346405 0.040966 0.044818
0 0.053571 0.232026 0.048319 0.051354
0 0.920693 0.619981 0.046218 0.054155
0 0.410714 0.876751 0.034664 0.082166
0 0.514706 0.338002 0.048319 0.061625
0 0.654412 0.194211 0.026261 0.069094
0 0.683298 0.126050 0.030462 0.067227
0 0.638655 0.132586 0.032563 0.070962
0 0.708508 0.042017 0.031513 0.067227
0 0.677784 0.037348 0.033088 0.072829
3 0.532038 0.274977 0.012605 0.025210
