0 0.024685 0.337068 0.027311 0.072829
0 0.022321 0.267507 0.035189 0.066293
0 0.926733 0.936041 0.041492 0.051354
0 0.735557 0.064426 0.028887 0.063492
0 0.832983 0.809991 0.040966 0.043884
0 0.632878 0.332400 0.028361 0.056022
0 0.439601 0.788982 0.031513 0.072829
2 0.473214 0.612045 0.075630 0.178338
1 0.701155 0.200747 0.030462 0.067227
0 0.685662 0.431373 0.026786 0.057890
0 0.585347 0.475724 0.030987 0.062558
0 0.529937 0.453782 0.028361 0.061625
0 0.529674 0.641923 0.032038 0.068161
0 0.683036 0.110644 0.027836 0.056956
0 0.637342 0.147526 0.030987 0.057890
0 0.642857 0.184407 0.029412 0.055089
0 0.306985 0.588702 0.040441 0.040149
0 0.325630 0.554155 0.037815 0.047619
0 0.333771 0.514939 0.039391 0.045752
0 0.252626 0.557890 0.039916 0.047619
0 0.279937 0.528945 0.037815 0.042017
0 0.286502 0.481793 0.039391 0.046685
0 0.212185 0.525677 0.034664 0.039216
0 0.231355 0.498133 0.040441 0.045752
0 0.240021 0.451914 0.034664 0.039216
0 0.164128 0.507003 0.041492 0.044818
0 0.182773 0.467320 0.040966 0.049486
0 0.199317 0.430439 0.038340 0.044818
0 0.716912 0.671335 0.040966 0.044818
0 0.718225 0.629318 0.036239 0.046685
0 0.725053 0.580299 0.036239 0.040149
0 0.742647 0.549953 0.040966 0.044818
0 0.753151 0.700280 0.034664 0.037348
0 0.773897 0.662465 0.040441 0.047619
0 0.776261 0.612979 0.042017 0.047619
0 0.801996 0.584967 0.043067 0.049486
0 0.791229 0.720822 0.039391 0.044818
0 0.848214 0.657330 0.040966 0.044818
0 0.839023 0.751634 0.040441 0.044818
0 0.880777 0.774977 0.043067 0.046685
0 0.926733 0.798786 0.040441 0.047619
1 0.584821 0.400093 0.045693 0.105509
1 0.452468 0.833800 0.032038 0.078431
0 0.592174 0.257703 0.028887 0.061625
0 0.150473 0.404295 0.040441 0.044818
0 0.137080 0.440243 0.040966 0.043884
0 0.106355 0.476190 0.041492 0.048553
0 0.102416 0.378151 0.040966 0.039216
0 0.064338 0.442110 0.041492 0.049486
0 0.100578 0.282446 0.038340 0.043884
0 0.157038 0.310458 0.044118 0.049486
0 0.057248 0.288982 0.035714 0.049486
0 0.620011 0.266106 0.030987 0.067227
1 0.490021 0.830532 0.055672 0.127918
2 0.158613 0.238095 0.087185 0.084034
0 0.972426 0.825864 0.048845 0.049486
0 0.037815 0.401494 0.025210 0.067227
0 0.011555 0.409430 0.024160 0.043884
