0 0.804622 0.206816 0.066176 0.062558
0 0.991071 0.297852 0.016807 0.059757
0 0.919643 0.423436 0.044118 0.092437
0 0.871849 0.239963 0.046218 0.091503
0 0.710872 0.171802 0.047794 0.085901
0 0.780725 0.278711 0.047794 0.086835
0 0.740284 0.358543 0.044643 0.089636
0 0.910189 0.520542 0.067227 0.071895
0 0.939601 0.570028 0.068277 0.066293
0 0.920693 0.633520 0.071429 0.066293
0 0.862920 0.569094 0.047269 0.094304
0 0.846639 0.643324 0.065126 0.059757
0 0.792542 0.742764 0.047269 0.099907
0 0.654412 0.353875 0.031513 0.095238
0 0.633929 0.419234 0.055672 0.082166
0 0.601366 0.471055 0.047269 0.099907
0 0.555672 0.440243 0.038866 0.105509
0 0.489496 0.403828 0.055672 0.084967
0 0.419118 0.286181 0.056723 0.084967
0 0.785189 0.938842 0.072479 0.094304
0 0.562237 0.892624 0.047794 0.123249
0 0.466387 0.553688 0.054622 0.108310
0 0.389706 0.497199 0.063025 0.071895
0 0.376313 0.448179 0.059349 0.076564
0 0.416229 0.198413 0.053046 0.094304
0 0.346639 0.132586 0.047269 0.080299
1 0.230567 0.107376 0.070378 0.106443
0 0.267069 0.253968 0.050945 0.074697
0 0.678571 0.971522 0.056723 0.055089
0 0.459296 0.661531 0.054097 0.079365
0 0.509979 0.821195 0.055672 0.103641
0 0.439076 0.960317 0.056723 0.071895
3 0.659139 0.644725 0.025210 0.055089
3 0.957983 0.237628 0.018908 0.043884
3 0.812763 0.570028 0.019433 0.043884
3 0.758929 0.758170 0.017857 0.056022
