0 0.694568 0.564815 0.024554 0.042328
0 0.747768 0.527778 0.031250 0.042328
0 0.853423 0.708333 0.022321 0.027778
0 0.837426 0.675265 0.027530 0.033069
0 0.870908 0.592593 0.020089 0.047619
0 0.889137 0.658730 0.020833 0.047619
0 0.122024 0.605159 0.031250 0.038360
0 0.196057 0.490079 0.026042 0.035714
0 0.009301 0.622354 0.020089 0.046296
0 0.853051 0.174603 0.027530 0.037037
1 0.959449 0.113757 0.031994 0.042328
0 0.713542 0.148810 0.025298 0.043651
0 0.738839 0.228175 0.031250 0.030423
0 0.293155 0.231481 0.019345 0.055556
0 0.255952 0.208333 0.017857 0.048942
0 0.248884 0.156085 0.018601 0.052910
0 0.281622 0.150794 0.018601 0.044974
0 0.327009 0.180556 0.021577 0.054233
0 0.168155 0.642857 0.028274 0.042328
0 0.220238 0.608466 0.028274 0.039683
0 0.331845 0.115079 0.013393 0.037037
2 0.743304 0.296296 0.063988 0.031746
0 0.593750 0.169974 0.026786 0.041005
3 0.339286 0.240079 0.010417 0.030423
0 0.106027 0.640212 0.026042 0.037037
0 0.194940 0.582011 0.025298 0.037037
0 0.290551 0.563492 0.033482 0.037037
0 0.790551 0.512566 0.026042 0.041005
1 0.866443 0.412037 0.033482 0.043651
1 0.987351 0.317460 0.022321 0.034392
0 0.023810 0.707011 0.031250 0.038360
3 0.156994 0.601852 0.011905 0.021164
0 0.142857 0.634259 0.026786 0.038360
0 0.575893 0.765212 0.023810 0.041005
0 0.594494 0.860450 0.022321 0.048942
0 0.612351 0.697090 0.023810 0.042328
0 0.645089 0.693122 0.025298 0.042328
0 0.658854 0.624339 0.026042 0.042328
0 0.683408 0.639550 0.023065 0.038360
0 0.034598 0.220899 0.029018 0.037037
