0 0.401261 0.480392 0.030462 0.070028
0 0.555672 0.789916 0.043067 0.069094
0 0.614496 0.843137 0.044118 0.041083
0 0.641282 0.646125 0.032563 0.074697
0 0.450368 0.671335 0.032038 0.072829
0 0.485819 0.652661 0.028361 0.070962
0 0.437237 0.346405 0.041492 0.048553
0 0.336134 0.616713 0.044118 0.051354
0 0.363183 0.576097 0.039391 0.046685
0 0.374737 0.535014 0.041492 0.046685
0 0.228466 0.555089 0.046218 0.051354
0 0.266544 0.522876 0.042542 0.048553
0 0.258403 0.461251 0.043067 0.054155
0 0.169905 0.513539 0.038340 0.044818
0 0.196429 0.480392 0.044118 0.047619
0 0.203256 0.428571 0.036765 0.044818
0 0.115546 0.489729 0.046218 0.047619
0 0.140756 0.450980 0.043067 0.041083
0 0.156775 0.405229 0.041492 0.046685
0 0.751838 0.681139 0.042542 0.047619
0 0.730042 0.617180 0.040966 0.044818
0 0.720588 0.549486 0.037815 0.042017
0 0.764181 0.529412 0.040966 0.044818
0 0.793855 0.707750 0.033088 0.039216
0 0.813813 0.665266 0.042542 0.047619
0 0.814338 0.608310 0.042542 0.049486
0 0.840336 0.568627 0.045168 0.050420
0 0.839811 0.735294 0.040966 0.047619
0 0.877363 0.642857 0.042542 0.042017
0 0.895483 0.769374 0.045168 0.050420
0 0.939076 0.677404 0.045168 0.047619
0 0.945116 0.793651 0.045693 0.050420
0 0.988183 0.816993 0.021534 0.054155
1 0.691439 0.715686 0.066702 0.075630
0 0.327731 0.362745 0.039916 0.064426
1 0.206145 0.251634 0.042542 0.056956
0 0.058824 0.182073 0.042017 0.048553
0 0.100315 0.375350 0.045168 0.050420
0 0.083508 0.413632 0.040966 0.052288
0 0.055147 0.458450 0.043067 0.048553
0 0.044643 0.348273 0.040966 0.044818
0 0.011555 0.420168 0.024160 0.054155
0 0.008141 0.209150 0.017332 0.033613
0 0.058824 0.241830 0.045168 0.050420
0 0.948529 0.634921 0.046218 0.054155
0 0.449580 0.762838 0.034664 0.082166
0 0.561975 0.302054 0.042017 0.070028
0 0.652311 0.197946 0.026261 0.069094
0 0.681197 0.128852 0.030462 0.067227
0 0.652836 0.095238 0.032563 0.070962
0 0.706933 0.044818 0.031513 0.067227
3 0.568015 0.211018 0.009979 0.022409
3 0.545956 0.246965 0.014181 0.023343
