0 0.031775 0.301120 0.036239 0.060691
0 0.034139 0.239496 0.040966 0.055089
0 0.793330 0.861345 0.040441 0.049486
0 0.567227 0.595705 0.028361 0.061625
0 0.526523 0.832866 0.040441 0.059757
0 0.470063 0.807656 0.034664 0.072829
0 0.606880 0.321662 0.030987 0.066293
3 0.367122 0.929505 0.012605 0.028945
3 0.360294 0.914099 0.010504 0.026144
3 0.364496 0.290850 0.016807 0.023343
0 0.309349 0.588702 0.039916 0.040149
0 0.327468 0.555556 0.038340 0.046685
0 0.337185 0.516807 0.038866 0.045752
0 0.254727 0.557423 0.039916 0.046685
0 0.282826 0.528945 0.038340 0.042017
0 0.289128 0.482726 0.039391 0.046685
0 0.214286 0.526611 0.037815 0.039216
0 0.232405 0.497199 0.040441 0.045752
0 0.241334 0.451447 0.034139 0.040149
0 0.167279 0.503268 0.041492 0.044818
0 0.184349 0.468721 0.039916 0.048553
0 0.200368 0.429972 0.038340 0.045752
0 0.716912 0.676004 0.040966 0.044818
0 0.718225 0.635854 0.036239 0.046685
0 0.720851 0.584034 0.036239 0.040149
0 0.743435 0.552754 0.040441 0.044818
0 0.750525 0.701214 0.034664 0.037348
0 0.775998 0.667134 0.040441 0.047619
0 0.813025 0.641457 0.042017 0.046685
0 0.800945 0.590570 0.040966 0.047619
0 0.789916 0.726424 0.038866 0.044818
0 0.836922 0.755369 0.040441 0.044818
0 0.881303 0.779645 0.043067 0.046685
0 0.925158 0.802521 0.040441 0.047619
0 0.120536 0.384220 0.040441 0.042017
0 0.056985 0.360411 0.041492 0.041083
0 0.110032 0.475257 0.041492 0.048553
0 0.068015 0.442110 0.041492 0.049486
0 0.104517 0.280579 0.038866 0.043884
0 0.167542 0.315593 0.044118 0.050420
0 0.066702 0.281513 0.039916 0.043884
2 0.483456 0.600840 0.038340 0.146592
1 0.630252 0.342204 0.029412 0.062558
1 0.367384 0.986928 0.023634 0.020542
0 0.738445 0.035481 0.026261 0.056022
0 0.681197 0.753035 0.042017 0.049486
0 0.616597 0.677404 0.030462 0.070028
2 0.459034 0.376751 0.084034 0.056956
0 0.550420 0.473856 0.028361 0.070028
0 0.557773 0.382820 0.030462 0.061625
0 0.972426 0.830532 0.048845 0.049486
0 0.039916 0.400093 0.025210 0.066293
0 0.013655 0.409430 0.028361 0.043884
