0 0.660342 0.625661 0.024554 0.039683
0 0.656250 0.679894 0.026786 0.042328
0 0.853423 0.708333 0.022321 0.027778
0 0.837426 0.675265 0.027530 0.033069
0 0.870536 0.592593 0.019345 0.047619
0 0.889509 0.656085 0.021577 0.047619
0 0.649926 0.884259 0.021577 0.046296
0 0.122024 0.603836 0.031250 0.038360
0 0.196057 0.490079 0.026042 0.035714
0 0.009301 0.621693 0.020089 0.044974
0 0.853051 0.174603 0.027530 0.037037
1 0.959449 0.113757 0.031994 0.042328
0 0.713542 0.148810 0.025298 0.043651
0 0.738839 0.228175 0.031250 0.030423
0 0.294643 0.231481 0.019345 0.055556
0 0.255580 0.208333 0.017113 0.048942
0 0.248884 0.156085 0.018601 0.052910
0 0.281622 0.150794 0.018601 0.044974
0 0.327009 0.182540 0.021577 0.058201
0 0.242932 0.594577 0.026042 0.038360
0 0.313988 0.541667 0.028274 0.041005
0 0.352679 0.209656 0.013393 0.027778
2 0.743304 0.296296 0.063988 0.031746
0 0.593750 0.169974 0.026786 0.041005
3 0.338542 0.240079 0.010417 0.030423
0 0.008557 0.705688 0.018601 0.041005
0 0.133557 0.636243 0.024554 0.037037
0 0.368676 0.435185 0.024554 0.050265
0 0.919643 0.375000 0.028274 0.038360
3 0.080357 0.655423 0.011905 0.019841
0 0.008557 0.738757 0.018601 0.035714
0 0.515997 0.977513 0.018601 0.039683
0 0.536086 0.872354 0.023065 0.043651
0 0.581101 0.843915 0.023810 0.044974
0 0.588542 0.744709 0.023810 0.042328
0 0.620536 0.758598 0.023810 0.041005
0 0.034970 0.221561 0.028274 0.035714
