0 0.023372 0.336134 0.027836 0.072829
0 0.022321 0.271242 0.035189 0.066293
0 0.908088 0.846405 0.040966 0.043884
0 0.663340 0.240896 0.028361 0.056022
0 0.410189 0.875817 0.031513 0.072829
2 0.447216 0.688142 0.075105 0.183007
1 0.734244 0.100840 0.030462 0.067227
0 0.676471 0.383754 0.022059 0.059757
0 0.616859 0.380486 0.030987 0.062558
0 0.507878 0.517274 0.028361 0.061625
0 0.561187 0.558357 0.032038 0.065359
0 0.667279 0.152661 0.027836 0.056956
0 0.616334 0.194211 0.030987 0.057890
0 0.628939 0.226424 0.028887 0.055089
0 0.306723 0.588702 0.040966 0.040149
0 0.325368 0.554155 0.038340 0.047619
0 0.333246 0.514472 0.039391 0.044818
0 0.252363 0.557890 0.039391 0.047619
0 0.279937 0.528945 0.037815 0.042017
0 0.285977 0.481793 0.039391 0.046685
0 0.212185 0.526144 0.034664 0.040149
0 0.231355 0.498133 0.040441 0.045752
0 0.240021 0.450980 0.034664 0.039216
0 0.164128 0.507003 0.041492 0.044818
0 0.182773 0.467320 0.040966 0.049486
0 0.199317 0.430439 0.038340 0.044818
0 0.716912 0.671335 0.040966 0.044818
0 0.718225 0.628385 0.036239 0.046685
0 0.725578 0.580299 0.036239 0.040149
0 0.744223 0.549953 0.040966 0.044818
0 0.753151 0.700280 0.034664 0.037348
0 0.774947 0.662465 0.040441 0.047619
0 0.777836 0.612979 0.042017 0.047619
0 0.802521 0.584034 0.043067 0.049486
0 0.791754 0.720822 0.039391 0.044818
0 0.835084 0.649860 0.040966 0.044818
0 0.840074 0.751634 0.040441 0.044818
0 0.880777 0.774043 0.043067 0.046685
0 0.926733 0.798786 0.040441 0.047619
1 0.577731 0.424370 0.043067 0.105509
1 0.467174 0.770775 0.029937 0.075630
0 0.566964 0.309524 0.030987 0.060691
0 0.149947 0.403361 0.040441 0.044818
0 0.136555 0.440243 0.040966 0.043884
0 0.106355 0.476190 0.041492 0.048553
0 0.102416 0.380019 0.040966 0.039216
0 0.064338 0.442110 0.041492 0.049486
0 0.096901 0.278711 0.038340 0.043884
0 0.151786 0.307656 0.044118 0.049486
0 0.055147 0.289916 0.035714 0.049486
0 0.605830 0.302521 0.030987 0.067227
1 0.514968 0.753035 0.051996 0.120448
3 0.599790 0.139122 0.010504 0.026144
2 0.100578 0.206349 0.091912 0.084034
0 0.972426 0.824930 0.048845 0.049486
0 0.037290 0.401494 0.025210 0.067227
0 0.010504 0.409430 0.022059 0.043884
