0 0.006828 0.253035 0.014706 0.067227
0 0.374212 0.920168 0.030987 0.077498
0 0.718487 0.098039 0.031513 0.063492
0 0.459296 0.765640 0.022584 0.065359
0 0.489496 0.903361 0.036765 0.068161
0 0.598214 0.439776 0.025210 0.067227
0 0.508666 0.486461 0.030987 0.072829
0 0.548319 0.434174 0.028361 0.059757
0 0.580882 0.279645 0.032563 0.066293
0 0.300420 0.588235 0.047269 0.052288
0 0.318803 0.549486 0.037815 0.047619
0 0.328519 0.510738 0.039391 0.044818
0 0.242384 0.558824 0.039391 0.047619
0 0.272584 0.521475 0.037815 0.042017
0 0.275210 0.472923 0.044118 0.049486
0 0.198004 0.521475 0.037815 0.040149
0 0.216649 0.489262 0.041492 0.046685
0 0.227941 0.445378 0.034664 0.039216
0 0.146534 0.497666 0.044118 0.048553
0 0.165704 0.457516 0.044643 0.048553
0 0.184086 0.424370 0.038340 0.045752
0 0.730042 0.676004 0.042017 0.046685
0 0.730305 0.628852 0.039391 0.047619
0 0.734506 0.577498 0.036239 0.040149
0 0.756040 0.549020 0.040441 0.044818
0 0.766807 0.701214 0.034664 0.037348
0 0.785977 0.663399 0.040441 0.047619
0 0.789391 0.613912 0.042017 0.047619
0 0.818803 0.580299 0.045168 0.049486
0 0.807511 0.724556 0.039391 0.044818
0 0.845588 0.644258 0.040966 0.044818
0 0.855830 0.754435 0.042542 0.050420
0 0.898109 0.672736 0.043067 0.049486
0 0.902836 0.778711 0.045168 0.054155
0 0.952206 0.806723 0.043067 0.048553
0 0.686975 0.827731 0.040966 0.049486
1 0.573792 0.589636 0.043592 0.112979
0 0.452468 0.623249 0.024685 0.068161
1 0.425158 0.459384 0.039391 0.063492
0 0.334559 0.359010 0.037815 0.043884
0 0.132090 0.394024 0.040441 0.044818
0 0.116859 0.430439 0.041492 0.046685
0 0.089548 0.469655 0.041492 0.050420
0 0.080357 0.366013 0.040966 0.039216
0 0.045168 0.437442 0.042017 0.051354
0 0.036765 0.241363 0.040966 0.040149
0 0.095326 0.268441 0.047794 0.051354
0 0.030462 0.272176 0.040966 0.049486
0 0.522584 0.532680 0.031513 0.070028
0 0.644958 0.129318 0.032563 0.068161
0 0.650473 0.190476 0.028887 0.061625
0 0.682248 0.120448 0.028361 0.061625
1 0.661765 0.308123 0.056723 0.123249
0 0.988445 0.834267 0.019958 0.049486
0 0.012868 0.390289 0.024685 0.067227
