0 0.851935 0.725529 0.020833 0.027778
0 0.836682 0.692460 0.024554 0.033069
0 0.872024 0.609788 0.016369 0.047619
0 0.881696 0.676587 0.013393 0.043651
0 0.124628 0.594577 0.027530 0.033069
0 0.200521 0.486111 0.026042 0.035714
0 0.011161 0.607804 0.022321 0.054233
0 0.856771 0.188492 0.027530 0.030423
1 0.963542 0.133598 0.031250 0.037037
1 0.717262 0.162037 0.020833 0.041005
0 0.740699 0.242063 0.026042 0.023810
0 0.300967 0.228175 0.018601 0.054233
0 0.260417 0.205688 0.019345 0.043651
0 0.252976 0.154762 0.017857 0.052910
0 0.286086 0.148810 0.017113 0.046296
2 0.752232 0.308862 0.065476 0.030423
0 0.597842 0.179894 0.024554 0.039683
0 0.372024 0.177249 0.019345 0.047619
0 0.393973 0.300265 0.018601 0.039683
0 0.413318 0.389550 0.018601 0.046296
0 0.435268 0.508598 0.014881 0.038360
0 0.203869 0.554894 0.026786 0.033069
0 0.464286 0.755952 0.023810 0.051587
0 0.495164 0.888228 0.018601 0.051587
0 0.455357 0.904762 0.016369 0.042328
3 0.345610 0.036376 0.014137 0.027778
3 0.356399 0.087302 0.010417 0.023810
3 0.334821 0.330688 0.014881 0.039683
3 0.383929 0.588624 0.013393 0.021164
3 0.614583 0.663360 0.014881 0.019841
3 0.490327 0.964947 0.010417 0.022487
0 0.901414 0.320767 0.031994 0.030423
0 0.575149 0.398148 0.025298 0.026455
0 0.206473 0.643519 0.030506 0.038360
1 0.236979 0.623016 0.029018 0.029101
1 0.268601 0.607143 0.029762 0.031746
0 0.957961 0.307540 0.030506 0.033069
0 0.604539 0.386243 0.024554 0.023810
0 0.644717 0.386243 0.029018 0.026455
0 0.646577 0.649471 0.026786 0.039683
0 0.653646 0.690476 0.026042 0.039683
0 0.688616 0.589286 0.026042 0.038360
0 0.695685 0.624339 0.026786 0.042328
0 0.401786 0.449074 0.019345 0.054233
0 0.040551 0.210979 0.027530 0.033069
