0 0.426996 0.551821 0.028361 0.069094
0 0.519958 0.829132 0.040966 0.070962
0 0.578256 0.843137 0.042017 0.048553
0 0.626576 0.611111 0.029412 0.073763
0 0.470588 0.611111 0.030462 0.070028
0 0.504727 0.590103 0.027311 0.069094
0 0.483718 0.354809 0.039916 0.048553
0 0.316439 0.605509 0.042542 0.051354
0 0.334821 0.558357 0.039391 0.042951
0 0.348477 0.519141 0.041492 0.046685
0 0.227941 0.551354 0.043067 0.051354
0 0.263393 0.521942 0.041492 0.046685
0 0.263918 0.466853 0.041492 0.048553
0 0.179884 0.517740 0.038340 0.043884
0 0.200368 0.484127 0.044643 0.049486
0 0.210609 0.433240 0.035714 0.044818
0 0.125263 0.493464 0.044643 0.045752
0 0.146534 0.452381 0.043067 0.042017
0 0.163340 0.409897 0.040966 0.046685
0 0.746586 0.681139 0.042542 0.047619
0 0.739496 0.624650 0.040966 0.044818
0 0.736870 0.567694 0.037815 0.042951
0 0.769170 0.539683 0.041492 0.044818
0 0.787553 0.707750 0.033088 0.039216
0 0.808036 0.662465 0.042542 0.047619
0 0.812500 0.613912 0.043067 0.049486
0 0.839811 0.577965 0.045168 0.050420
0 0.831408 0.731559 0.040966 0.047619
0 0.871586 0.642857 0.041492 0.042017
0 0.886029 0.764706 0.044118 0.050420
0 0.930410 0.678338 0.043592 0.047619
0 0.935137 0.790850 0.045693 0.050420
0 0.981092 0.816993 0.035714 0.054155
0 0.918330 0.938375 0.045693 0.052288
1 0.651261 0.687675 0.063025 0.081232
0 0.374475 0.422502 0.036765 0.064426
1 0.270221 0.297386 0.042542 0.056956
0 0.134454 0.231559 0.042017 0.048553
0 0.110294 0.381886 0.045168 0.050420
0 0.096113 0.423903 0.040966 0.052288
0 0.066702 0.464986 0.043067 0.048553
0 0.055147 0.359477 0.038866 0.044818
0 0.019170 0.425770 0.037290 0.054155
0 0.014706 0.219421 0.030462 0.033613
0 0.068803 0.248366 0.045168 0.050420
0 0.008929 0.253968 0.018908 0.054155
0 0.960084 0.646125 0.046218 0.054155
0 0.472164 0.697946 0.033613 0.077498
0 0.588761 0.263305 0.035714 0.076564
0 0.649685 0.202148 0.026261 0.068161
0 0.678046 0.135387 0.030462 0.067227
0 0.662290 0.070028 0.032563 0.070962
0 0.705357 0.047619 0.031513 0.067227
1 0.747374 0.059757 0.051471 0.093371
3 0.557511 0.238095 0.009979 0.022409
3 0.552521 0.234827 0.014706 0.021475
