0 0.390231 0.118581 0.053571 0.061625
0 0.399160 0.224090 0.049370 0.084034
0 0.565651 0.106443 0.040966 0.067227
0 0.535714 0.022409 0.025210 0.046685
0 0.598477 0.119514 0.037290 0.074697
0 0.551733 0.265173 0.029937 0.080299
0 0.381565 0.074230 0.056197 0.055089
0 0.405725 0.024743 0.024685 0.051354
3 0.490809 0.046218 0.012080 0.036415
0 0.315389 0.289916 0.030987 0.088702
0 0.405725 0.303455 0.028887 0.089636
0 0.406513 0.398226 0.028361 0.090570
0 0.577731 0.336601 0.043067 0.083100
0 0.613445 0.343137 0.055672 0.071895
0 0.624475 0.408497 0.054622 0.084967
0 0.566702 0.420635 0.028361 0.084967
0 0.584034 0.489729 0.050420 0.092437
0 0.582458 0.619514 0.032563 0.111111
0 0.341387 0.486928 0.055672 0.083100
0 0.347952 0.561158 0.059349 0.065359
0 0.338235 0.643791 0.060924 0.088702
0 0.293592 0.671802 0.047269 0.116713
0 0.216649 0.725023 0.068803 0.056956
0 0.102153 0.725957 0.078256 0.066293
0 0.648109 0.758637 0.070378 0.079365
0 0.413078 0.821195 0.041492 0.126050
0 0.261029 0.879085 0.077731 0.075630
0 0.165704 0.937908 0.063550 0.112979
0 0.126313 0.925770 0.058298 0.126050
0 0.063025 0.655929 0.076681 0.071895
3 0.500263 0.402428 0.015231 0.044818
3 0.537290 0.632120 0.018908 0.056022
3 0.469275 0.858077 0.016282 0.054155
3 0.545693 0.471522 0.017857 0.056022
