0 0.912290 0.184874 0.063025 0.061625
0 0.866334 0.278245 0.068803 0.057890
0 0.969013 0.521942 0.044118 0.091503
0 0.927521 0.135854 0.064076 0.073763
0 0.882090 0.410831 0.053046 0.093371
0 0.772321 0.223623 0.050945 0.083100
0 0.835872 0.349673 0.053046 0.084967
0 0.788866 0.420168 0.048319 0.089636
0 0.953782 0.619048 0.065126 0.072829
0 0.972164 0.670868 0.053571 0.066293
0 0.955882 0.731559 0.072479 0.066293
0 0.900998 0.658730 0.053046 0.094304
0 0.879202 0.729225 0.065126 0.059757
0 0.816439 0.815593 0.053046 0.099907
0 0.703256 0.396825 0.031513 0.095238
0 0.676733 0.455649 0.053046 0.089636
0 0.634979 0.500000 0.038866 0.099907
0 0.595326 0.464052 0.044643 0.104575
0 0.531775 0.409430 0.054097 0.088702
0 0.472164 0.281513 0.055672 0.090570
0 0.792542 0.978058 0.072479 0.042017
0 0.540966 0.957983 0.059874 0.076564
0 0.501050 0.555556 0.050420 0.112045
0 0.428046 0.479925 0.063025 0.061625
0 0.418855 0.433240 0.059349 0.067227
0 0.472689 0.192810 0.050420 0.094304
0 0.410452 0.113912 0.044643 0.082166
1 0.297269 0.070028 0.067227 0.108310
0 0.323529 0.218487 0.050420 0.067227
0 0.486082 0.659197 0.057248 0.072829
0 0.525735 0.828665 0.057773 0.099907
0 0.443277 0.957983 0.063025 0.080299
3 0.655987 0.736695 0.025210 0.046685
3 0.902048 0.555089 0.020483 0.042017
3 0.762080 0.863679 0.017857 0.056022
