0 0.021008 0.333333 0.027311 0.072829
0 0.018645 0.268441 0.032038 0.066293
0 0.711660 0.098039 0.025210 0.056022
2 0.404674 0.818861 0.075105 0.188609
0 0.690126 0.288982 0.022059 0.058824
0 0.668330 0.221755 0.030987 0.062558
0 0.471113 0.626984 0.028361 0.062558
0 0.608193 0.427638 0.031513 0.063492
0 0.646271 0.212418 0.027836 0.056956
0 0.579832 0.288515 0.031513 0.063492
0 0.605567 0.278711 0.026261 0.056956
0 0.648372 0.121849 0.027836 0.062558
0 0.306197 0.588702 0.040966 0.040149
0 0.325105 0.554155 0.037815 0.047619
0 0.332721 0.514472 0.039391 0.044818
0 0.251838 0.557890 0.039391 0.047619
0 0.279412 0.528945 0.037815 0.042017
0 0.285452 0.481793 0.039391 0.046685
0 0.210872 0.526144 0.035189 0.040149
0 0.230305 0.498133 0.040441 0.045752
0 0.240021 0.450980 0.034664 0.039216
0 0.164391 0.505135 0.040966 0.044818
0 0.182773 0.467320 0.040966 0.049486
0 0.199317 0.430439 0.038340 0.044818
0 0.716912 0.671335 0.040966 0.044818
0 0.719800 0.628385 0.036239 0.046685
0 0.726103 0.579365 0.036239 0.040149
0 0.746849 0.550887 0.040966 0.044818
0 0.753676 0.700280 0.034664 0.037348
0 0.775998 0.662465 0.040441 0.047619
0 0.779937 0.612979 0.042017 0.047619
0 0.803834 0.583100 0.043592 0.049486
0 0.792805 0.720822 0.039391 0.044818
0 0.828782 0.645191 0.040966 0.044818
0 0.841649 0.751634 0.040441 0.044818
0 0.944065 0.708217 0.043592 0.045752
0 0.882353 0.774043 0.043067 0.046685
0 0.926733 0.797852 0.040441 0.047619
0 0.495273 0.876751 0.036765 0.065359
1 0.567752 0.466853 0.040966 0.106443
0 0.439601 0.856209 0.031513 0.070962
1 0.483718 0.676937 0.025210 0.070962
0 0.517332 0.382353 0.034664 0.053221
0 0.148897 0.402428 0.040441 0.044818
0 0.133403 0.439309 0.040966 0.043884
0 0.105305 0.476190 0.041492 0.048553
0 0.098739 0.380019 0.040966 0.039216
0 0.062763 0.442110 0.041492 0.049486
0 0.083246 0.266106 0.040441 0.048553
0 0.141807 0.303922 0.045168 0.049486
0 0.051996 0.289916 0.035714 0.049486
0 0.578782 0.366013 0.031513 0.067227
0 0.679097 0.105976 0.026261 0.062558
1 0.559349 0.620915 0.052521 0.113912
2 0.025998 0.156863 0.053046 0.084034
0 0.973477 0.824930 0.046744 0.049486
0 0.036239 0.400560 0.025210 0.067227
0 0.008666 0.409430 0.018382 0.043884
