0 0.026261 0.323529 0.027311 0.066293
0 0.025210 0.257703 0.037815 0.063492
0 0.748687 0.053221 0.027836 0.056022
0 0.764181 0.840336 0.042017 0.048553
0 0.657300 0.291317 0.033088 0.065359
0 0.682511 0.766106 0.040441 0.043884
0 0.560662 0.536881 0.027836 0.056022
0 0.499737 0.612045 0.030987 0.066293
2 0.528361 0.453315 0.075630 0.178338
1 0.612132 0.469188 0.032038 0.070028
0 0.746061 0.511671 0.037290 0.044818
0 0.509191 0.693277 0.030987 0.071895
0 0.585084 0.301587 0.028361 0.061625
0 0.456670 0.845472 0.032038 0.068161
0 0.686187 0.080299 0.025735 0.052288
0 0.307511 0.588702 0.040441 0.040149
0 0.326155 0.554622 0.037815 0.046685
0 0.334559 0.515406 0.038866 0.044818
0 0.253151 0.557890 0.039916 0.047619
0 0.280987 0.528945 0.037815 0.042017
0 0.287027 0.481793 0.039391 0.046685
0 0.212710 0.525677 0.034664 0.039216
0 0.231355 0.498133 0.040441 0.045752
0 0.240021 0.451914 0.034664 0.039216
0 0.165179 0.507003 0.041492 0.044818
0 0.183036 0.467787 0.040441 0.048553
0 0.199842 0.430439 0.038340 0.044818
0 0.716912 0.672269 0.040966 0.044818
0 0.718225 0.631186 0.036239 0.046685
0 0.723477 0.581232 0.036239 0.040149
0 0.742647 0.554622 0.040966 0.044818
0 0.752101 0.700280 0.034664 0.037348
0 0.772321 0.661531 0.040441 0.047619
0 0.775210 0.615780 0.042017 0.047619
0 0.800158 0.586368 0.041492 0.048553
0 0.789653 0.720822 0.039391 0.044818
0 0.909401 0.692810 0.040441 0.044818
0 0.837973 0.752568 0.040441 0.044818
0 0.880777 0.776844 0.043067 0.046685
0 0.926208 0.800654 0.040441 0.047619
1 0.612395 0.316527 0.047269 0.102708
0 0.642857 0.141923 0.027311 0.061625
0 0.151523 0.406162 0.040441 0.044818
0 0.136555 0.440243 0.040966 0.043884
0 0.107405 0.476190 0.041492 0.048553
0 0.088761 0.372549 0.040966 0.039216
0 0.065389 0.442110 0.041492 0.049486
0 0.102153 0.282446 0.038340 0.043884
0 0.163866 0.313725 0.044118 0.050420
0 0.060399 0.286181 0.037815 0.047619
0 0.659139 0.166667 0.030462 0.062558
2 0.287027 0.323529 0.085609 0.096172
0 0.970851 0.928105 0.039391 0.052288
2 0.110294 0.202614 0.091387 0.089636
0 0.414653 0.867414 0.032038 0.076564
0 0.394958 0.841270 0.030462 0.065359
0 0.972426 0.826797 0.048845 0.049486
0 0.038866 0.402428 0.025210 0.067227
0 0.013130 0.409430 0.027311 0.043884
