0 0.006303 0.252101 0.013655 0.067227
0 0.371586 0.927638 0.030987 0.077498
0 0.721639 0.091036 0.031513 0.062558
0 0.460609 0.759104 0.022059 0.065359
0 0.491597 0.899627 0.036765 0.068161
0 0.597952 0.446312 0.024685 0.067227
0 0.507616 0.491130 0.030987 0.072829
0 0.546744 0.437908 0.028361 0.059757
0 0.578782 0.283380 0.032563 0.066293
0 0.300945 0.588235 0.047269 0.052288
0 0.318277 0.549486 0.037815 0.047619
0 0.327994 0.510738 0.039391 0.044818
0 0.241859 0.558824 0.039391 0.047619
0 0.272584 0.521475 0.037815 0.042017
0 0.274947 0.472923 0.044643 0.049486
0 0.197479 0.521475 0.037815 0.040149
0 0.216124 0.489262 0.041492 0.046685
0 0.227416 0.445378 0.034664 0.039216
0 0.146008 0.497666 0.044118 0.048553
0 0.165179 0.457516 0.044643 0.048553
0 0.184086 0.423436 0.038340 0.045752
0 0.730567 0.676004 0.042017 0.046685
0 0.730830 0.628852 0.039391 0.047619
0 0.735032 0.577498 0.036239 0.040149
0 0.756565 0.549020 0.040441 0.044818
0 0.767332 0.701214 0.034664 0.037348
0 0.786502 0.663399 0.040441 0.047619
0 0.789916 0.613912 0.042017 0.047619
0 0.819328 0.579832 0.045168 0.050420
0 0.808036 0.724556 0.039391 0.044818
0 0.846113 0.645191 0.040966 0.044818
0 0.856355 0.754435 0.042542 0.050420
0 0.899160 0.672736 0.043067 0.049486
0 0.903887 0.779178 0.045168 0.055089
0 0.953256 0.807656 0.043067 0.048553
0 0.692227 0.829599 0.040966 0.049486
1 0.575368 0.592437 0.044643 0.112979
0 0.451418 0.617647 0.024685 0.068161
1 0.422006 0.454715 0.039391 0.063492
0 0.329307 0.356676 0.037815 0.044818
0 0.131565 0.394024 0.040441 0.044818
0 0.116071 0.430439 0.042017 0.046685
0 0.088761 0.468721 0.042017 0.050420
0 0.079307 0.366013 0.040966 0.039216
0 0.044643 0.437442 0.042017 0.051354
0 0.035714 0.240430 0.040966 0.040149
0 0.094538 0.267974 0.047269 0.052288
0 0.029937 0.272176 0.040966 0.049486
0 0.521534 0.537348 0.031513 0.070028
0 0.643382 0.133987 0.032563 0.068161
0 0.650210 0.192344 0.028361 0.061625
0 0.681723 0.120915 0.028361 0.062558
1 0.663866 0.301587 0.056723 0.123249
0 0.988971 0.834267 0.018908 0.049486
0 0.012868 0.390289 0.024685 0.067227
