0 0.032300 0.301120 0.035189 0.060691
0 0.035189 0.238562 0.040966 0.055089
0 0.632878 0.811858 0.037815 0.036415
0 0.506303 0.783380 0.028361 0.061625
0 0.464548 0.935574 0.035189 0.070962
0 0.441176 0.892624 0.034664 0.072829
0 0.663866 0.175537 0.031513 0.061625
3 0.417542 0.744164 0.012605 0.022409
3 0.382353 0.816993 0.010504 0.022409
3 0.462973 0.351541 0.016282 0.023343
0 0.309874 0.588702 0.039916 0.040149
0 0.327994 0.555556 0.038340 0.046685
0 0.337973 0.517274 0.038340 0.044818
0 0.255252 0.556956 0.039916 0.045752
0 0.283613 0.528945 0.037815 0.042017
0 0.289653 0.483660 0.039391 0.046685
0 0.214286 0.528945 0.037815 0.038282
0 0.232931 0.497199 0.040441 0.045752
0 0.242910 0.453315 0.034139 0.043884
0 0.167805 0.503735 0.041492 0.045752
0 0.185399 0.468721 0.039916 0.048553
0 0.200368 0.429972 0.038340 0.045752
0 0.716912 0.677871 0.040966 0.044818
0 0.726103 0.640523 0.036239 0.046685
0 0.720851 0.585901 0.036239 0.040149
0 0.743172 0.556489 0.040966 0.044818
0 0.750525 0.704015 0.034664 0.037348
0 0.794380 0.683007 0.040441 0.047619
0 0.845063 0.665266 0.043067 0.047619
0 0.801471 0.595705 0.040966 0.046685
0 0.790966 0.727358 0.038866 0.044818
0 0.836922 0.758170 0.040441 0.044818
0 0.881565 0.781513 0.042542 0.046685
0 0.925158 0.805789 0.040441 0.046685
0 0.065126 0.359010 0.042017 0.040149
0 0.110557 0.474323 0.041492 0.048553
0 0.068803 0.442110 0.040966 0.049486
0 0.111870 0.285247 0.038866 0.043884
0 0.169118 0.315593 0.044118 0.050420
0 0.067227 0.281979 0.039916 0.042951
2 0.491071 0.703548 0.042017 0.148459
0 0.779412 0.854809 0.040966 0.049486
0 0.928046 0.906162 0.036765 0.042017
1 0.585609 0.465453 0.029412 0.062558
1 0.393382 0.905696 0.089286 0.184874
0 0.693540 0.171335 0.026786 0.062558
0 0.615021 0.678338 0.030462 0.071895
0 0.597426 0.574230 0.023634 0.069094
2 0.540704 0.343137 0.081408 0.111111
0 0.737920 0.090570 0.032563 0.065359
0 0.777048 0.011204 0.030987 0.024276
0 0.589023 0.366013 0.028887 0.063492
0 0.610294 0.251634 0.029412 0.062558
0 0.972952 0.833333 0.048845 0.049486
0 0.039391 0.400093 0.025210 0.066293
0 0.013918 0.409430 0.028887 0.043884
