0 0.722470 0.521164 0.025298 0.042328
0 0.866815 0.369709 0.035714 0.043651
0 0.853423 0.708333 0.022321 0.027778
0 0.837426 0.674603 0.027530 0.034392
0 0.871280 0.592593 0.019345 0.047619
0 0.890253 0.656746 0.021577 0.048942
0 0.123512 0.602513 0.031250 0.038360
0 0.196801 0.489418 0.026042 0.034392
0 0.009301 0.621693 0.020089 0.047619
0 0.853051 0.173280 0.027530 0.037037
1 0.959449 0.113757 0.031994 0.042328
0 0.713542 0.148810 0.025298 0.043651
0 0.738839 0.226852 0.031250 0.030423
0 0.293899 0.231481 0.019345 0.055556
0 0.256696 0.208333 0.019345 0.048942
0 0.249256 0.155423 0.019345 0.054233
0 0.281622 0.150794 0.018601 0.044974
0 0.328125 0.178571 0.022321 0.052910
0 0.158110 0.648148 0.029018 0.039683
0 0.197173 0.623016 0.031250 0.034392
2 0.743304 0.296296 0.063988 0.031746
0 0.593750 0.169974 0.026786 0.041005
3 0.339286 0.241402 0.010417 0.030423
0 0.170759 0.587302 0.024554 0.039683
0 0.251488 0.531085 0.023810 0.035714
0 0.248140 0.589286 0.030506 0.035714
0 0.707217 0.644841 0.026042 0.043651
1 0.756696 0.559524 0.025298 0.042328
1 0.885417 0.411376 0.023810 0.039683
0 0.052827 0.685185 0.025298 0.034392
0 0.118676 0.641534 0.026042 0.039683
3 0.202381 0.570106 0.013393 0.021164
0 0.200521 0.593915 0.026042 0.037037
0 0.625744 0.675265 0.023810 0.041005
0 0.645833 0.699735 0.025298 0.042328
0 0.650298 0.633598 0.023810 0.042328
0 0.677827 0.640873 0.025298 0.041005
0 0.678199 0.593254 0.026042 0.038360
0 0.704241 0.603175 0.024554 0.039683
0 0.034598 0.219577 0.029018 0.037037
