0 0.512080 0.057890 0.052521 0.084034
0 0.652836 0.135387 0.031513 0.084034
0 0.423582 0.096639 0.033088 0.088702
0 0.509716 0.136321 0.032038 0.089636
0 0.498424 0.228758 0.028361 0.089636
0 0.673582 0.224090 0.050945 0.085901
0 0.705620 0.237628 0.057248 0.071895
0 0.710872 0.309991 0.057248 0.074697
0 0.651786 0.305322 0.028361 0.095238
0 0.660452 0.383287 0.049895 0.088702
0 0.646008 0.507003 0.031513 0.100840
0 0.427784 0.302054 0.048845 0.090570
0 0.432511 0.372549 0.054097 0.065359
0 0.414128 0.448179 0.057248 0.089636
0 0.370798 0.462185 0.040966 0.106443
0 0.297794 0.486461 0.060924 0.061625
0 0.195641 0.453782 0.065651 0.059757
0 0.689601 0.666667 0.066176 0.063492
0 0.481092 0.680205 0.049370 0.105509
0 0.322479 0.643324 0.069328 0.080299
0 0.236607 0.665733 0.063550 0.104575
0 0.208246 0.633520 0.059349 0.098039
0 0.167017 0.376284 0.065126 0.069094
0 0.075893 0.377218 0.064601 0.059757
0 0.033876 0.559757 0.050945 0.077498
0 0.627363 0.819795 0.037290 0.123249
0 0.350840 0.742297 0.048319 0.097106
0 0.441964 0.831466 0.037290 0.118581
3 0.550945 0.365079 0.015756 0.044818
3 0.613971 0.265640 0.015756 0.045752
3 0.490809 0.887021 0.016282 0.054155
3 0.589811 0.697946 0.015756 0.055089
3 0.622374 0.434174 0.017857 0.056022
