0 0.025735 0.332866 0.027311 0.070028
0 0.022847 0.263772 0.035189 0.066293
0 0.841124 0.885621 0.041492 0.051354
0 0.698004 0.172269 0.031513 0.066293
0 0.756040 0.778245 0.040441 0.043884
0 0.596376 0.436975 0.027836 0.056022
0 0.470326 0.696078 0.030987 0.071895
2 0.500000 0.534547 0.075630 0.178338
1 0.659139 0.327731 0.030462 0.067227
0 0.707195 0.478525 0.034139 0.051354
0 0.549107 0.580766 0.030987 0.067227
0 0.556723 0.379085 0.028361 0.061625
0 0.492384 0.742764 0.032038 0.068161
0 0.700105 0.062558 0.027311 0.057890
0 0.657300 0.090570 0.029937 0.057890
0 0.664128 0.133520 0.025735 0.052288
0 0.307248 0.588702 0.040966 0.040149
0 0.325893 0.554155 0.038340 0.047619
0 0.334296 0.515406 0.039391 0.044818
0 0.252889 0.557890 0.039391 0.047619
0 0.280462 0.528945 0.037815 0.042017
0 0.287027 0.481793 0.039391 0.046685
0 0.212185 0.525677 0.034664 0.039216
0 0.231355 0.498133 0.040441 0.045752
0 0.240021 0.451914 0.034664 0.039216
0 0.164653 0.507003 0.041492 0.044818
0 0.183036 0.467787 0.040441 0.048553
0 0.199317 0.430439 0.038340 0.044818
0 0.716912 0.672269 0.040966 0.044818
0 0.718225 0.630252 0.036239 0.046685
0 0.724527 0.581232 0.036239 0.040149
0 0.742647 0.551821 0.040966 0.044818
0 0.752626 0.700280 0.034664 0.037348
0 0.773372 0.661531 0.040441 0.047619
0 0.774685 0.612979 0.042017 0.047619
0 0.801208 0.585434 0.042542 0.048553
0 0.790179 0.720822 0.039391 0.044818
0 0.874737 0.673203 0.040441 0.044818
0 0.838498 0.751634 0.040441 0.044818
0 0.880777 0.775910 0.043067 0.046685
0 0.926733 0.799720 0.040441 0.047619
1 0.596901 0.363679 0.046744 0.105509
1 0.430935 0.904762 0.032038 0.078431
0 0.620798 0.197946 0.027311 0.061625
0 0.150998 0.405229 0.040441 0.044818
0 0.137605 0.440243 0.040966 0.043884
0 0.106880 0.476190 0.041492 0.048553
0 0.099790 0.378151 0.040966 0.039216
0 0.064863 0.442110 0.041492 0.049486
0 0.101628 0.282446 0.038340 0.043884
0 0.163340 0.313725 0.044118 0.050420
0 0.058824 0.287582 0.036765 0.048553
0 0.638130 0.218954 0.030462 0.062558
1 0.461134 0.917367 0.056723 0.127918
2 0.223477 0.279645 0.087710 0.092437
2 0.041229 0.164799 0.073004 0.081232
0 0.367384 0.984127 0.032038 0.029879
0 0.351891 0.966387 0.030462 0.056022
0 0.972426 0.825864 0.048845 0.049486
0 0.038340 0.401494 0.025210 0.067227
0 0.012605 0.409430 0.026261 0.043884
