0 0.634301 0.664021 0.027530 0.042328
0 0.624256 0.740079 0.026786 0.043651
0 0.853423 0.708333 0.022321 0.027778
0 0.837426 0.675265 0.027530 0.033069
0 0.870536 0.592593 0.019345 0.047619
0 0.889509 0.656746 0.021577 0.048942
0 0.676339 0.780423 0.022321 0.044974
0 0.648438 0.872354 0.020089 0.046296
0 0.123140 0.603175 0.031994 0.037037
0 0.196057 0.490079 0.026042 0.035714
0 0.009301 0.621693 0.020089 0.044974
0 0.853051 0.174603 0.027530 0.037037
1 0.959449 0.113757 0.031994 0.042328
0 0.713542 0.148810 0.025298 0.043651
0 0.738839 0.229497 0.031250 0.030423
0 0.295387 0.231481 0.019345 0.055556
0 0.255580 0.208333 0.017113 0.048942
0 0.248884 0.156085 0.018601 0.052910
0 0.281622 0.150794 0.018601 0.044974
0 0.327009 0.179233 0.020089 0.048942
0 0.293527 0.031746 0.023065 0.047619
0 0.296503 0.559524 0.027530 0.039683
0 0.354167 0.481481 0.025298 0.050265
0 0.354167 0.220238 0.013393 0.038360
2 0.743304 0.296296 0.063988 0.031746
0 0.593750 0.169974 0.026786 0.041005
3 0.338542 0.241402 0.010417 0.030423
0 0.092262 0.663360 0.025298 0.035714
0 0.380952 0.348545 0.014881 0.054233
0 0.982515 0.332672 0.027530 0.038360
3 0.035714 0.689815 0.011905 0.019841
0 0.511905 0.970899 0.022321 0.044974
0 0.565476 0.908069 0.023810 0.043651
0 0.553571 0.818783 0.023810 0.042328
0 0.592262 0.833995 0.022321 0.041005
0 0.034970 0.221561 0.028274 0.035714
