0 0.031775 0.301120 0.036239 0.060691
0 0.034139 0.239496 0.040966 0.055089
0 0.763655 0.848739 0.039916 0.046685
0 0.556723 0.630252 0.028361 0.061625
0 0.514968 0.847339 0.038340 0.062558
0 0.463235 0.828198 0.034664 0.072829
0 0.616334 0.295518 0.030987 0.066293
3 0.377626 0.894958 0.012605 0.028945
3 0.364496 0.896359 0.010504 0.024276
3 0.383929 0.303922 0.016807 0.023343
0 0.309349 0.588702 0.039916 0.040149
0 0.327731 0.555556 0.037815 0.046685
0 0.337185 0.516807 0.038866 0.045752
0 0.254727 0.557423 0.039916 0.046685
0 0.282826 0.528945 0.038340 0.042017
0 0.289128 0.482726 0.039391 0.046685
0 0.214286 0.527544 0.037815 0.039216
0 0.232405 0.497199 0.040441 0.045752
0 0.241334 0.451914 0.034139 0.041083
0 0.167805 0.503268 0.041492 0.044818
0 0.184349 0.468721 0.039916 0.048553
0 0.200368 0.429972 0.038340 0.045752
0 0.716912 0.676004 0.040966 0.044818
0 0.718225 0.635854 0.036239 0.046685
0 0.720851 0.584034 0.036239 0.040149
0 0.743435 0.553688 0.040441 0.044818
0 0.750525 0.701214 0.034664 0.037348
0 0.777048 0.668067 0.040441 0.047619
0 0.817752 0.645191 0.042017 0.046685
0 0.801471 0.591503 0.040966 0.047619
0 0.790441 0.726424 0.038866 0.044818
0 0.836922 0.756303 0.040441 0.044818
0 0.881303 0.779645 0.043067 0.046685
0 0.925158 0.803455 0.040441 0.047619
0 0.111870 0.380019 0.040966 0.041083
0 0.048582 0.356209 0.041492 0.038282
0 0.110032 0.474323 0.041492 0.048553
0 0.068015 0.442110 0.041492 0.049486
0 0.105567 0.281513 0.038866 0.043884
0 0.168067 0.315593 0.044118 0.050420
0 0.066702 0.281513 0.039916 0.043884
2 0.487395 0.619981 0.032563 0.147526
0 0.969800 0.972456 0.036239 0.047619
1 0.621324 0.365546 0.029412 0.062558
1 0.373424 0.971055 0.034664 0.054155
0 0.730567 0.054155 0.026261 0.061625
0 0.666229 0.741363 0.040441 0.054155
0 0.609769 0.661531 0.028361 0.070028
2 0.474790 0.373016 0.084034 0.066293
0 0.767857 0.014006 0.032563 0.029879
0 0.556197 0.457983 0.028361 0.070028
0 0.568015 0.358077 0.029937 0.062558
0 0.972426 0.830532 0.048845 0.049486
0 0.039916 0.400093 0.025210 0.066293
0 0.013918 0.409430 0.028887 0.043884
