0 0.357668 0.588235 0.044118 0.108310
0 0.532300 0.970121 0.043592 0.056022
0 0.500525 0.878151 0.047269 0.122316
0 0.453256 0.696545 0.037815 0.112045
0 0.423845 0.600840 0.044118 0.107376
0 0.394958 0.485994 0.053571 0.101774
0 0.355305 0.362745 0.047794 0.094304
0 0.314601 0.607376 0.047269 0.112979
0 0.332195 0.176937 0.034139 0.084967
0 0.300683 0.224556 0.041492 0.094304
0 0.318803 0.137722 0.040966 0.088702
0 0.274947 0.122782 0.037290 0.077498
0 0.213761 0.574230 0.054622 0.093371
0 0.287027 0.808123 0.047794 0.122316
0 0.169643 0.363212 0.043067 0.095238
0 0.137868 0.267040 0.035189 0.102708
0 0.093750 0.362278 0.053046 0.097106
0 0.110294 0.151727 0.047269 0.094304
3 0.288603 0.308123 0.019433 0.044818
3 0.194065 0.475257 0.015231 0.052288
