0 0.554688 0.833995 0.021577 0.043651
0 0.554688 0.912037 0.023065 0.048942
0 0.853423 0.708333 0.022321 0.027778
0 0.837426 0.675265 0.027530 0.033069
0 0.870536 0.592593 0.019345 0.047619
0 0.888393 0.657407 0.020833 0.047619
0 0.759673 0.568122 0.023810 0.043651
0 0.728423 0.632275 0.023810 0.044974
0 0.123140 0.605159 0.031994 0.038360
0 0.196429 0.496032 0.025298 0.037037
0 0.009301 0.622354 0.020089 0.048942
0 0.853051 0.174603 0.027530 0.037037
1 0.959449 0.113757 0.031994 0.042328
0 0.713542 0.148810 0.025298 0.043651
0 0.738839 0.229497 0.031250 0.030423
0 0.296875 0.231481 0.019345 0.055556
0 0.255952 0.208995 0.017857 0.047619
0 0.248884 0.156085 0.018601 0.052910
0 0.280506 0.151455 0.019345 0.046296
0 0.328497 0.182540 0.021577 0.050265
0 0.314360 0.130291 0.020089 0.046296
0 0.301339 0.052910 0.020833 0.047619
0 0.385789 0.392857 0.020089 0.050265
0 0.382440 0.259259 0.019345 0.055556
0 0.353795 0.218915 0.012649 0.035714
2 0.743304 0.296296 0.063988 0.031746
0 0.593750 0.169974 0.026786 0.041005
3 0.342634 0.260582 0.011161 0.029101
0 0.351562 0.116402 0.023065 0.055556
0 0.035342 0.222222 0.027530 0.034392
