0 0.851935 0.725529 0.020833 0.027778
0 0.836682 0.693122 0.024554 0.034392
0 0.872024 0.609788 0.016369 0.047619
0 0.880580 0.680556 0.014137 0.043651
0 0.124628 0.593254 0.027530 0.033069
0 0.199777 0.484788 0.026042 0.035714
0 0.011161 0.607143 0.022321 0.052910
0 0.856399 0.189153 0.026786 0.031746
1 0.963542 0.133598 0.031250 0.037037
1 0.717262 0.162037 0.020833 0.041005
0 0.740699 0.242063 0.026042 0.023810
0 0.300967 0.228175 0.018601 0.054233
0 0.260417 0.205688 0.019345 0.043651
0 0.252604 0.152778 0.017113 0.051587
0 0.286086 0.147487 0.017113 0.046296
2 0.752232 0.308862 0.065476 0.030423
0 0.597842 0.179894 0.024554 0.039683
0 0.377604 0.205688 0.018601 0.046296
0 0.398438 0.329365 0.018601 0.039683
0 0.420015 0.417328 0.018601 0.046296
0 0.442708 0.540344 0.014881 0.038360
0 0.211310 0.548280 0.026786 0.033069
0 0.463914 0.756614 0.023065 0.052910
0 0.497768 0.900132 0.019345 0.051587
0 0.447917 0.863757 0.016369 0.039683
3 0.351935 0.066799 0.013393 0.027778
3 0.358259 0.111111 0.009673 0.023810
3 0.337054 0.341270 0.014881 0.039683
3 0.393973 0.601190 0.012649 0.022487
3 0.614583 0.663360 0.014881 0.019841
3 0.493304 0.975529 0.010417 0.022487
0 0.919643 0.313492 0.031250 0.029101
0 0.575149 0.398148 0.025298 0.026455
0 0.206473 0.643519 0.030506 0.038360
1 0.236979 0.623016 0.029018 0.029101
1 0.268601 0.607143 0.029762 0.031746
0 0.971726 0.302910 0.029762 0.031746
0 0.604539 0.386243 0.024554 0.023810
0 0.644717 0.386243 0.029018 0.026455
0 0.646205 0.650794 0.026042 0.037037
0 0.653274 0.690476 0.025298 0.039683
0 0.693452 0.580688 0.025298 0.037037
0 0.698661 0.617725 0.026786 0.042328
0 0.399554 0.437169 0.019345 0.054233
0 0.040551 0.208333 0.027530 0.033069
