0 0.769345 0.465608 0.025298 0.042328
0 0.853051 0.710979 0.023065 0.025132
0 0.837426 0.679894 0.024554 0.031746
0 0.871652 0.595238 0.018601 0.044974
0 0.885417 0.660053 0.019345 0.044974
0 0.122768 0.597884 0.026786 0.034392
0 0.198661 0.491402 0.026786 0.035714
0 0.011905 0.619048 0.023810 0.050265
0 0.853423 0.177249 0.026786 0.031746
1 0.960565 0.117725 0.031250 0.037037
1 0.712054 0.151455 0.020833 0.041005
0 0.738839 0.231481 0.025298 0.023810
0 0.297991 0.229497 0.020089 0.056878
0 0.258929 0.208995 0.020833 0.050265
0 0.248512 0.155423 0.019345 0.054233
0 0.283110 0.151455 0.018601 0.043651
0 0.329613 0.179894 0.023810 0.052910
0 0.050967 0.719577 0.033482 0.042328
0 0.116071 0.671296 0.028274 0.035714
2 0.742932 0.294312 0.064732 0.033069
0 0.596354 0.171958 0.026042 0.042328
3 0.680804 0.302910 0.010417 0.018519
3 0.320685 0.281746 0.014881 0.039683
3 0.803571 0.208333 0.011905 0.019841
3 0.541295 0.812831 0.011161 0.033069
3 0.252604 0.653439 0.011161 0.015873
3 0.328125 0.170635 0.011905 0.034392
3 0.343750 0.185847 0.008929 0.022487
3 0.745164 0.318122 0.017113 0.019841
3 0.976190 0.227513 0.017857 0.018519
0 0.360119 0.471561 0.026786 0.038360
0 0.422991 0.455688 0.024554 0.030423
0 0.335565 0.302910 0.019345 0.055556
0 0.320312 0.218254 0.021577 0.042328
0 0.196057 0.620370 0.031994 0.037037
0 0.285342 0.598545 0.027530 0.033069
1 0.346354 0.585317 0.030506 0.027778
1 0.406994 0.640873 0.026786 0.035714
0 0.479539 0.390873 0.033482 0.038360
0 0.501488 0.417989 0.023810 0.023810
0 0.566964 0.393519 0.029762 0.027778
3 0.541295 0.359788 0.012649 0.018519
0 0.767485 0.352513 0.027530 0.022487
0 0.646205 0.641534 0.027530 0.039683
0 0.654390 0.678571 0.027530 0.042328
0 0.671131 0.601190 0.025298 0.041005
0 0.681176 0.634259 0.027530 0.046296
0 0.697917 0.560847 0.025298 0.039683
0 0.880580 0.363095 0.026042 0.035714
0 0.755208 0.544312 0.023810 0.048942
0 0.038318 0.217593 0.026042 0.038360
