0 0.725074 0.516534 0.026042 0.041005
0 0.958333 0.287037 0.035714 0.039683
0 0.853423 0.708333 0.022321 0.027778
0 0.837426 0.674603 0.027530 0.034392
0 0.871652 0.592593 0.020089 0.047619
0 0.889509 0.655423 0.021577 0.048942
0 0.123884 0.601852 0.030506 0.037037
0 0.196801 0.489418 0.026042 0.034392
0 0.009673 0.620370 0.020833 0.047619
0 0.853051 0.172619 0.027530 0.035714
1 0.959449 0.113757 0.031994 0.042328
0 0.713542 0.148810 0.025298 0.043651
0 0.738839 0.226852 0.031250 0.030423
0 0.294643 0.230159 0.019345 0.055556
0 0.257068 0.208333 0.018601 0.048942
0 0.249256 0.155423 0.019345 0.054233
0 0.282366 0.150794 0.018601 0.044974
0 0.329241 0.177249 0.023065 0.050265
0 0.156622 0.645503 0.029018 0.039683
0 0.193080 0.624339 0.027530 0.031746
2 0.743304 0.296296 0.063988 0.031746
0 0.593750 0.169974 0.026786 0.041005
3 0.340030 0.242725 0.010417 0.030423
0 0.202009 0.561508 0.026042 0.038360
0 0.278646 0.510582 0.023065 0.039683
0 0.466890 0.945767 0.021577 0.052910
0 0.248140 0.589286 0.030506 0.035714
0 0.664807 0.711640 0.026042 0.039683
1 0.706473 0.649471 0.026042 0.042328
1 0.817336 0.488095 0.023065 0.039683
0 0.112723 0.647487 0.023065 0.033069
0 0.174107 0.606481 0.025298 0.038360
3 0.233631 0.549603 0.013393 0.019841
0 0.255952 0.556878 0.026786 0.039683
0 0.630952 0.664021 0.023810 0.042328
0 0.652530 0.680556 0.025298 0.041005
0 0.659598 0.619048 0.024554 0.042328
0 0.680804 0.635582 0.023810 0.041005
0 0.695312 0.566799 0.026042 0.038360
0 0.707217 0.597884 0.024554 0.037037
0 0.035342 0.219577 0.029018 0.037037
