0 0.853423 0.720238 0.023810 0.027778
0 0.836682 0.687169 0.024554 0.027778
0 0.872768 0.603175 0.019345 0.047619
0 0.883185 0.679233 0.013393 0.043651
0 0.126488 0.598545 0.028274 0.035714
0 0.200893 0.487434 0.026786 0.035714
0 0.012649 0.612434 0.023810 0.050265
0 0.856027 0.184524 0.027530 0.030423
1 0.962054 0.126984 0.031250 0.037037
1 0.715774 0.158069 0.020833 0.041005
0 0.740699 0.236772 0.026042 0.023810
0 0.300223 0.229497 0.018601 0.056878
0 0.260417 0.207011 0.019345 0.046296
0 0.251860 0.156746 0.018601 0.054233
0 0.284970 0.151455 0.017857 0.046296
2 0.748884 0.304894 0.064732 0.030423
0 0.597098 0.177910 0.024554 0.041005
0 0.347470 0.080026 0.019345 0.046296
0 0.367932 0.185185 0.015625 0.039683
0 0.095982 0.647487 0.026786 0.033069
0 0.411830 0.636905 0.026042 0.051587
0 0.459077 0.750000 0.022321 0.050265
0 0.324033 0.220899 0.021577 0.047619
3 0.322917 0.281746 0.014881 0.039683
3 0.248884 0.566138 0.014137 0.021164
3 0.808036 0.222222 0.011905 0.021164
3 0.616071 0.663360 0.014881 0.019841
3 0.448661 0.846561 0.010417 0.023810
0 0.717634 0.350529 0.029018 0.026455
0 0.575149 0.395503 0.025298 0.026455
0 0.207589 0.644841 0.031250 0.038360
1 0.237723 0.623016 0.029018 0.029101
1 0.269717 0.609127 0.031994 0.038360
0 0.802827 0.349206 0.031250 0.031746
0 0.604539 0.383598 0.024554 0.023810
0 0.644717 0.382275 0.029018 0.026455
0 0.646949 0.646825 0.027530 0.039683
0 0.654390 0.685847 0.027530 0.041005
0 0.674479 0.608466 0.027530 0.039683
0 0.689732 0.629630 0.026786 0.042328
0 0.830357 0.417989 0.028274 0.037037
0 0.441592 0.612434 0.021577 0.050265
0 0.041667 0.213624 0.025298 0.033069
