0 0.036239 0.296452 0.032563 0.055089
0 0.042805 0.231559 0.042542 0.046685
3 0.548319 0.387955 0.014706 0.023343
3 0.363971 0.879552 0.010504 0.028011
3 0.427258 0.610644 0.009979 0.024276
3 0.589023 0.249300 0.014181 0.029879
0 0.310924 0.588702 0.039916 0.040149
0 0.329044 0.556022 0.038340 0.045752
0 0.339548 0.517740 0.038340 0.045752
0 0.256303 0.556956 0.039916 0.045752
0 0.284926 0.528945 0.038340 0.042017
0 0.290179 0.485528 0.039391 0.046685
0 0.216387 0.528478 0.037815 0.037348
0 0.234506 0.497199 0.040441 0.045752
0 0.243960 0.451914 0.034139 0.039216
0 0.168855 0.504669 0.041492 0.045752
0 0.186975 0.468721 0.039916 0.048553
0 0.120011 0.383287 0.038340 0.045752
0 0.716912 0.682540 0.040966 0.044818
0 0.813550 0.697012 0.040966 0.045752
0 0.722689 0.594304 0.036765 0.040149
0 0.742647 0.563025 0.040966 0.044818
0 0.750263 0.708683 0.034139 0.037348
0 0.964548 0.786648 0.040441 0.047619
0 0.802784 0.597572 0.040441 0.046685
0 0.789653 0.733427 0.038340 0.043884
0 0.836922 0.760971 0.040441 0.044818
0 0.881565 0.787115 0.042542 0.046685
0 0.925158 0.809991 0.040441 0.045752
0 0.013918 0.359944 0.028887 0.038282
0 0.112132 0.473389 0.041492 0.048553
0 0.069853 0.442110 0.038866 0.049486
0 0.121324 0.289916 0.038866 0.043884
0 0.171744 0.316527 0.044118 0.050420
0 0.080882 0.276844 0.039916 0.042017
2 0.441964 0.878618 0.063550 0.149393
0 0.499475 0.873483 0.036765 0.066293
0 0.604517 0.794585 0.034664 0.041083
1 0.514181 0.676004 0.029412 0.061625
1 0.512080 0.581232 0.084034 0.202614
0 0.410977 0.842670 0.032038 0.070028
0 0.486082 0.572362 0.032038 0.059757
0 0.624212 0.439309 0.029937 0.060691
0 0.596113 0.412232 0.025210 0.071895
0 0.639443 0.243231 0.029937 0.062558
2 0.628414 0.189076 0.059349 0.142857
0 0.712710 0.160598 0.032563 0.065359
0 0.741334 0.089636 0.030987 0.061625
0 0.708508 0.055089 0.030462 0.059757
0 0.668592 0.083567 0.029412 0.060691
0 0.972952 0.838936 0.048845 0.049486
0 0.043067 0.400093 0.026261 0.066293
0 0.014443 0.409430 0.029937 0.043884
