0 0.031250 0.301120 0.037290 0.060691
0 0.033613 0.239496 0.040966 0.055089
0 0.907038 0.922969 0.040966 0.049486
0 0.605567 0.474323 0.028361 0.061625
0 0.565914 0.801120 0.043592 0.050420
0 0.497899 0.724556 0.034664 0.072829
0 0.486607 0.882353 0.033088 0.065359
0 0.434086 0.904295 0.027836 0.060691
0 0.578519 0.401027 0.030987 0.066293
2 0.627363 0.180205 0.074055 0.175537
3 0.344013 0.973856 0.010504 0.026144
3 0.290441 0.250700 0.016807 0.021475
0 0.309086 0.588702 0.040441 0.040149
0 0.327206 0.555556 0.037815 0.046685
0 0.336660 0.516340 0.038866 0.044818
0 0.254464 0.557423 0.039391 0.046685
0 0.282300 0.528945 0.038340 0.042017
0 0.289128 0.481793 0.039391 0.046685
0 0.214023 0.525677 0.037290 0.039216
0 0.231880 0.497199 0.040441 0.045752
0 0.240021 0.450980 0.034664 0.039216
0 0.167279 0.503268 0.041492 0.044818
0 0.183824 0.468721 0.039916 0.048553
0 0.200368 0.429972 0.038340 0.045752
0 0.716912 0.675070 0.040966 0.044818
0 0.718225 0.634921 0.036239 0.046685
0 0.720851 0.583100 0.036239 0.040149
0 0.743435 0.552754 0.040441 0.044818
0 0.750525 0.700280 0.034664 0.037348
0 0.772321 0.663399 0.040441 0.047619
0 0.798319 0.631186 0.042017 0.046685
0 0.799895 0.589636 0.040966 0.047619
0 0.789391 0.725490 0.038866 0.044818
0 0.836922 0.754435 0.040441 0.044818
0 0.881303 0.779645 0.043067 0.046685
0 0.925158 0.800654 0.040441 0.047619
0 0.142069 0.397292 0.040441 0.043884
0 0.080620 0.383287 0.040441 0.056956
0 0.109506 0.475257 0.041492 0.048553
0 0.066964 0.442110 0.041492 0.049486
0 0.103466 0.280579 0.038866 0.043884
0 0.167017 0.314659 0.044118 0.050420
0 0.066439 0.281513 0.040441 0.043884
2 0.466387 0.535014 0.058824 0.143791
1 0.658088 0.259104 0.029412 0.062558
0 0.752101 0.798786 0.044118 0.049486
0 0.654674 0.728758 0.035189 0.056956
2 0.397584 0.359477 0.086134 0.072829
0 0.531513 0.524743 0.028361 0.069094
0 0.528361 0.464052 0.025210 0.059757
0 0.972426 0.829599 0.048845 0.049486
0 0.039916 0.401027 0.025210 0.066293
0 0.013655 0.409430 0.028361 0.043884
