0 0.030725 0.301120 0.037290 0.060691
0 0.033088 0.240430 0.040966 0.056956
0 0.965861 0.958450 0.040966 0.049486
0 0.623950 0.420168 0.028361 0.061625
0 0.584559 0.791783 0.043067 0.046685
0 0.513130 0.681606 0.034664 0.072829
0 0.507090 0.845938 0.034139 0.059757
0 0.445641 0.868814 0.027836 0.060691
0 0.568015 0.428105 0.030987 0.066293
2 0.617647 0.205882 0.073529 0.174603
1 0.460872 0.907563 0.034139 0.074697
0 0.665704 0.077498 0.028887 0.061625
3 0.254202 0.233427 0.016807 0.020542
0 0.308561 0.588702 0.040441 0.040149
0 0.327206 0.555556 0.037815 0.046685
0 0.336134 0.516340 0.038866 0.044818
0 0.254202 0.557423 0.039916 0.046685
0 0.282300 0.528945 0.038340 0.042017
0 0.289128 0.481793 0.039391 0.046685
0 0.213761 0.525677 0.036765 0.039216
0 0.231880 0.497199 0.040441 0.045752
0 0.240021 0.450980 0.034664 0.039216
0 0.167279 0.503268 0.041492 0.044818
0 0.183824 0.468721 0.039916 0.048553
0 0.199842 0.429972 0.038340 0.045752
0 0.716912 0.675070 0.040966 0.044818
0 0.718225 0.633987 0.036239 0.046685
0 0.721376 0.583100 0.036239 0.040149
0 0.743435 0.553688 0.040441 0.044818
0 0.750525 0.700280 0.034664 0.037348
0 0.770746 0.662465 0.040441 0.047619
0 0.792017 0.628852 0.042017 0.047619
0 0.799632 0.589636 0.040441 0.047619
0 0.789391 0.725490 0.038866 0.044818
0 0.836922 0.754435 0.040441 0.044818
0 0.881303 0.778711 0.043067 0.046685
0 0.925158 0.800654 0.040441 0.047619
1 0.683824 0.110177 0.044118 0.100840
0 0.148372 0.401494 0.040441 0.044818
0 0.090599 0.398226 0.040441 0.056956
0 0.108981 0.475257 0.041492 0.048553
0 0.066439 0.442110 0.041492 0.049486
0 0.103204 0.280579 0.038340 0.043884
0 0.166492 0.314659 0.044118 0.050420
0 0.066439 0.281513 0.040441 0.043884
2 0.454044 0.504202 0.066702 0.138189
1 0.672794 0.217087 0.029412 0.062558
0 0.790966 0.823063 0.042017 0.049486
0 0.678834 0.751167 0.036239 0.049486
2 0.364496 0.345005 0.087185 0.079365
0 0.522584 0.546685 0.028361 0.068161
0 0.515756 0.497199 0.028361 0.058824
0 0.972426 0.829599 0.048845 0.049486
0 0.039916 0.401494 0.025210 0.067227
0 0.013655 0.409430 0.028361 0.043884
