0 0.851935 0.725529 0.020833 0.027778
0 0.836682 0.692460 0.024554 0.033069
0 0.872024 0.609788 0.016369 0.047619
0 0.880952 0.677910 0.013393 0.043651
0 0.124628 0.594577 0.027530 0.033069
0 0.200149 0.484788 0.026786 0.035714
0 0.011161 0.607804 0.022321 0.054233
0 0.856771 0.189153 0.027530 0.031746
1 0.963542 0.133598 0.031250 0.037037
1 0.717262 0.162037 0.020833 0.041005
0 0.740699 0.242063 0.026042 0.023810
0 0.300967 0.228175 0.018601 0.054233
0 0.260417 0.205688 0.019345 0.043651
0 0.252604 0.154101 0.017113 0.051587
0 0.286086 0.148810 0.017113 0.046296
2 0.752232 0.308862 0.065476 0.030423
0 0.597842 0.179894 0.024554 0.039683
0 0.373884 0.185847 0.018601 0.046296
0 0.395461 0.309524 0.018601 0.039683
0 0.415551 0.398810 0.018601 0.046296
0 0.437500 0.519180 0.014881 0.038360
0 0.206473 0.552249 0.027530 0.033069
0 0.463914 0.755952 0.023065 0.051587
0 0.496280 0.892196 0.019345 0.051587
0 0.453125 0.891534 0.016369 0.042328
3 0.347842 0.046958 0.014137 0.027778
3 0.357143 0.095238 0.010417 0.023810
3 0.335565 0.334656 0.014881 0.039683
3 0.387649 0.592593 0.013393 0.021164
3 0.614583 0.663360 0.014881 0.019841
3 0.491071 0.968254 0.010417 0.021164
0 0.906994 0.318783 0.032738 0.029101
0 0.575149 0.398148 0.025298 0.026455
0 0.206473 0.643519 0.030506 0.038360
1 0.236979 0.623016 0.029018 0.029101
1 0.268601 0.607143 0.029762 0.031746
0 0.962426 0.306217 0.030506 0.033069
0 0.604539 0.386243 0.024554 0.023810
0 0.644717 0.386243 0.029018 0.026455
0 0.646205 0.650132 0.026042 0.038360
0 0.653274 0.690476 0.025298 0.039683
0 0.690104 0.586640 0.026042 0.038360
0 0.696429 0.621693 0.026786 0.042328
0 0.401042 0.445106 0.019345 0.054233
0 0.040551 0.210979 0.027530 0.033069
