0 0.032826 0.301120 0.034139 0.060691
0 0.036502 0.238095 0.039391 0.056022
0 0.535452 0.838469 0.038340 0.052288
0 0.461134 0.911765 0.028361 0.062558
3 0.463235 0.605042 0.012605 0.022409
3 0.399685 0.739496 0.010504 0.022409
3 0.525210 0.341737 0.015756 0.026144
0 0.310399 0.588702 0.039916 0.040149
0 0.328519 0.556022 0.038340 0.045752
0 0.338498 0.517740 0.038340 0.045752
0 0.255777 0.556956 0.039916 0.045752
0 0.284139 0.528945 0.037815 0.042017
0 0.289653 0.484594 0.039391 0.046685
0 0.215336 0.528945 0.037815 0.038282
0 0.233456 0.497199 0.040441 0.045752
0 0.243960 0.453315 0.034139 0.042017
0 0.168330 0.504202 0.041492 0.044818
0 0.185924 0.468721 0.039916 0.048553
0 0.194065 0.428105 0.038340 0.045752
0 0.716912 0.679739 0.040966 0.044818
0 0.747899 0.655929 0.040966 0.047619
0 0.720851 0.587768 0.036239 0.040149
0 0.742910 0.558357 0.040441 0.044818
0 0.750263 0.705882 0.034139 0.037348
0 0.836660 0.707283 0.040966 0.047619
0 0.879464 0.687675 0.043592 0.047619
0 0.801996 0.597572 0.040966 0.046685
0 0.790441 0.729692 0.038866 0.043884
0 0.836922 0.759104 0.040441 0.044818
0 0.881565 0.783380 0.042542 0.046685
0 0.925158 0.807656 0.040441 0.046685
0 0.030462 0.353408 0.042017 0.040149
0 0.111082 0.473389 0.041492 0.048553
0 0.069328 0.442110 0.039916 0.049486
0 0.116597 0.288049 0.038866 0.043884
0 0.170168 0.316527 0.044118 0.050420
0 0.070378 0.280579 0.039916 0.040149
2 0.478204 0.769374 0.059349 0.145658
0 0.639181 0.795518 0.038866 0.039216
0 0.792805 0.834734 0.035189 0.037348
1 0.559349 0.546685 0.029412 0.062558
1 0.435662 0.798319 0.081408 0.212885
0 0.370536 0.917834 0.030987 0.067227
0 0.666492 0.271242 0.026261 0.062558
0 0.596639 0.596639 0.023109 0.072829
0 0.598214 0.479925 0.024160 0.069094
2 0.584559 0.287115 0.067227 0.133520
0 0.717962 0.141923 0.032563 0.065359
0 0.754989 0.054155 0.030987 0.061625
0 0.635767 0.250233 0.028887 0.063492
0 0.636029 0.177871 0.029412 0.062558
0 0.972952 0.835201 0.048845 0.049486
0 0.038866 0.401027 0.025210 0.066293
0 0.014181 0.409430 0.029412 0.043884
