0 0.437763 0.049486 0.049895 0.089636
0 0.588761 0.110644 0.031513 0.083100
0 0.355830 0.115313 0.030987 0.088702
0 0.451418 0.136321 0.028887 0.089636
0 0.442752 0.233894 0.028361 0.090570
0 0.621849 0.193277 0.049370 0.087768
0 0.649947 0.203081 0.056197 0.071895
0 0.657300 0.269374 0.056197 0.077498
0 0.605567 0.277311 0.028361 0.095238
0 0.619485 0.351541 0.049895 0.088702
0 0.607668 0.478058 0.031513 0.100840
0 0.398372 0.303922 0.050945 0.088702
0 0.395221 0.386088 0.055147 0.060691
0 0.380777 0.463585 0.059874 0.088702
0 0.327731 0.490196 0.042017 0.112045
0 0.257090 0.530345 0.068803 0.057890
0 0.152311 0.512605 0.066176 0.056022
0 0.664653 0.626984 0.065651 0.064426
0 0.458508 0.674136 0.050420 0.104575
0 0.297269 0.685341 0.072479 0.076564
0 0.202468 0.728758 0.063550 0.112979
0 0.170693 0.698413 0.058824 0.106443
0 0.114758 0.446779 0.066702 0.066293
0 0.612920 0.792717 0.035714 0.123249
0 0.326155 0.775910 0.047269 0.102708
0 0.419643 0.846872 0.035714 0.117647
0 0.712185 0.970121 0.044118 0.056022
3 0.512080 0.339869 0.015756 0.044818
3 0.564076 0.281513 0.015756 0.045752
3 0.481880 0.854342 0.016282 0.054155
3 0.561450 0.711485 0.015756 0.056022
3 0.582983 0.396825 0.017857 0.056022
