0 0.441176 0.606909 0.028361 0.069094
0 0.494223 0.865546 0.037815 0.074697
0 0.553046 0.846405 0.044118 0.053221
0 0.617122 0.582633 0.029412 0.072829
0 0.483193 0.577965 0.029412 0.070962
0 0.516544 0.548553 0.027836 0.066293
0 0.514181 0.350607 0.039916 0.049486
0 0.308824 0.599907 0.044118 0.051354
0 0.324055 0.552288 0.038866 0.043884
0 0.337185 0.513072 0.040966 0.045752
0 0.232143 0.553688 0.040966 0.050420
0 0.264443 0.521942 0.041492 0.044818
0 0.267595 0.469188 0.042542 0.047619
0 0.185399 0.520075 0.038866 0.042951
0 0.204832 0.485994 0.044118 0.049486
0 0.216124 0.437908 0.035189 0.042951
0 0.130515 0.494865 0.043592 0.044818
0 0.151261 0.453782 0.043067 0.042951
0 0.168330 0.413632 0.040441 0.046685
0 0.742910 0.680205 0.042542 0.047619
0 0.741334 0.628852 0.039391 0.042017
0 0.742647 0.571895 0.037815 0.038282
0 0.767857 0.541550 0.040966 0.044818
0 0.781775 0.705882 0.033088 0.039216
0 0.801471 0.661064 0.040966 0.044818
0 0.806723 0.613445 0.043067 0.050420
0 0.835609 0.579365 0.045168 0.051354
0 0.824580 0.728758 0.040966 0.047619
0 0.865284 0.645658 0.041492 0.042017
0 0.877626 0.762838 0.042017 0.050420
0 0.922532 0.677404 0.043592 0.047619
0 0.925683 0.788049 0.045693 0.050420
0 0.976628 0.816060 0.042542 0.054155
0 0.853466 0.901961 0.045168 0.050420
1 0.624737 0.665733 0.060399 0.089636
0 0.404412 0.473389 0.031513 0.065359
1 0.315651 0.335201 0.042017 0.056022
0 0.189076 0.266106 0.042017 0.048553
0 0.117647 0.388422 0.045168 0.050420
0 0.101366 0.425770 0.040966 0.052288
0 0.074055 0.466853 0.043067 0.048553
0 0.063025 0.363212 0.038866 0.044818
0 0.026261 0.431373 0.043067 0.054155
0 0.017595 0.224090 0.036239 0.033613
0 0.071429 0.250233 0.045168 0.050420
0 0.013655 0.255836 0.028361 0.054155
0 0.968487 0.655462 0.046218 0.056022
0 0.486345 0.651727 0.032563 0.074697
0 0.604517 0.231092 0.031513 0.075630
0 0.647847 0.204949 0.027836 0.066293
0 0.675945 0.140056 0.030462 0.067227
0 0.704569 0.048086 0.032038 0.068161
1 0.726103 0.110177 0.051996 0.123249
3 0.548582 0.259570 0.011029 0.024276
3 0.557248 0.231092 0.013655 0.023343
