0 0.792805 0.954248 0.068803 0.059757
0 0.956408 0.777311 0.063025 0.066293
0 0.876050 0.683473 0.046218 0.106443
0 0.832195 0.715219 0.042542 0.110177
0 0.778099 0.713352 0.038340 0.113912
0 0.750525 0.641457 0.065126 0.089636
0 0.704044 0.529879 0.042542 0.111111
0 0.685924 0.367880 0.039916 0.102708
0 0.635504 0.632586 0.039916 0.120448
0 0.593225 0.513539 0.062500 0.078431
0 0.594800 0.453315 0.059349 0.070028
0 0.716912 0.295051 0.043067 0.097106
0 0.671481 0.169468 0.036239 0.090570
1 0.581408 0.051354 0.050420 0.104575
0 0.573529 0.194211 0.049370 0.057890
0 0.597952 0.722222 0.062500 0.073763
0 0.583771 0.900093 0.063550 0.078431
0 0.474002 0.949113 0.068803 0.073763
