0 0.702009 0.552910 0.024554 0.042328
0 0.780878 0.476852 0.031994 0.043651
0 0.853423 0.708333 0.022321 0.027778
0 0.837426 0.674603 0.027530 0.034392
0 0.871280 0.592593 0.019345 0.047619
0 0.890625 0.658730 0.020833 0.047619
0 0.122768 0.605159 0.031250 0.038360
0 0.196057 0.490741 0.026042 0.034392
0 0.009301 0.622354 0.020089 0.046296
0 0.853051 0.174603 0.027530 0.037037
1 0.959449 0.113757 0.031994 0.042328
0 0.713542 0.148810 0.025298 0.043651
0 0.738839 0.228175 0.031250 0.030423
0 0.293155 0.231481 0.019345 0.055556
0 0.256324 0.208333 0.018601 0.048942
0 0.248884 0.156085 0.018601 0.052910
0 0.281622 0.150794 0.018601 0.044974
0 0.327009 0.180556 0.021577 0.056878
0 0.161830 0.646164 0.027530 0.041005
0 0.204985 0.618386 0.033482 0.038360
0 0.321801 0.068783 0.012649 0.037037
2 0.743304 0.296296 0.063988 0.031746
0 0.593750 0.169974 0.026786 0.041005
3 0.339286 0.241402 0.010417 0.030423
0 0.131324 0.619709 0.027530 0.041005
0 0.213170 0.564153 0.024554 0.041005
0 0.268973 0.580026 0.031994 0.038360
0 0.758557 0.560847 0.024554 0.042328
1 0.824777 0.461640 0.026042 0.039683
1 0.956101 0.345238 0.023810 0.039683
0 0.059896 0.681217 0.033482 0.037037
3 0.172619 0.589947 0.013393 0.021164
0 0.163318 0.620370 0.026042 0.037037
0 0.596726 0.725529 0.023810 0.041005
0 0.613839 0.785053 0.023810 0.046296
0 0.630208 0.665344 0.023810 0.042328
0 0.661458 0.666667 0.025298 0.042328
0 0.670759 0.603175 0.026042 0.039683
0 0.695312 0.616402 0.024554 0.042328
0 0.034598 0.220899 0.029018 0.037037
