0 0.025735 0.334734 0.027311 0.071895
0 0.022847 0.264706 0.035189 0.066293
0 0.857405 0.894958 0.041492 0.051354
0 0.705357 0.149860 0.031513 0.066293
0 0.770746 0.782913 0.040441 0.043884
0 0.603729 0.416433 0.027836 0.056022
0 0.464811 0.713352 0.031513 0.072829
2 0.494748 0.549486 0.075630 0.178338
1 0.668067 0.301587 0.030462 0.067227
0 0.700368 0.471522 0.033088 0.054155
0 0.556460 0.560224 0.030987 0.065359
0 0.551471 0.394024 0.028361 0.061625
0 0.499737 0.723156 0.032038 0.068161
0 0.697479 0.071895 0.027311 0.057890
0 0.653361 0.101774 0.030462 0.057890
0 0.660452 0.144725 0.025735 0.052288
0 0.307248 0.588702 0.040966 0.040149
0 0.325630 0.554155 0.037815 0.047619
0 0.334034 0.515406 0.038866 0.044818
0 0.252889 0.557890 0.039391 0.047619
0 0.280462 0.528945 0.037815 0.042017
0 0.286502 0.481793 0.039391 0.046685
0 0.212185 0.525677 0.034664 0.039216
0 0.231355 0.498133 0.040441 0.045752
0 0.240021 0.451914 0.034664 0.039216
0 0.164653 0.507003 0.041492 0.044818
0 0.182773 0.467320 0.040966 0.049486
0 0.199317 0.430439 0.038340 0.044818
0 0.716912 0.671335 0.040966 0.044818
0 0.718225 0.630252 0.036239 0.046685
0 0.724527 0.581232 0.036239 0.040149
0 0.742647 0.550887 0.040966 0.044818
0 0.752626 0.700280 0.034664 0.037348
0 0.773372 0.661531 0.040441 0.047619
0 0.774685 0.612979 0.042017 0.047619
0 0.801208 0.585434 0.042542 0.048553
0 0.790704 0.720822 0.039391 0.044818
0 0.868435 0.669468 0.040441 0.044818
0 0.838498 0.751634 0.040441 0.044818
0 0.880777 0.775910 0.043067 0.046685
0 0.926733 0.799720 0.040441 0.047619
1 0.594275 0.372082 0.046744 0.105509
1 0.435662 0.890756 0.032038 0.078431
0 0.615546 0.209150 0.027311 0.061625
0 0.150473 0.405229 0.040441 0.044818
0 0.137605 0.440243 0.040966 0.043884
0 0.106880 0.476190 0.041492 0.048553
0 0.100315 0.378151 0.040966 0.039216
0 0.064863 0.442110 0.041492 0.049486
0 0.101628 0.282446 0.038340 0.043884
0 0.161765 0.312792 0.044118 0.050420
0 0.058561 0.288515 0.036239 0.048553
0 0.634454 0.229225 0.030462 0.062558
1 0.466912 0.900560 0.056723 0.127918
2 0.211397 0.271242 0.087710 0.092437
2 0.031250 0.159197 0.063550 0.079365
0 0.342962 0.981326 0.030462 0.033613
0 0.972426 0.825864 0.048845 0.049486
0 0.038340 0.401494 0.025210 0.067227
0 0.012342 0.409430 0.025735 0.043884
