0 0.011292 0.323996 0.021534 0.072829
0 0.012080 0.262838 0.025210 0.066293
2 0.351891 0.976657 0.035714 0.042951
0 0.753414 0.070962 0.025735 0.056022
0 0.402048 0.830065 0.030987 0.074697
0 0.686450 0.189542 0.031513 0.063492
0 0.446691 0.849206 0.027836 0.066293
0 0.463498 0.943978 0.035189 0.070962
0 0.607668 0.362278 0.028361 0.065359
0 0.523372 0.439776 0.030987 0.069094
0 0.563025 0.389356 0.028361 0.059757
0 0.601628 0.239029 0.030987 0.063492
0 0.302784 0.588235 0.044643 0.046685
0 0.321954 0.549486 0.037815 0.047619
0 0.330620 0.512605 0.039391 0.044818
0 0.246586 0.558824 0.039391 0.047619
0 0.276261 0.525210 0.037815 0.042017
0 0.280200 0.477591 0.041492 0.047619
0 0.203519 0.523810 0.037290 0.039216
0 0.221901 0.491597 0.040441 0.045752
0 0.232668 0.447246 0.034664 0.039216
0 0.152836 0.499533 0.043067 0.046685
0 0.172269 0.463585 0.042017 0.049486
0 0.189338 0.426237 0.038340 0.045752
0 0.724527 0.675070 0.040441 0.044818
0 0.725840 0.627451 0.037815 0.046685
0 0.730305 0.578431 0.036239 0.040149
0 0.752101 0.551821 0.040966 0.044818
0 0.761029 0.700280 0.034664 0.037348
0 0.779674 0.663399 0.040441 0.047619
0 0.784139 0.612979 0.042017 0.047619
0 0.811450 0.581232 0.045168 0.049486
0 0.801208 0.721755 0.039391 0.044818
0 0.838761 0.643324 0.040966 0.044818
0 0.849527 0.753035 0.041492 0.047619
0 0.892069 0.672736 0.043592 0.047619
0 0.895221 0.778245 0.043592 0.049486
0 0.942489 0.801587 0.042542 0.047619
0 0.627101 0.810924 0.040966 0.049486
1 0.564601 0.554155 0.036765 0.111111
0 0.461134 0.688609 0.023109 0.068161
1 0.458771 0.518674 0.035189 0.068161
0 0.391807 0.389356 0.037815 0.039216
0 0.138393 0.396825 0.040441 0.044818
0 0.123687 0.434174 0.040441 0.044818
0 0.099527 0.473856 0.041492 0.049486
0 0.087710 0.371615 0.040966 0.039216
0 0.053309 0.439309 0.041492 0.049486
0 0.049370 0.246965 0.040966 0.040149
0 0.110294 0.281046 0.047269 0.050420
0 0.040966 0.280579 0.040966 0.049486
0 0.539916 0.480859 0.031513 0.067227
0 0.655725 0.172736 0.028887 0.061625
0 0.688550 0.098039 0.028361 0.061625
1 0.632878 0.387955 0.052521 0.120448
0 0.983193 0.829599 0.030462 0.049486
0 0.021008 0.394958 0.025210 0.067227
