0 0.851935 0.725529 0.020833 0.027778
0 0.836682 0.693122 0.024554 0.034392
0 0.872024 0.609788 0.016369 0.047619
0 0.880208 0.680556 0.013393 0.043651
0 0.124628 0.593254 0.027530 0.033069
0 0.199405 0.483466 0.026786 0.035714
0 0.011161 0.607143 0.022321 0.052910
0 0.856399 0.189153 0.026786 0.031746
1 0.963542 0.133598 0.031250 0.037037
1 0.717262 0.162037 0.020833 0.041005
0 0.740699 0.242063 0.026042 0.023810
0 0.300967 0.228175 0.018601 0.054233
0 0.260417 0.205688 0.019345 0.043651
0 0.252604 0.152778 0.017113 0.051587
0 0.286086 0.147487 0.017113 0.046296
2 0.752232 0.308862 0.065476 0.030423
0 0.597842 0.179894 0.024554 0.039683
0 0.378348 0.210979 0.018601 0.046296
0 0.399926 0.333995 0.018601 0.041005
0 0.420759 0.422619 0.018601 0.046296
0 0.444196 0.546296 0.014881 0.039683
0 0.212426 0.547619 0.027530 0.031746
0 0.463914 0.756614 0.023065 0.052910
0 0.498140 0.902778 0.018601 0.051587
0 0.446801 0.857143 0.015625 0.039683
3 0.353051 0.071429 0.012649 0.026455
3 0.358259 0.115079 0.009673 0.023810
3 0.337798 0.343915 0.014881 0.039683
3 0.395833 0.602513 0.013393 0.022487
3 0.614583 0.663360 0.014881 0.019841
3 0.494048 0.976852 0.010417 0.022487
0 0.922619 0.312831 0.031250 0.030423
0 0.575149 0.398148 0.025298 0.026455
0 0.206473 0.643519 0.030506 0.038360
1 0.236979 0.623016 0.029018 0.029101
1 0.268601 0.607143 0.029762 0.031746
0 0.974330 0.302249 0.030506 0.033069
0 0.604539 0.386243 0.024554 0.023810
0 0.644717 0.386243 0.029018 0.026455
0 0.645833 0.650794 0.025298 0.037037
0 0.653646 0.690476 0.026042 0.039683
0 0.694196 0.579365 0.025298 0.037037
0 0.699405 0.616402 0.026786 0.042328
0 0.398810 0.434524 0.019345 0.054233
0 0.040551 0.208333 0.027530 0.033069
