0 0.852307 0.713624 0.023065 0.025132
0 0.836682 0.681878 0.024554 0.027778
0 0.870908 0.598545 0.018601 0.046296
0 0.879464 0.689815 0.016369 0.046296
0 0.124256 0.599868 0.026786 0.033069
0 0.198661 0.490079 0.026786 0.035714
0 0.012649 0.619709 0.023810 0.048942
0 0.853423 0.179894 0.026786 0.031746
1 0.960565 0.120370 0.031250 0.037037
1 0.712798 0.154101 0.020833 0.041005
0 0.738467 0.231481 0.026042 0.023810
0 0.298363 0.229497 0.019345 0.056878
0 0.259301 0.208995 0.020089 0.050265
0 0.248512 0.156746 0.019345 0.054233
0 0.283110 0.152116 0.018601 0.044974
0 0.329985 0.179233 0.023065 0.054233
2 0.741443 0.300926 0.063244 0.033069
0 0.595610 0.171958 0.026042 0.042328
0 0.083333 0.664021 0.028274 0.034392
0 0.253348 0.566138 0.029018 0.031746
0 0.179688 0.603836 0.026042 0.035714
3 0.847842 0.306878 0.012649 0.015873
3 0.319940 0.281746 0.014881 0.039683
3 0.021577 0.690476 0.014881 0.021164
3 0.802455 0.210317 0.011161 0.021164
3 0.597470 0.677910 0.014881 0.019841
3 0.362723 0.656746 0.011161 0.022487
3 0.339658 0.231481 0.011161 0.034392
3 0.927827 0.267196 0.017857 0.018519
0 0.564732 0.350529 0.029762 0.031746
0 0.572917 0.392857 0.025298 0.026455
0 0.283854 0.029762 0.017113 0.046296
0 0.014881 0.744048 0.031250 0.043651
0 0.206845 0.647487 0.031250 0.038360
1 0.236235 0.628307 0.027530 0.029101
1 0.273065 0.607804 0.029762 0.033069
0 0.615699 0.340608 0.030506 0.030423
0 0.597098 0.381614 0.027530 0.022487
0 0.640253 0.380952 0.029018 0.026455
3 0.803943 0.343915 0.015625 0.015873
0 0.647693 0.645503 0.027530 0.039683
0 0.654018 0.682540 0.026786 0.042328
0 0.671131 0.605820 0.026786 0.042328
0 0.684152 0.632937 0.027530 0.046296
0 0.702753 0.556217 0.026042 0.038360
0 0.598214 0.753307 0.026786 0.033069
0 0.038690 0.216931 0.025298 0.037037
