0 0.729167 0.516534 0.026786 0.041005
0 0.852307 0.710317 0.023065 0.029101
0 0.837798 0.678571 0.025298 0.031746
0 0.871280 0.591931 0.022321 0.043651
0 0.886905 0.651455 0.016369 0.046296
0 0.124628 0.598545 0.027530 0.038360
0 0.198661 0.491402 0.026786 0.035714
0 0.011161 0.617725 0.022321 0.050265
0 0.853423 0.176587 0.026786 0.033069
1 0.959821 0.116402 0.031250 0.037037
0 0.711682 0.149471 0.021577 0.042328
0 0.739211 0.230820 0.026042 0.025132
0 0.298363 0.228836 0.019345 0.055556
0 0.258185 0.208333 0.020833 0.048942
0 0.249256 0.155423 0.019345 0.054233
0 0.283110 0.150794 0.018601 0.044974
0 0.330357 0.177910 0.022321 0.048942
0 0.127232 0.669974 0.029762 0.041005
0 0.176711 0.634921 0.029018 0.034392
2 0.743304 0.295635 0.063988 0.030423
0 0.596354 0.171958 0.026042 0.042328
3 0.341518 0.242725 0.010417 0.030423
3 0.638393 0.280423 0.011905 0.015873
3 0.322173 0.281746 0.014881 0.039683
3 0.808408 0.221561 0.012649 0.019841
3 0.199777 0.683862 0.011161 0.015873
3 0.320312 0.129630 0.012649 0.034392
3 0.351190 0.250661 0.008929 0.019841
3 0.698289 0.304894 0.015625 0.019841
3 0.934896 0.258598 0.017113 0.019841
0 0.202381 0.580688 0.028274 0.039683
0 0.296131 0.526455 0.023810 0.031746
0 0.332589 0.398148 0.016369 0.050265
0 0.339658 0.316799 0.017113 0.043651
0 0.117932 0.711640 0.029018 0.031746
0 0.232887 0.601190 0.031250 0.035714
0 0.363467 0.582011 0.030506 0.029101
1 0.434152 0.643519 0.030506 0.043651
1 0.494792 0.740079 0.025298 0.033069
0 0.366071 0.472884 0.028274 0.035714
0 0.419271 0.461640 0.024554 0.029101
0 0.475818 0.435185 0.029018 0.031746
3 0.440104 0.414021 0.012649 0.018519
0 0.592634 0.385582 0.029018 0.027778
0 0.645461 0.644180 0.027530 0.039683
0 0.654390 0.681217 0.027530 0.042328
0 0.671503 0.606481 0.024554 0.041005
0 0.681548 0.634921 0.025298 0.042328
0 0.697545 0.562169 0.024554 0.039683
0 0.777530 0.485450 0.023810 0.039683
0 0.832589 0.439815 0.026786 0.041005
3 0.530878 0.984127 0.008185 0.023810
0 0.038318 0.218254 0.027530 0.039683
