0 0.665179 0.615079 0.025298 0.039683
0 0.668155 0.660053 0.026786 0.042328
0 0.853423 0.708333 0.022321 0.027778
0 0.837426 0.675265 0.027530 0.033069
0 0.870536 0.592593 0.019345 0.047619
0 0.889509 0.656085 0.021577 0.047619
0 0.643601 0.919974 0.020833 0.048942
0 0.121280 0.605159 0.031250 0.038360
0 0.196057 0.490079 0.026042 0.035714
0 0.009301 0.621693 0.020089 0.044974
0 0.853051 0.174603 0.027530 0.037037
1 0.959449 0.113757 0.031994 0.042328
0 0.713542 0.148810 0.025298 0.043651
0 0.738839 0.228175 0.031250 0.030423
0 0.294643 0.231481 0.019345 0.055556
0 0.255580 0.208333 0.017113 0.048942
0 0.248884 0.156085 0.018601 0.052910
0 0.281622 0.150794 0.018601 0.044974
0 0.327009 0.182540 0.021577 0.058201
0 0.228795 0.604497 0.027530 0.037037
0 0.298735 0.556878 0.029018 0.039683
0 0.350446 0.203704 0.013393 0.029101
2 0.743304 0.296296 0.063988 0.031746
0 0.593750 0.169974 0.026786 0.041005
3 0.338542 0.240079 0.010417 0.030423
0 0.018973 0.694444 0.029018 0.039683
0 0.142857 0.625661 0.025298 0.037037
0 0.361235 0.462963 0.024554 0.047619
0 0.900298 0.388228 0.026786 0.038360
3 0.093750 0.646164 0.013393 0.019841
0 0.028274 0.722884 0.026786 0.041005
0 0.520089 0.946429 0.020833 0.043651
0 0.545759 0.843254 0.023065 0.043651
0 0.591146 0.822090 0.023065 0.043651
0 0.601935 0.718915 0.023810 0.041005
0 0.629836 0.736111 0.023065 0.041005
0 0.034970 0.221561 0.028274 0.035714
