0 0.812872 0.414021 0.027530 0.039683
0 0.852307 0.710979 0.023065 0.025132
0 0.837426 0.680556 0.024554 0.030423
0 0.870908 0.596561 0.018601 0.044974
0 0.883929 0.665344 0.019345 0.044974
0 0.122768 0.601852 0.028274 0.031746
0 0.198661 0.491402 0.026786 0.035714
0 0.011905 0.619709 0.023810 0.048942
0 0.853423 0.177249 0.026786 0.031746
1 0.960565 0.117725 0.031250 0.037037
1 0.712054 0.151455 0.020833 0.041005
0 0.738095 0.231481 0.025298 0.023810
0 0.297991 0.229497 0.020089 0.056878
0 0.258929 0.208995 0.020833 0.050265
0 0.247768 0.156085 0.019345 0.055556
0 0.283110 0.152116 0.018601 0.044974
0 0.329985 0.177910 0.023065 0.046296
0 0.071801 0.700397 0.031994 0.033069
2 0.741815 0.298280 0.063988 0.033069
0 0.595610 0.171958 0.026042 0.042328
0 0.056920 0.674603 0.030506 0.034392
3 0.714286 0.331349 0.011905 0.019841
3 0.319940 0.281746 0.014881 0.039683
3 0.802455 0.205688 0.011161 0.019841
3 0.554688 0.740079 0.011161 0.030423
3 0.281622 0.637566 0.011161 0.015873
3 0.332217 0.193122 0.011161 0.034392
3 0.331845 0.126323 0.008929 0.022487
3 0.780134 0.320767 0.018601 0.019841
0 0.427827 0.424603 0.026786 0.037037
0 0.484003 0.427910 0.024554 0.030423
0 0.326265 0.250000 0.020089 0.050265
0 0.305432 0.156085 0.021577 0.042328
0 0.159598 0.644180 0.031994 0.037037
0 0.245536 0.622354 0.028274 0.033069
1 0.307664 0.589286 0.031994 0.033069
1 0.366071 0.605159 0.028274 0.030423
0 0.534226 0.359788 0.031250 0.037037
0 0.542783 0.399471 0.024554 0.023810
0 0.603051 0.382275 0.029018 0.026455
3 0.600074 0.348545 0.011161 0.019841
0 0.847470 0.332672 0.028274 0.025132
0 0.646205 0.642857 0.027530 0.039683
0 0.653646 0.680556 0.026042 0.043651
0 0.670759 0.604497 0.026042 0.042328
0 0.680432 0.634259 0.027530 0.046296
0 0.695685 0.562831 0.025298 0.041005
0 0.948661 0.310185 0.031250 0.033069
0 0.710193 0.626984 0.024554 0.047619
0 0.037946 0.217593 0.025298 0.038360
