0 0.028887 0.306256 0.037815 0.063492
0 0.031513 0.245098 0.040966 0.060691
0 0.660189 0.309991 0.028361 0.061625
0 0.626576 0.787582 0.043067 0.043884
0 0.553571 0.578898 0.034664 0.072829
0 0.551471 0.796452 0.040966 0.050420
0 0.472952 0.787582 0.027836 0.060691
0 0.548057 0.480392 0.030987 0.066293
2 0.594800 0.265640 0.076155 0.176471
1 0.500788 0.792717 0.034139 0.074697
0 0.889443 0.596639 0.035189 0.044818
0 0.430410 0.926237 0.030987 0.070962
0 0.648897 0.127918 0.028887 0.061625
3 0.179097 0.199813 0.016807 0.018674
0 0.308561 0.588702 0.040441 0.040149
0 0.326943 0.554622 0.038340 0.046685
0 0.335609 0.515873 0.038866 0.045752
0 0.253939 0.557423 0.039391 0.046685
0 0.281775 0.528945 0.038340 0.042017
0 0.288603 0.481793 0.039391 0.046685
0 0.213498 0.525677 0.036239 0.039216
0 0.231880 0.497199 0.040441 0.045752
0 0.240021 0.450980 0.034664 0.039216
0 0.166754 0.504202 0.041492 0.044818
0 0.183298 0.468721 0.039916 0.048553
0 0.199842 0.429972 0.038340 0.045752
0 0.716912 0.674136 0.040966 0.044818
0 0.718225 0.633053 0.036239 0.046685
0 0.721901 0.582166 0.036239 0.040149
0 0.743172 0.554622 0.040966 0.044818
0 0.751050 0.700280 0.034664 0.037348
0 0.769695 0.661531 0.040441 0.047619
0 0.787290 0.624183 0.042017 0.047619
0 0.798582 0.588702 0.040441 0.047619
0 0.789391 0.723623 0.038866 0.044818
0 0.837447 0.753501 0.040441 0.044818
0 0.881303 0.778711 0.043067 0.046685
0 0.925158 0.800654 0.040441 0.047619
1 0.660189 0.173669 0.046218 0.100840
0 0.151523 0.406162 0.040441 0.044818
0 0.111607 0.421102 0.040441 0.056022
0 0.108981 0.475257 0.041492 0.048553
0 0.034401 0.351074 0.044643 0.035481
0 0.065914 0.442110 0.041492 0.049486
0 0.102941 0.281513 0.038866 0.043884
0 0.165966 0.314659 0.044118 0.050420
0 0.064601 0.282913 0.039916 0.044818
2 0.419118 0.445378 0.074580 0.123249
1 0.701155 0.136788 0.029412 0.062558
0 0.872374 0.868814 0.042017 0.049486
0 0.748687 0.795051 0.036239 0.049486
2 0.295168 0.308123 0.087185 0.089636
0 0.502626 0.601307 0.028361 0.067227
0 0.488708 0.572362 0.030987 0.057890
0 0.972426 0.828665 0.048845 0.049486
0 0.039391 0.401961 0.025210 0.066293
0 0.013393 0.409430 0.027836 0.043884
