0 0.860819 0.897759 0.045168 0.101774
0 0.902048 0.730159 0.043592 0.121382
0 0.265494 0.828665 0.065651 0.092437
0 0.758666 0.900560 0.062500 0.127918
0 0.761817 0.744631 0.054097 0.105509
0 0.787290 0.714753 0.048319 0.109244
0 0.950368 0.698413 0.036239 0.117647
0 0.958508 0.558824 0.023109 0.096172
1 0.922532 0.321195 0.053046 0.128852
0 0.857143 0.439776 0.049370 0.084034
0 0.693540 0.916900 0.057248 0.115780
0 0.512080 0.954248 0.070378 0.082166
0 0.444065 0.896825 0.064601 0.101774
0 0.347426 0.789449 0.041492 0.111111
0 0.293330 0.738562 0.060399 0.091503
0 0.224790 0.662465 0.069328 0.083100
0 0.150210 0.590103 0.064076 0.076564
0 0.157300 0.822129 0.065651 0.094304
0 0.070116 0.434641 0.034139 0.096172
0 0.051996 0.519608 0.068277 0.086835
0 0.037815 0.415033 0.030462 0.098039
0 0.080357 0.933240 0.074580 0.073763
3 0.094013 0.633053 0.030462 0.041083
3 0.026261 0.866947 0.027311 0.047619
