0 0.526042 0.914683 0.020833 0.048942
0 0.537946 0.973545 0.022321 0.047619
0 0.853423 0.709656 0.022321 0.027778
0 0.837426 0.675926 0.027530 0.031746
0 0.870536 0.592593 0.019345 0.047619
0 0.888393 0.658069 0.020833 0.046296
0 0.793899 0.507275 0.023810 0.043651
0 0.762649 0.560847 0.023810 0.042328
0 0.123512 0.605820 0.031250 0.037037
0 0.196801 0.496693 0.026042 0.035714
0 0.009301 0.622354 0.020089 0.048942
0 0.853423 0.175265 0.028274 0.035714
1 0.959449 0.114418 0.031994 0.041005
0 0.713542 0.150132 0.025298 0.043651
0 0.738839 0.230820 0.031250 0.030423
0 0.297619 0.231481 0.019345 0.055556
0 0.256324 0.208995 0.018601 0.047619
0 0.248884 0.156746 0.018601 0.051587
0 0.280506 0.152778 0.019345 0.046296
0 0.328497 0.183201 0.021577 0.051587
0 0.314360 0.130291 0.020089 0.046296
0 0.301711 0.063492 0.021577 0.047619
0 0.388765 0.298942 0.017113 0.047619
0 0.362723 0.161376 0.021577 0.050265
0 0.353795 0.218915 0.012649 0.035714
2 0.743676 0.296958 0.064732 0.033069
0 0.593750 0.171296 0.026786 0.041005
3 0.346354 0.278439 0.011161 0.027778
3 0.388765 0.739418 0.011161 0.023810
3 0.537202 0.804233 0.010417 0.021164
0 0.617932 0.659392 0.014137 0.019841
0 0.530506 0.258598 0.014881 0.017196
0 0.328125 0.019841 0.023810 0.042328
0 0.035342 0.222222 0.027530 0.034392
