0 0.537027 0.060691 0.053046 0.082166
0 0.677521 0.151727 0.031513 0.084967
0 0.446166 0.090103 0.034139 0.088702
0 0.529412 0.136321 0.032563 0.089636
0 0.518908 0.234360 0.028361 0.089636
0 0.695641 0.239963 0.051996 0.084034
0 0.727416 0.259104 0.057773 0.071895
0 0.729254 0.329132 0.058298 0.073763
0 0.671481 0.322129 0.029937 0.095238
0 0.677784 0.399627 0.050945 0.085901
0 0.661239 0.521008 0.031513 0.100840
0 0.446691 0.302521 0.047794 0.091503
0 0.445378 0.368347 0.053571 0.066293
0 0.429097 0.446779 0.055672 0.090570
0 0.386292 0.456583 0.039391 0.106443
0 0.313813 0.472456 0.062500 0.063492
0 0.213761 0.434641 0.065126 0.062558
0 0.699580 0.686741 0.067227 0.066293
0 0.491597 0.684874 0.048319 0.107376
0 0.334559 0.632586 0.068277 0.083100
0 0.247899 0.644725 0.063025 0.101774
0 0.220851 0.612045 0.059349 0.096172
0 0.187500 0.353875 0.064076 0.070962
0 0.095588 0.345472 0.063025 0.059757
0 0.052258 0.526144 0.050945 0.077498
0 0.633666 0.832866 0.039391 0.123249
0 0.359244 0.731559 0.048319 0.094304
0 0.448267 0.828665 0.038340 0.118581
3 0.567752 0.376284 0.015756 0.044818
3 0.636555 0.266573 0.015756 0.045752
3 0.493960 0.897292 0.016282 0.054155
3 0.600840 0.696078 0.015756 0.055089
3 0.639706 0.450047 0.017857 0.056022
