0 0.028624 0.306723 0.037290 0.064426
0 0.030987 0.246032 0.040966 0.060691
0 0.667017 0.289449 0.028361 0.061625
0 0.634979 0.788049 0.043067 0.044818
0 0.561450 0.557423 0.034664 0.072829
0 0.559874 0.792250 0.040966 0.049486
0 0.479254 0.768908 0.027836 0.060691
0 0.544905 0.488796 0.030987 0.066293
2 0.589811 0.279178 0.077731 0.177404
1 0.508666 0.770308 0.034139 0.074697
0 0.873687 0.588235 0.035189 0.044818
0 0.435137 0.912232 0.030987 0.070962
0 0.644695 0.139122 0.028887 0.061625
3 0.164391 0.193277 0.016807 0.018674
0 0.308561 0.588702 0.040441 0.040149
0 0.326681 0.554622 0.037815 0.046685
0 0.335609 0.515873 0.038866 0.045752
0 0.253939 0.557423 0.039391 0.046685
0 0.281775 0.528945 0.038340 0.042017
0 0.288078 0.481793 0.039391 0.046685
0 0.213498 0.525677 0.036239 0.039216
0 0.231880 0.497199 0.040441 0.045752
0 0.240021 0.450980 0.034664 0.039216
0 0.166229 0.505135 0.041492 0.044818
0 0.183298 0.468721 0.039916 0.048553
0 0.199842 0.429972 0.038340 0.045752
0 0.716912 0.674136 0.040966 0.044818
0 0.718225 0.633053 0.036239 0.046685
0 0.721901 0.582166 0.036239 0.040149
0 0.743172 0.555556 0.040966 0.044818
0 0.751050 0.700280 0.034664 0.037348
0 0.770221 0.661531 0.040441 0.047619
0 0.786239 0.623249 0.042017 0.047619
0 0.798582 0.588702 0.040441 0.047619
0 0.789391 0.723623 0.038866 0.044818
0 0.837447 0.753501 0.040441 0.044818
0 0.881303 0.778711 0.043067 0.046685
0 0.925683 0.800654 0.040441 0.047619
1 0.656513 0.185341 0.046218 0.099907
0 0.151523 0.406162 0.040441 0.044818
0 0.115284 0.424837 0.040441 0.056022
0 0.108456 0.476190 0.041492 0.048553
0 0.038603 0.352007 0.044643 0.035481
0 0.065914 0.442110 0.041492 0.049486
0 0.102941 0.281513 0.038866 0.043884
0 0.165441 0.314659 0.044118 0.050420
0 0.064338 0.282913 0.039391 0.044818
2 0.411239 0.434641 0.076681 0.118581
1 0.705882 0.121849 0.029412 0.062558
0 0.888130 0.878151 0.042017 0.049486
0 0.763918 0.804388 0.036239 0.049486
2 0.281513 0.298786 0.087185 0.089636
0 0.497637 0.615780 0.028887 0.066293
0 0.482931 0.587302 0.030987 0.057890
0 0.972426 0.828665 0.048845 0.049486
0 0.039391 0.401961 0.025210 0.066293
0 0.013393 0.409430 0.027836 0.043884
