0 0.633666 0.826797 0.059349 0.107376
0 0.931460 0.309991 0.047794 0.084034
0 0.423319 0.692810 0.066176 0.117647
0 0.665966 0.949580 0.066176 0.061625
0 0.709034 0.861811 0.059874 0.104575
0 0.763918 0.768441 0.056197 0.117647
0 0.822479 0.652661 0.053571 0.106443
0 0.929884 0.559290 0.059349 0.059757
0 0.879202 0.515406 0.056723 0.095238
0 0.947479 0.508870 0.063025 0.056022
0 0.933298 0.424837 0.047269 0.078431
0 0.644958 0.502334 0.044118 0.100840
0 0.546744 0.704482 0.056723 0.099907
0 0.743960 0.350607 0.053046 0.094304
0 0.784664 0.275444 0.059874 0.061625
0 0.716649 0.244164 0.060399 0.060691
0 0.808298 0.411765 0.053571 0.093371
0 0.436712 0.843137 0.068803 0.070962
0 0.839548 0.187208 0.049895 0.088702
0 0.879989 0.121382 0.049895 0.089636
0 0.916229 0.057890 0.049895 0.078431
3 0.712185 0.771242 0.018908 0.033613
3 0.975840 0.272176 0.022059 0.040149
3 0.743172 0.483193 0.022059 0.038282
3 0.806723 0.326331 0.018908 0.040149
3 0.689338 0.430439 0.028887 0.037348
3 0.584821 0.705882 0.014181 0.037348
3 0.922269 0.150327 0.018908 0.037348
3 0.828256 0.267040 0.023109 0.037348
