0 0.032300 0.301120 0.035189 0.060691
0 0.035189 0.238562 0.040966 0.055089
0 0.638393 0.813259 0.038340 0.037348
0 0.508403 0.776844 0.028361 0.061625
0 0.466649 0.930906 0.035189 0.070962
0 0.441964 0.889823 0.034139 0.072829
0 0.661765 0.181139 0.031513 0.061625
3 0.415441 0.749767 0.012605 0.022409
3 0.381303 0.820728 0.010504 0.022409
3 0.459821 0.350607 0.016282 0.023343
0 0.309874 0.588702 0.039916 0.040149
0 0.327994 0.555556 0.038340 0.046685
0 0.337973 0.517274 0.038340 0.044818
0 0.255252 0.556956 0.039916 0.045752
0 0.283351 0.528945 0.038340 0.042017
0 0.289653 0.483660 0.039391 0.046685
0 0.214286 0.528945 0.037815 0.038282
0 0.232931 0.497199 0.040441 0.045752
0 0.242910 0.452848 0.034139 0.042951
0 0.167805 0.503735 0.041492 0.045752
0 0.185399 0.468721 0.039916 0.048553
0 0.200368 0.429972 0.038340 0.045752
0 0.716912 0.677871 0.040966 0.044818
0 0.725578 0.640523 0.036239 0.046685
0 0.720851 0.585901 0.036239 0.040149
0 0.743172 0.556489 0.040966 0.044818
0 0.750525 0.704015 0.034664 0.037348
0 0.793330 0.682073 0.040441 0.047619
0 0.843487 0.664332 0.043067 0.047619
0 0.801471 0.595238 0.040966 0.047619
0 0.790966 0.727358 0.038866 0.044818
0 0.836922 0.758170 0.040441 0.044818
0 0.881565 0.781513 0.042542 0.046685
0 0.925158 0.805789 0.040441 0.046685
0 0.067227 0.359010 0.042017 0.040149
0 0.110557 0.474323 0.041492 0.048553
0 0.068803 0.442110 0.040966 0.049486
0 0.111870 0.285247 0.038866 0.043884
0 0.169118 0.315593 0.044118 0.050420
0 0.067227 0.281979 0.039916 0.042951
2 0.491597 0.699813 0.040966 0.148459
0 0.786502 0.858077 0.040441 0.050420
0 0.934349 0.910364 0.036765 0.042951
1 0.587710 0.460784 0.029412 0.062558
1 0.391807 0.908497 0.089286 0.179272
0 0.694590 0.165733 0.026786 0.062558
0 0.616334 0.682073 0.030987 0.071895
0 0.597689 0.577965 0.024160 0.069094
2 0.538078 0.345472 0.081408 0.110177
0 0.738971 0.086835 0.032563 0.065359
0 0.777574 0.008870 0.030987 0.019608
0 0.587447 0.370215 0.028887 0.064426
0 0.608718 0.256303 0.029412 0.062558
0 0.972952 0.833333 0.048845 0.049486
0 0.039391 0.400093 0.025210 0.066293
0 0.013918 0.409430 0.028887 0.043884
