0 0.032563 0.301120 0.034664 0.060691
0 0.035714 0.238562 0.039916 0.055089
0 0.587185 0.821195 0.037815 0.042017
0 0.485294 0.843137 0.028361 0.061625
0 0.432511 0.917367 0.034139 0.071895
0 0.683036 0.123249 0.030987 0.061625
3 0.438025 0.680672 0.012605 0.022409
3 0.389706 0.783380 0.010504 0.022409
3 0.495011 0.356209 0.016282 0.023343
0 0.310137 0.588702 0.040441 0.040149
0 0.328256 0.556022 0.037815 0.045752
0 0.338235 0.517274 0.038866 0.044818
0 0.255515 0.556956 0.039391 0.045752
0 0.283876 0.528945 0.038340 0.042017
0 0.289653 0.483660 0.039391 0.046685
0 0.214811 0.528945 0.037815 0.038282
0 0.233456 0.497199 0.040441 0.045752
0 0.243960 0.453782 0.034139 0.042951
0 0.168330 0.504202 0.041492 0.044818
0 0.185399 0.468721 0.039916 0.048553
0 0.200368 0.429972 0.038340 0.045752
0 0.716912 0.678805 0.040966 0.044818
0 0.735294 0.646592 0.038866 0.047619
0 0.720851 0.586835 0.036239 0.040149
0 0.743172 0.557423 0.040966 0.044818
0 0.750263 0.704949 0.034139 0.037348
0 0.810924 0.692344 0.040966 0.047619
0 0.858456 0.674603 0.043592 0.047619
0 0.801996 0.597572 0.040966 0.046685
0 0.790704 0.728758 0.038340 0.043884
0 0.836922 0.758170 0.040441 0.044818
0 0.881565 0.782446 0.042542 0.046685
0 0.925158 0.806723 0.040441 0.046685
0 0.046744 0.355275 0.042017 0.040149
0 0.111082 0.474323 0.041492 0.048553
0 0.069065 0.442110 0.040441 0.049486
0 0.114496 0.287115 0.038866 0.043884
0 0.169643 0.315593 0.044118 0.050420
0 0.068803 0.281513 0.039916 0.042017
2 0.487658 0.736228 0.053046 0.148459
0 0.709559 0.816060 0.040966 0.042951
0 0.865021 0.869748 0.036765 0.040149
1 0.570903 0.505602 0.029412 0.062558
1 0.413078 0.865079 0.082458 0.213819
0 0.680147 0.218021 0.026261 0.062558
0 0.605305 0.644258 0.027836 0.072829
0 0.596376 0.534080 0.023634 0.069094
2 0.564076 0.319795 0.074580 0.124183
0 0.727416 0.117647 0.032563 0.065359
0 0.764443 0.030345 0.030987 0.049486
0 0.609244 0.316060 0.029412 0.062558
0 0.622899 0.216153 0.029412 0.062558
0 0.972952 0.834267 0.048845 0.049486
0 0.038866 0.401027 0.025210 0.066293
0 0.014181 0.409430 0.029412 0.043884
