0 0.020746 0.333333 0.027836 0.072829
0 0.018120 0.268441 0.032038 0.066293
0 0.713761 0.091503 0.025210 0.056022
2 0.402574 0.824930 0.075105 0.189542
0 0.691439 0.283380 0.022584 0.058824
0 0.670956 0.214286 0.030987 0.062558
0 0.469538 0.632120 0.028361 0.063492
0 0.610294 0.421102 0.031513 0.063492
0 0.645221 0.215219 0.027836 0.056956
0 0.577731 0.293184 0.031513 0.063492
0 0.604517 0.281513 0.026261 0.056956
0 0.646796 0.125584 0.027836 0.062558
0 0.306197 0.588702 0.040966 0.040149
0 0.325105 0.554155 0.037815 0.047619
0 0.332721 0.514472 0.039391 0.044818
0 0.251838 0.557890 0.039391 0.047619
0 0.279412 0.528945 0.037815 0.042017
0 0.285452 0.481793 0.039391 0.046685
0 0.210872 0.526144 0.035189 0.040149
0 0.230305 0.498133 0.040441 0.045752
0 0.240021 0.450980 0.034664 0.039216
0 0.164391 0.505135 0.040966 0.044818
0 0.182773 0.467320 0.040966 0.049486
0 0.199317 0.430439 0.038340 0.044818
0 0.716912 0.671335 0.040966 0.044818
0 0.720326 0.628385 0.036239 0.046685
0 0.726628 0.579365 0.036239 0.040149
0 0.746849 0.550887 0.040966 0.044818
0 0.753676 0.700280 0.034664 0.037348
0 0.775998 0.662465 0.040441 0.047619
0 0.780462 0.612979 0.042017 0.047619
0 0.803834 0.583100 0.043592 0.049486
0 0.792805 0.720822 0.039391 0.044818
0 0.828782 0.645191 0.040966 0.044818
0 0.841649 0.751634 0.040441 0.044818
0 0.940389 0.706349 0.043592 0.045752
0 0.882353 0.774043 0.043067 0.046685
0 0.927258 0.797852 0.040441 0.047619
0 0.498424 0.872082 0.036765 0.065359
1 0.567227 0.469655 0.040966 0.106443
0 0.441176 0.850607 0.031513 0.070962
1 0.484244 0.673203 0.025210 0.070962
0 0.514181 0.384687 0.034664 0.052288
0 0.148897 0.402428 0.040441 0.044818
0 0.132878 0.439309 0.040966 0.043884
0 0.105305 0.476190 0.041492 0.048553
0 0.098739 0.380019 0.040966 0.039216
0 0.062763 0.442110 0.041492 0.049486
0 0.082458 0.265173 0.039916 0.048553
0 0.141282 0.303922 0.045168 0.049486
0 0.051471 0.289916 0.035714 0.049486
0 0.577731 0.368814 0.031513 0.067227
0 0.678046 0.108777 0.026261 0.062558
1 0.561450 0.614846 0.052521 0.112979
2 0.023897 0.155929 0.048845 0.084034
0 0.973739 0.824930 0.046218 0.049486
0 0.035714 0.400560 0.025210 0.067227
0 0.008666 0.409430 0.018382 0.043884
