0 0.851935 0.725529 0.020833 0.027778
0 0.836682 0.692460 0.024554 0.033069
0 0.872024 0.609788 0.016369 0.047619
0 0.880952 0.679233 0.013393 0.043651
0 0.124628 0.594577 0.027530 0.033069
0 0.200149 0.484788 0.026786 0.035714
0 0.011161 0.607143 0.022321 0.052910
0 0.856771 0.189153 0.027530 0.031746
1 0.963542 0.133598 0.031250 0.037037
1 0.717262 0.162037 0.020833 0.041005
0 0.740699 0.242063 0.026042 0.023810
0 0.300967 0.228175 0.018601 0.054233
0 0.260417 0.205688 0.019345 0.043651
0 0.252604 0.153439 0.017113 0.052910
0 0.286086 0.147487 0.017113 0.046296
2 0.752232 0.308862 0.065476 0.030423
0 0.597842 0.179894 0.024554 0.039683
0 0.376116 0.195106 0.018601 0.046296
0 0.396949 0.320106 0.018601 0.039683
0 0.417783 0.408069 0.018601 0.046296
0 0.439732 0.529762 0.014881 0.038360
0 0.208705 0.550926 0.027530 0.033069
0 0.463914 0.756614 0.023065 0.052910
0 0.497024 0.896164 0.019345 0.051587
0 0.450149 0.877646 0.016369 0.041005
3 0.349702 0.056878 0.013393 0.026455
3 0.357515 0.103175 0.009673 0.023810
3 0.336310 0.337963 0.014881 0.038360
3 0.390625 0.596561 0.013393 0.021164
3 0.614583 0.663360 0.014881 0.019841
3 0.492560 0.971561 0.010417 0.022487
0 0.913318 0.316138 0.031994 0.029101
0 0.575149 0.398148 0.025298 0.026455
0 0.206473 0.643519 0.030506 0.038360
1 0.236979 0.623016 0.029018 0.029101
1 0.268601 0.607143 0.029762 0.031746
0 0.966890 0.304233 0.030506 0.031746
0 0.604539 0.386243 0.024554 0.023810
0 0.644717 0.386243 0.029018 0.026455
0 0.646205 0.650132 0.026042 0.038360
0 0.653274 0.690476 0.025298 0.039683
0 0.691964 0.584656 0.025298 0.037037
0 0.697917 0.620370 0.026786 0.042328
0 0.400298 0.441138 0.019345 0.054233
0 0.040551 0.209656 0.027530 0.033069
