0 0.960084 0.248366 0.058824 0.067227
0 0.909926 0.338002 0.068803 0.057890
0 0.989496 0.611111 0.018908 0.075630
0 0.973739 0.201681 0.050420 0.078431
0 0.879202 0.532213 0.056723 0.093371
0 0.816439 0.271242 0.055147 0.083100
0 0.874212 0.403361 0.056197 0.084034
0 0.822216 0.468254 0.051996 0.088702
0 0.974790 0.692344 0.048319 0.068161
0 0.985557 0.749300 0.026786 0.066293
0 0.972164 0.813725 0.053571 0.066293
0 0.925945 0.728758 0.055672 0.090570
0 0.900473 0.799253 0.065651 0.067227
0 0.830882 0.875350 0.058824 0.099907
0 0.736870 0.436975 0.031513 0.095238
0 0.708246 0.489729 0.053046 0.090570
0 0.664128 0.528945 0.037290 0.099907
0 0.625000 0.484594 0.048319 0.104575
0 0.565126 0.421569 0.052521 0.092437
0 0.508666 0.283847 0.051996 0.091503
0 0.525210 0.559290 0.046218 0.115780
0 0.456670 0.475257 0.062500 0.056022
0 0.450105 0.423436 0.059874 0.060691
0 0.518382 0.201214 0.048319 0.094304
0 0.459034 0.111578 0.044118 0.086835
1 0.348214 0.054155 0.063025 0.108310
0 0.365284 0.200280 0.049895 0.062558
0 0.504464 0.661064 0.057248 0.072829
0 0.537290 0.836134 0.059874 0.098039
0 0.447479 0.957983 0.064076 0.082166
3 0.647059 0.811391 0.025210 0.046685
3 0.970326 0.563492 0.018382 0.040149
3 0.757878 0.934641 0.017857 0.056022
