0 0.393908 0.464986 0.031513 0.069094
0 0.565126 0.782913 0.043067 0.060691
0 0.625000 0.843137 0.044118 0.041083
0 0.645746 0.654528 0.034139 0.074697
0 0.444328 0.690009 0.032563 0.074697
0 0.480305 0.670401 0.028887 0.070962
0 0.424632 0.340803 0.042542 0.048553
0 0.340861 0.619514 0.044118 0.049486
0 0.372899 0.582166 0.038866 0.047619
0 0.384716 0.542017 0.041492 0.045752
0 0.231618 0.558824 0.046218 0.051354
0 0.270483 0.524743 0.044118 0.050420
0 0.256565 0.461251 0.043592 0.048553
0 0.168330 0.513539 0.038340 0.044818
0 0.196429 0.480392 0.044118 0.047619
0 0.202206 0.429505 0.037815 0.044818
0 0.114233 0.489262 0.047794 0.048553
0 0.139181 0.450514 0.043067 0.042017
0 0.155462 0.404295 0.042017 0.046685
0 0.752363 0.681139 0.042542 0.047619
0 0.725840 0.614379 0.040966 0.044818
0 0.714286 0.545752 0.037815 0.042017
0 0.761029 0.526611 0.040966 0.044818
0 0.794905 0.707750 0.033088 0.039216
0 0.813025 0.664332 0.043067 0.047619
0 0.812237 0.607376 0.042542 0.049486
0 0.837710 0.566760 0.045168 0.050420
0 0.840861 0.735294 0.040966 0.047619
0 0.877363 0.641923 0.042542 0.042017
0 0.896796 0.769841 0.045693 0.051354
0 0.940126 0.677404 0.045168 0.047619
0 0.946166 0.794585 0.045693 0.050420
0 0.988971 0.816993 0.019958 0.054155
1 0.701418 0.722689 0.067752 0.074697
0 0.315389 0.350140 0.041492 0.063492
1 0.190914 0.241363 0.042542 0.056956
0 0.042542 0.174603 0.038866 0.048553
0 0.099265 0.376284 0.045168 0.050420
0 0.083508 0.413632 0.040966 0.052288
0 0.054622 0.458450 0.043067 0.048553
0 0.044118 0.348273 0.040966 0.044818
0 0.011555 0.420168 0.024160 0.054155
0 0.006565 0.208217 0.014181 0.033613
0 0.056197 0.239963 0.045168 0.050420
0 0.944328 0.632120 0.046218 0.054155
0 0.443277 0.782446 0.034664 0.082166
0 0.554884 0.311391 0.043592 0.068161
0 0.652836 0.197012 0.026261 0.069094
0 0.682248 0.126984 0.030462 0.067227
0 0.650210 0.102708 0.032563 0.070962
0 0.706933 0.044818 0.031513 0.067227
3 0.570641 0.204482 0.009979 0.022409
3 0.544643 0.253968 0.013655 0.024276
