0 0.363708 0.950980 0.030987 0.071895
0 0.727941 0.074230 0.031513 0.062558
0 0.459559 0.740430 0.022059 0.067227
0 0.498162 0.889356 0.037290 0.068161
0 0.596376 0.465920 0.023634 0.067227
0 0.504464 0.502334 0.030987 0.072829
0 0.543067 0.449113 0.028361 0.059757
0 0.572479 0.293651 0.033613 0.066293
0 0.301996 0.590103 0.047269 0.052288
0 0.317752 0.548553 0.037815 0.047619
0 0.327994 0.509804 0.039391 0.044818
0 0.240809 0.558824 0.039391 0.047619
0 0.271534 0.521475 0.037815 0.042017
0 0.273897 0.471989 0.044643 0.049486
0 0.195903 0.521475 0.037815 0.040149
0 0.214811 0.489262 0.042017 0.046685
0 0.226366 0.445378 0.034664 0.039216
0 0.144433 0.497666 0.044118 0.048553
0 0.163603 0.457516 0.044643 0.048553
0 0.182511 0.423436 0.038340 0.045752
0 0.732143 0.676471 0.042017 0.047619
0 0.731880 0.628852 0.039391 0.047619
0 0.736082 0.576564 0.036239 0.040149
0 0.757616 0.549020 0.040441 0.044818
0 0.768382 0.702148 0.034664 0.037348
0 0.788078 0.663399 0.040441 0.047619
0 0.791492 0.614379 0.042017 0.046685
0 0.821166 0.579832 0.045693 0.050420
0 0.809611 0.725490 0.039391 0.044818
0 0.847689 0.645191 0.040966 0.044818
0 0.858718 0.755369 0.043067 0.050420
0 0.901786 0.672736 0.044118 0.049486
0 0.906513 0.780112 0.045168 0.055089
0 0.955357 0.809057 0.043067 0.049486
0 0.707983 0.835201 0.040966 0.049486
1 0.580357 0.602241 0.047269 0.110177
0 0.447216 0.601774 0.025735 0.068161
1 0.412290 0.440710 0.039916 0.061625
0 0.314601 0.347806 0.037815 0.045752
0 0.129989 0.393091 0.040441 0.044818
0 0.114233 0.429505 0.042542 0.046685
0 0.086922 0.468254 0.042542 0.051354
0 0.077731 0.366013 0.040966 0.039216
0 0.043330 0.437442 0.042542 0.053221
0 0.033613 0.238562 0.040966 0.040149
0 0.092174 0.266106 0.047794 0.052288
0 0.027836 0.270308 0.039916 0.049486
0 0.516807 0.549953 0.031513 0.070962
0 0.638918 0.146125 0.032038 0.068161
0 0.648897 0.197012 0.028887 0.061625
0 0.680672 0.123716 0.028361 0.062558
1 0.670693 0.281979 0.056723 0.123249
0 0.990284 0.835201 0.016282 0.049486
0 0.012080 0.390289 0.024160 0.067227
