0 0.035189 0.299253 0.032563 0.055089
0 0.039653 0.235294 0.040441 0.052288
0 0.464286 0.932773 0.033613 0.065359
3 0.517332 0.463585 0.014706 0.023343
3 0.344013 0.943511 0.012605 0.025210
3 0.416229 0.655462 0.009979 0.022409
3 0.571691 0.284781 0.014181 0.029879
0 0.310924 0.588702 0.039916 0.040149
0 0.329044 0.556022 0.038340 0.045752
0 0.339286 0.517740 0.038866 0.045752
0 0.256303 0.556956 0.039916 0.045752
0 0.284926 0.528945 0.038340 0.042017
0 0.290179 0.485528 0.039391 0.046685
0 0.215861 0.528478 0.037815 0.037348
0 0.234506 0.497199 0.040441 0.045752
0 0.243960 0.452381 0.034139 0.040149
0 0.168855 0.504669 0.041492 0.045752
0 0.186450 0.468721 0.039916 0.048553
0 0.150998 0.401961 0.038340 0.045752
0 0.716912 0.681606 0.040966 0.044818
0 0.782563 0.679739 0.040966 0.046685
0 0.721901 0.591503 0.036239 0.040149
0 0.742647 0.561158 0.040966 0.044818
0 0.750263 0.707750 0.034139 0.037348
0 0.912027 0.753968 0.040441 0.047619
0 0.936712 0.722222 0.043592 0.047619
0 0.802784 0.597572 0.040441 0.046685
0 0.789653 0.732493 0.038340 0.043884
0 0.836922 0.760037 0.040441 0.044818
0 0.881565 0.786181 0.042542 0.046685
0 0.925158 0.809057 0.040441 0.045752
0 0.016544 0.356209 0.034139 0.038282
0 0.112132 0.473389 0.041492 0.048553
0 0.069590 0.442110 0.039391 0.049486
0 0.119223 0.288982 0.038866 0.043884
0 0.171218 0.316527 0.044118 0.050420
0 0.077206 0.278245 0.039916 0.041083
2 0.455357 0.841270 0.064076 0.149393
0 0.537553 0.827731 0.038340 0.056956
0 0.664653 0.793651 0.035189 0.037348
1 0.532563 0.627918 0.029412 0.062558
1 0.484244 0.656396 0.084034 0.203548
0 0.377363 0.946779 0.030987 0.074697
0 0.443540 0.691410 0.030987 0.064426
0 0.641807 0.383287 0.028361 0.062558
0 0.590599 0.484594 0.024685 0.072829
0 0.616071 0.331466 0.027311 0.067227
2 0.616071 0.222689 0.059874 0.144725
0 0.714811 0.154062 0.032563 0.065359
0 0.746061 0.076564 0.030987 0.061625
0 0.686450 0.113912 0.030462 0.059757
0 0.657038 0.115313 0.029412 0.062558
0 0.972952 0.838002 0.048845 0.049486
0 0.041492 0.400093 0.026261 0.066293
0 0.014443 0.409430 0.029937 0.043884
