0 0.036239 0.297386 0.032563 0.055089
0 0.042542 0.232026 0.042017 0.047619
3 0.544118 0.398226 0.014706 0.023343
3 0.361082 0.889356 0.011029 0.027077
3 0.425683 0.616713 0.009979 0.023343
3 0.586922 0.254435 0.014181 0.028945
0 0.310924 0.588702 0.039916 0.040149
0 0.329044 0.556022 0.038340 0.045752
0 0.339548 0.517740 0.038340 0.045752
0 0.256303 0.556956 0.039916 0.045752
0 0.284926 0.528945 0.038340 0.042017
0 0.290179 0.485528 0.039391 0.046685
0 0.216387 0.528478 0.037815 0.037348
0 0.234506 0.497199 0.040441 0.045752
0 0.243960 0.451914 0.034139 0.039216
0 0.168855 0.504669 0.041492 0.045752
0 0.186975 0.468721 0.039916 0.048553
0 0.124737 0.386088 0.038340 0.045752
0 0.716912 0.682540 0.040966 0.044818
0 0.808824 0.694678 0.040966 0.046685
0 0.722689 0.593371 0.036765 0.040149
0 0.742647 0.563025 0.040966 0.044818
0 0.750263 0.708683 0.034139 0.037348
0 0.957195 0.781979 0.040441 0.047619
0 0.802784 0.597572 0.040441 0.046685
0 0.789653 0.733427 0.038340 0.043884
0 0.836922 0.760971 0.040441 0.044818
0 0.881565 0.787115 0.042542 0.046685
0 0.925158 0.809991 0.040441 0.045752
0 0.014443 0.359944 0.029937 0.038282
0 0.112132 0.473389 0.041492 0.048553
0 0.069853 0.442110 0.038866 0.049486
0 0.120798 0.289916 0.038866 0.043884
0 0.171744 0.316527 0.044118 0.050420
0 0.080357 0.276844 0.039916 0.042017
2 0.443803 0.873016 0.064076 0.149393
0 0.504464 0.866013 0.037290 0.066293
0 0.612658 0.793184 0.035189 0.040149
1 0.517332 0.669468 0.029412 0.061625
1 0.507878 0.591970 0.084034 0.203548
0 0.405987 0.857610 0.031513 0.070028
0 0.480042 0.588702 0.031513 0.060691
0 0.626576 0.431373 0.029412 0.061625
0 0.595063 0.423436 0.025210 0.071895
0 0.635504 0.254902 0.029412 0.063492
2 0.626838 0.194211 0.059349 0.143791
0 0.713235 0.159664 0.032563 0.065359
0 0.741859 0.087768 0.030987 0.061625
0 0.705882 0.063492 0.030462 0.059757
0 0.667017 0.088235 0.029412 0.060691
0 0.972952 0.838936 0.048845 0.049486
0 0.042542 0.400093 0.026261 0.066293
0 0.014443 0.409430 0.029937 0.043884
