0 0.955357 0.956116 0.055672 0.085901
0 0.898109 0.950514 0.040966 0.097106
0 0.827206 0.844071 0.070378 0.070962
0 0.801208 0.704015 0.036239 0.119514
0 0.808561 0.521475 0.034139 0.112979
0 0.708508 0.763305 0.045168 0.127918
0 0.691176 0.624183 0.058824 0.096172
0 0.711660 0.570028 0.054622 0.096172
0 0.852679 0.487862 0.043592 0.109244
0 0.835084 0.324463 0.034664 0.096172
1 0.767857 0.151261 0.044118 0.119514
0 0.724265 0.283847 0.049370 0.069094
0 0.653361 0.823529 0.059874 0.097106
0 0.606618 0.971055 0.063025 0.056022
0 0.493697 0.949580 0.072479 0.074697
0 0.417542 0.928571 0.071429 0.083100
0 0.303571 0.882820 0.056723 0.111111
0 0.237132 0.861345 0.067752 0.073763
0 0.161502 0.826331 0.075105 0.063492
0 0.065389 0.794585 0.070903 0.067227
3 0.040179 0.873950 0.030987 0.033613
