0 0.399422 0.049486 0.049895 0.087768
0 0.556723 0.092904 0.031513 0.083100
0 0.315651 0.120915 0.031513 0.088702
0 0.408613 0.130719 0.028361 0.089636
0 0.409139 0.232026 0.028361 0.090570
0 0.580095 0.169468 0.046744 0.088702
0 0.617910 0.176937 0.056197 0.071895
0 0.623424 0.242764 0.054622 0.084034
0 0.566176 0.255836 0.028361 0.091503
0 0.582721 0.326331 0.049895 0.088702
0 0.583246 0.453782 0.032038 0.102708
0 0.368172 0.309057 0.053571 0.085901
0 0.355567 0.397292 0.057773 0.055089
0 0.345588 0.482260 0.059874 0.088702
0 0.303834 0.510738 0.044643 0.110177
0 0.229779 0.560224 0.068803 0.056022
0 0.119485 0.561625 0.069853 0.058824
0 0.643120 0.593371 0.065651 0.071895
0 0.426471 0.667134 0.048319 0.107376
0 0.275473 0.709150 0.075105 0.071895
0 0.187763 0.753035 0.063550 0.112979
0 0.150473 0.759104 0.057248 0.117647
0 0.079307 0.489729 0.071429 0.070028
0 0.599527 0.773109 0.035189 0.121382
0 0.314338 0.797852 0.044643 0.111111
0 0.417017 0.843604 0.035714 0.118581
0 0.707983 0.940243 0.044118 0.115780
3 0.483193 0.296919 0.015756 0.044818
3 0.537027 0.332866 0.016282 0.045752
3 0.475578 0.789916 0.016282 0.054155
3 0.551471 0.785714 0.015756 0.055089
3 0.550945 0.352007 0.017857 0.056022
