0 0.852679 0.722884 0.022321 0.027778
0 0.836682 0.690476 0.024554 0.029101
0 0.872768 0.607143 0.017857 0.047619
0 0.881696 0.672619 0.013393 0.043651
0 0.124628 0.597222 0.027530 0.033069
0 0.200893 0.487434 0.026786 0.035714
0 0.011533 0.610450 0.023065 0.051587
0 0.857143 0.187169 0.028274 0.030423
1 0.962798 0.130952 0.031250 0.037037
1 0.717262 0.160714 0.020833 0.041005
0 0.740699 0.240741 0.026042 0.023810
0 0.300967 0.229497 0.018601 0.056878
0 0.260417 0.206349 0.019345 0.044974
0 0.252976 0.156746 0.017857 0.054233
0 0.285342 0.151455 0.017113 0.046296
2 0.751116 0.307540 0.064732 0.030423
0 0.597842 0.179894 0.024554 0.039683
0 0.353795 0.090608 0.018601 0.046296
0 0.374628 0.206349 0.018601 0.039683
0 0.393229 0.298280 0.018601 0.046296
0 0.415923 0.414683 0.014881 0.038360
0 0.181176 0.576058 0.026042 0.035714
0 0.463170 0.750661 0.024554 0.051587
0 0.486979 0.847222 0.020089 0.051587
3 0.345610 0.009259 0.011161 0.010582
3 0.326637 0.296958 0.014881 0.038360
3 0.349330 0.558201 0.014137 0.021164
3 0.615327 0.663360 0.014881 0.019841
3 0.478423 0.931217 0.010417 0.021164
0 0.845610 0.343254 0.030506 0.033069
0 0.575149 0.396825 0.025298 0.026455
0 0.207217 0.643519 0.030506 0.038360
1 0.236979 0.623016 0.029018 0.029101
1 0.269345 0.607804 0.031250 0.033069
0 0.911458 0.324074 0.032738 0.029101
0 0.604539 0.386243 0.024554 0.023810
0 0.644717 0.384921 0.029018 0.026455
0 0.646949 0.648148 0.027530 0.039683
0 0.654390 0.689153 0.027530 0.039683
0 0.677455 0.607143 0.027530 0.039683
0 0.691964 0.628307 0.026786 0.042328
0 0.982143 0.302910 0.026786 0.029101
0 0.411086 0.497354 0.018601 0.052910
0 0.042411 0.210979 0.026786 0.033069
