0 0.726935 0.517196 0.026786 0.039683
0 0.852679 0.708995 0.022321 0.029101
0 0.838170 0.677910 0.026042 0.033069
0 0.870536 0.593254 0.019345 0.048942
0 0.887277 0.647487 0.020089 0.046296
0 0.124628 0.598545 0.027530 0.038360
0 0.198661 0.492063 0.026786 0.037037
0 0.011905 0.618386 0.022321 0.048942
0 0.852307 0.175926 0.026042 0.034392
1 0.959821 0.115741 0.031250 0.038360
0 0.712054 0.149471 0.022321 0.042328
0 0.739211 0.230159 0.027530 0.026455
0 0.297619 0.228836 0.019345 0.055556
0 0.258185 0.208333 0.020833 0.048942
0 0.249256 0.155423 0.019345 0.054233
0 0.282366 0.150794 0.018601 0.044974
0 0.330729 0.179894 0.021577 0.052910
0 0.151786 0.652778 0.029762 0.041005
0 0.190104 0.625661 0.030506 0.034392
2 0.742932 0.296296 0.064732 0.031746
0 0.595238 0.171296 0.026786 0.041005
3 0.341518 0.242725 0.010417 0.030423
0 0.109747 0.644180 0.029018 0.037037
0 0.216518 0.574074 0.025298 0.031746
0 0.321429 0.445106 0.020833 0.048942
0 0.340774 0.364418 0.013393 0.046296
0 0.202753 0.662698 0.027530 0.031746
0 0.244048 0.593915 0.029762 0.034392
0 0.414062 0.624339 0.029018 0.039683
1 0.490699 0.697751 0.031994 0.046296
1 0.550223 0.766534 0.024554 0.030423
0 0.295759 0.521825 0.029018 0.041005
0 0.367932 0.492063 0.023065 0.026455
0 0.420387 0.465608 0.029762 0.034392
3 0.389137 0.449735 0.011905 0.018519
0 0.492188 0.425926 0.027530 0.031746
0 0.643601 0.646825 0.026786 0.039683
0 0.654390 0.681217 0.027530 0.042328
0 0.669643 0.605159 0.023810 0.041005
0 0.681548 0.634921 0.025298 0.042328
0 0.697917 0.562169 0.025298 0.039683
0 0.739583 0.552910 0.025298 0.037037
0 0.890997 0.371693 0.030506 0.039683
0 0.038690 0.218254 0.028274 0.039683
