0 0.026261 0.321662 0.028361 0.066293
0 0.025473 0.256769 0.038340 0.063492
0 0.744485 0.065359 0.027836 0.056022
0 0.755777 0.835201 0.042017 0.047619
0 0.652048 0.306256 0.033088 0.065359
0 0.674107 0.766106 0.040441 0.043884
0 0.555935 0.549486 0.027836 0.056956
0 0.502363 0.603641 0.030987 0.066293
2 0.532038 0.443978 0.075630 0.178338
1 0.606618 0.487395 0.032563 0.070962
0 0.751838 0.515406 0.037290 0.044818
0 0.503939 0.707283 0.030987 0.071895
0 0.588761 0.291317 0.028361 0.061625
0 0.452468 0.858077 0.032038 0.069094
0 0.688813 0.073763 0.025735 0.052288
0 0.307773 0.588702 0.040966 0.040149
0 0.326155 0.554622 0.037815 0.046685
0 0.334559 0.515406 0.038866 0.044818
0 0.253414 0.557423 0.039391 0.046685
0 0.280987 0.528945 0.037815 0.042017
0 0.287553 0.481793 0.039391 0.046685
0 0.212710 0.525677 0.034664 0.039216
0 0.231355 0.498133 0.040441 0.045752
0 0.240021 0.451914 0.034664 0.039216
0 0.165179 0.507003 0.041492 0.044818
0 0.183036 0.467787 0.040441 0.048553
0 0.199842 0.430439 0.038340 0.044818
0 0.716912 0.672269 0.040966 0.044818
0 0.718225 0.631186 0.036239 0.046685
0 0.723477 0.581232 0.036239 0.040149
0 0.742647 0.554622 0.040966 0.044818
0 0.752101 0.700280 0.034664 0.037348
0 0.772321 0.661531 0.040441 0.047619
0 0.775210 0.615780 0.042017 0.047619
0 0.800158 0.586368 0.041492 0.048553
0 0.789653 0.720822 0.039391 0.044818
0 0.914653 0.695612 0.040441 0.044818
0 0.837973 0.752568 0.040441 0.044818
0 0.880777 0.776844 0.043067 0.046685
0 0.926208 0.800654 0.040441 0.047619
1 0.614758 0.310458 0.046744 0.101774
0 0.644958 0.134454 0.027311 0.061625
0 0.151523 0.406162 0.040441 0.044818
0 0.136029 0.440243 0.040966 0.043884
0 0.107405 0.476190 0.041492 0.048553
0 0.086660 0.371615 0.040966 0.039216
0 0.065389 0.442110 0.041492 0.049486
0 0.102153 0.282446 0.038340 0.043884
0 0.163866 0.313725 0.044118 0.050420
0 0.060662 0.286181 0.037290 0.047619
0 0.662290 0.161064 0.030462 0.062558
2 0.294905 0.329599 0.085609 0.097106
0 0.958771 0.920635 0.038340 0.052288
2 0.120011 0.207283 0.089811 0.089636
0 0.420956 0.850140 0.032038 0.077498
0 0.400210 0.823996 0.030462 0.064426
0 0.972426 0.826797 0.048845 0.049486
0 0.038866 0.402428 0.025210 0.067227
0 0.013130 0.409430 0.027311 0.043884
