0 0.361870 0.410364 0.034664 0.055089
0 0.605830 0.766106 0.043592 0.047619
0 0.670693 0.843604 0.044118 0.036415
0 0.669905 0.692344 0.036239 0.068161
0 0.414653 0.780112 0.034139 0.079365
0 0.455620 0.750700 0.029937 0.070962
0 0.367647 0.312792 0.044118 0.048553
0 0.371849 0.636788 0.044118 0.052288
0 0.415966 0.607843 0.038866 0.046685
0 0.441439 0.576097 0.041492 0.048553
0 0.260767 0.568161 0.047794 0.049486
0 0.306723 0.546218 0.044118 0.050420
0 0.266019 0.464986 0.043592 0.052288
0 0.169643 0.510271 0.037815 0.043884
0 0.212710 0.489729 0.045168 0.047619
0 0.202468 0.429505 0.037290 0.044818
0 0.112658 0.485528 0.046744 0.048553
0 0.137605 0.449113 0.043067 0.041083
0 0.156250 0.401494 0.041492 0.046685
0 0.754989 0.681139 0.042542 0.047619
0 0.699055 0.598506 0.040966 0.044818
0 0.674632 0.525677 0.039391 0.042951
0 0.738445 0.511671 0.040966 0.044818
0 0.796481 0.707750 0.033088 0.039216
0 0.805410 0.657796 0.042542 0.047619
0 0.792279 0.595705 0.042542 0.050420
0 0.821429 0.556022 0.048319 0.049486
0 0.841387 0.731559 0.040966 0.047619
0 0.868697 0.635854 0.044118 0.044818
0 0.897584 0.766573 0.046218 0.050420
0 0.944853 0.675537 0.046218 0.047619
0 0.947742 0.792717 0.045693 0.050420
0 0.989496 0.818394 0.018908 0.053221
1 0.747374 0.746499 0.066176 0.070028
0 0.258929 0.300654 0.044118 0.056022
1 0.122111 0.200280 0.045693 0.056956
0 0.098214 0.376284 0.045168 0.050420
0 0.083508 0.413632 0.040966 0.052288
0 0.053046 0.457516 0.043067 0.048553
0 0.042542 0.346405 0.040966 0.044818
0 0.053309 0.232026 0.048845 0.051354
0 0.923319 0.621849 0.046218 0.054155
0 0.413340 0.869281 0.034664 0.082166
0 0.517857 0.336601 0.048319 0.062558
0 0.654412 0.194211 0.026261 0.069094
0 0.683298 0.126050 0.030462 0.067227
0 0.639181 0.130719 0.032563 0.070962
0 0.708508 0.042017 0.031513 0.067227
0 0.678834 0.035481 0.033088 0.072829
3 0.533088 0.273109 0.012605 0.025210
