0 0.834034 0.810924 0.066176 0.079365
0 0.929097 0.427171 0.065126 0.073763
0 0.969538 0.592437 0.058824 0.071895
0 0.907563 0.634454 0.060924 0.077498
0 0.821954 0.565359 0.037815 0.105509
0 0.783351 0.609244 0.045693 0.098039
0 0.734244 0.622316 0.034664 0.099907
0 0.701418 0.564893 0.057248 0.100840
0 0.649422 0.476657 0.047794 0.105509
0 0.611870 0.318861 0.045168 0.099907
0 0.591649 0.598506 0.039391 0.115780
0 0.534926 0.484594 0.062500 0.067227
0 0.534664 0.429038 0.059874 0.058824
0 0.630515 0.235294 0.043592 0.093371
0 0.584296 0.128852 0.039391 0.089636
1 0.486082 0.043884 0.055147 0.089636
0 0.484506 0.179272 0.049895 0.056022
0 0.559086 0.687675 0.058298 0.071895
0 0.566176 0.869748 0.065126 0.083100
0 0.462447 0.956116 0.066702 0.085901
3 0.605567 0.961718 0.025210 0.044818
