0 0.744792 0.494709 0.025298 0.042328
0 0.853795 0.710979 0.023065 0.025132
0 0.837426 0.679894 0.024554 0.031746
0 0.871652 0.593254 0.020089 0.043651
0 0.888393 0.656085 0.020833 0.044974
0 0.124256 0.599206 0.026786 0.037037
0 0.198661 0.491402 0.026786 0.035714
0 0.011905 0.619048 0.023810 0.050265
0 0.853423 0.177249 0.026786 0.031746
1 0.960565 0.117725 0.031250 0.037037
1 0.712054 0.150132 0.020833 0.041005
0 0.738839 0.231481 0.025298 0.023810
0 0.297991 0.229497 0.020089 0.056878
0 0.258929 0.208995 0.020833 0.050265
0 0.248884 0.155423 0.020089 0.054233
0 0.283110 0.151455 0.018601 0.043651
0 0.329985 0.178571 0.023065 0.050265
0 0.084449 0.701058 0.031994 0.037037
0 0.146577 0.654101 0.032738 0.038360
2 0.742932 0.294974 0.064732 0.031746
0 0.596354 0.171958 0.026042 0.042328
3 0.659970 0.291005 0.010417 0.015873
3 0.321429 0.281746 0.014881 0.039683
3 0.805432 0.213624 0.011161 0.019841
3 0.535342 0.875000 0.011161 0.033069
3 0.231771 0.665344 0.011161 0.015873
3 0.325149 0.154762 0.011905 0.034392
3 0.347470 0.214286 0.008929 0.021164
3 0.719866 0.316138 0.015625 0.018519
3 0.959821 0.239418 0.017857 0.018519
0 0.301339 0.511905 0.025298 0.037037
0 0.374628 0.482143 0.024554 0.030423
0 0.338542 0.343254 0.014881 0.046296
0 0.329613 0.260582 0.022321 0.047619
0 0.026786 0.761243 0.028274 0.027778
0 0.213170 0.612434 0.031994 0.037037
0 0.313988 0.582011 0.029762 0.031746
1 0.377976 0.600529 0.029762 0.034392
1 0.438616 0.679233 0.026042 0.038360
0 0.435640 0.419312 0.027530 0.039683
0 0.471726 0.433862 0.023810 0.023810
0 0.533482 0.407407 0.028274 0.029101
3 0.499628 0.380291 0.012649 0.019841
0 0.704985 0.367725 0.027530 0.026455
0 0.646205 0.641534 0.027530 0.039683
0 0.654390 0.679894 0.027530 0.044974
0 0.671875 0.605159 0.025298 0.041005
0 0.683408 0.633598 0.027530 0.044974
0 0.698661 0.558201 0.023810 0.039683
0 0.833333 0.402116 0.025298 0.037037
0 0.786830 0.497354 0.026042 0.044974
0 0.038318 0.217593 0.026042 0.038360
