0 0.034664 0.299720 0.032563 0.056022
0 0.038078 0.237162 0.039391 0.056022
0 0.478729 0.902428 0.034139 0.066293
3 0.501838 0.502801 0.014181 0.023343
3 0.334559 0.973389 0.012605 0.025210
3 0.411502 0.677871 0.009979 0.022409
3 0.562237 0.302521 0.014181 0.029879
0 0.310662 0.588702 0.040441 0.040149
0 0.329044 0.556022 0.038340 0.045752
0 0.339023 0.517740 0.038340 0.045752
0 0.256303 0.556956 0.039916 0.045752
0 0.284401 0.528945 0.038340 0.042017
0 0.290179 0.484594 0.039391 0.046685
0 0.215861 0.528478 0.037815 0.037348
0 0.233981 0.497199 0.040441 0.045752
0 0.243960 0.452848 0.034139 0.041083
0 0.168855 0.504669 0.041492 0.045752
0 0.186450 0.468721 0.039916 0.048553
0 0.165704 0.411298 0.038340 0.045752
0 0.716912 0.680672 0.040966 0.044818
0 0.771008 0.672736 0.040966 0.047619
0 0.721639 0.590570 0.036765 0.040149
0 0.742647 0.561158 0.040966 0.044818
0 0.750263 0.706816 0.034139 0.037348
0 0.888918 0.739029 0.040441 0.047619
0 0.919380 0.711951 0.043592 0.047619
0 0.802521 0.597572 0.040966 0.046685
0 0.790179 0.731559 0.038340 0.043884
0 0.836922 0.760037 0.040441 0.044818
0 0.881565 0.785247 0.042542 0.046685
0 0.925158 0.808590 0.040441 0.046685
0 0.018120 0.354809 0.037290 0.039216
0 0.111607 0.473389 0.041492 0.048553
0 0.069590 0.442110 0.039391 0.049486
0 0.118697 0.288982 0.038866 0.043884
0 0.170693 0.316527 0.044118 0.050420
0 0.075105 0.279178 0.039916 0.041083
2 0.461660 0.820728 0.063025 0.147526
0 0.559874 0.810924 0.037815 0.049486
0 0.697216 0.800187 0.035189 0.037348
1 0.541492 0.604575 0.029412 0.062558
1 0.472164 0.693744 0.084034 0.203548
0 0.363183 0.980392 0.030987 0.037348
0 0.421481 0.755369 0.030987 0.065359
0 0.649947 0.353408 0.026786 0.062558
0 0.589286 0.517740 0.024160 0.073763
0 0.607668 0.380952 0.024160 0.069094
2 0.608718 0.238562 0.059874 0.144725
0 0.715336 0.150327 0.032563 0.065359
0 0.748687 0.070962 0.030987 0.061625
0 0.672269 0.148926 0.028361 0.062558
0 0.651786 0.132120 0.029412 0.062558
0 0.972952 0.837068 0.048845 0.049486
0 0.040704 0.401027 0.025735 0.066293
0 0.014443 0.409430 0.029937 0.043884
