0 0.853423 0.717593 0.023810 0.025132
0 0.836682 0.687169 0.024554 0.027778
0 0.872768 0.601852 0.019345 0.044974
0 0.881324 0.685185 0.012649 0.047619
0 0.126488 0.597884 0.028274 0.034392
0 0.200149 0.487434 0.026786 0.035714
0 0.013393 0.612434 0.023810 0.050265
0 0.855655 0.183862 0.026786 0.031746
1 0.961310 0.124339 0.031250 0.037037
1 0.715774 0.156746 0.020833 0.041005
0 0.740699 0.235450 0.026042 0.023810
0 0.299851 0.229497 0.019345 0.056878
0 0.260417 0.207672 0.019345 0.047619
0 0.251116 0.156746 0.018601 0.054233
0 0.284598 0.151455 0.017113 0.046296
0 0.302455 0.028439 0.020089 0.054233
2 0.746280 0.303571 0.063988 0.030423
0 0.597470 0.174603 0.025298 0.042328
0 0.332589 0.014550 0.017857 0.031746
0 0.352679 0.105820 0.014881 0.039683
0 0.053199 0.673942 0.026042 0.033069
0 0.373884 0.589286 0.027530 0.043651
0 0.434152 0.701720 0.024554 0.048942
0 0.342634 0.302249 0.021577 0.054233
3 0.322173 0.281746 0.014881 0.039683
3 0.210938 0.582011 0.014137 0.021164
3 0.806548 0.219577 0.011905 0.021164
3 0.613095 0.664683 0.014881 0.019841
3 0.437500 0.811508 0.010417 0.025132
0 0.672991 0.344577 0.029018 0.027778
0 0.575149 0.394180 0.025298 0.026455
0 0.207589 0.644841 0.031250 0.038360
1 0.238467 0.623016 0.029018 0.029101
1 0.269717 0.609127 0.031994 0.038360
0 0.765253 0.350529 0.031994 0.026455
0 0.604539 0.383598 0.024554 0.023810
0 0.644717 0.380952 0.029018 0.026455
0 0.646949 0.645503 0.027530 0.039683
0 0.654390 0.685185 0.027530 0.042328
0 0.673735 0.607143 0.027530 0.039683
0 0.688988 0.628968 0.026786 0.043651
0 0.791295 0.457011 0.026042 0.038360
0 0.457217 0.645503 0.024554 0.050265
0 0.041667 0.214286 0.025298 0.034392
