0 0.689601 0.112979 0.057773 0.074697
0 0.899160 0.143324 0.053571 0.066293
0 0.895483 0.025677 0.035714 0.053221
0 0.924895 0.180672 0.056723 0.071895
0 0.825368 0.282913 0.036239 0.095238
0 0.601366 0.107376 0.039916 0.087768
0 0.681460 0.193277 0.038340 0.089636
0 0.652048 0.281513 0.039391 0.088702
0 0.825630 0.371615 0.059874 0.072829
0 0.861082 0.414099 0.062500 0.064426
0 0.846901 0.475257 0.066702 0.067227
0 0.792017 0.443044 0.042017 0.094304
0 0.787290 0.526611 0.058824 0.067227
0 0.745011 0.628852 0.041492 0.099907
0 0.570378 0.305789 0.040966 0.094304
0 0.554622 0.378151 0.055672 0.080299
0 0.527311 0.439309 0.047269 0.099907
0 0.484769 0.426237 0.031513 0.111111
0 0.412290 0.414566 0.056723 0.080299
0 0.330095 0.322596 0.060399 0.077498
0 0.756828 0.814192 0.070378 0.078431
0 0.555410 0.746499 0.039391 0.114846
0 0.412815 0.565359 0.061975 0.099907
0 0.329044 0.535481 0.062500 0.077498
0 0.309086 0.491597 0.059349 0.081232
0 0.316439 0.239963 0.059349 0.076564
0 0.240284 0.196545 0.056197 0.066293
1 0.122899 0.210084 0.081933 0.095238
0 0.180410 0.334267 0.050945 0.078431
0 0.664653 0.925303 0.050945 0.117647
0 0.418592 0.673669 0.049370 0.088702
0 0.483193 0.811391 0.048319 0.117647
3 0.644958 0.489729 0.018908 0.055089
3 0.789391 0.258637 0.015756 0.044818
3 0.687500 0.645191 0.015756 0.050420
3 0.727416 0.588235 0.017857 0.056022
