0 0.542017 0.926237 0.063025 0.110177
0 0.870536 0.359010 0.053046 0.086835
0 0.412815 0.650794 0.066176 0.117647
0 0.666492 0.883287 0.066176 0.061625
0 0.706408 0.794585 0.059874 0.104575
0 0.762342 0.703081 0.056197 0.117647
0 0.821166 0.594771 0.054097 0.104575
0 0.452468 0.962185 0.060399 0.073763
0 0.926208 0.498599 0.059349 0.054155
0 0.878676 0.472456 0.056723 0.095238
0 0.945903 0.452848 0.063025 0.056022
0 0.931723 0.378151 0.047269 0.078431
0 0.645483 0.452848 0.044118 0.100840
0 0.548319 0.639589 0.056723 0.098973
0 0.744485 0.298786 0.053046 0.093371
0 0.783613 0.229692 0.059874 0.061625
0 0.717174 0.194678 0.060399 0.060691
0 0.880515 0.231092 0.050945 0.084967
0 0.439863 0.771242 0.068803 0.067227
0 0.839548 0.138655 0.049895 0.088702
0 0.878676 0.071895 0.050420 0.082166
3 0.648634 0.812792 0.019958 0.043884
3 0.934874 0.280112 0.022059 0.041083
3 0.794118 0.326331 0.022059 0.043884
3 0.847952 0.217087 0.019433 0.040149
3 0.689863 0.385621 0.026786 0.041083
3 0.601628 0.581699 0.014181 0.037348
3 0.830095 0.218487 0.024685 0.044818
