0 0.035189 0.299253 0.032563 0.055089
0 0.039391 0.235761 0.039916 0.053221
0 0.468225 0.923903 0.034139 0.066293
3 0.512605 0.474790 0.014706 0.023343
3 0.341387 0.951914 0.012605 0.025210
3 0.415179 0.661998 0.009979 0.022409
3 0.569065 0.290383 0.014181 0.029879
0 0.310924 0.588702 0.039916 0.040149
0 0.329044 0.556022 0.038340 0.045752
0 0.339023 0.517740 0.038340 0.045752
0 0.256303 0.556956 0.039916 0.045752
0 0.284926 0.528945 0.038340 0.042017
0 0.290179 0.485528 0.039391 0.046685
0 0.215861 0.528478 0.037815 0.037348
0 0.234506 0.497199 0.040441 0.045752
0 0.243960 0.452381 0.034139 0.040149
0 0.168855 0.504669 0.041492 0.045752
0 0.186450 0.468721 0.039916 0.048553
0 0.155200 0.404762 0.038340 0.045752
0 0.716912 0.681606 0.040966 0.044818
0 0.779412 0.677871 0.040966 0.046685
0 0.721901 0.591503 0.036239 0.040149
0 0.742647 0.561158 0.040966 0.044818
0 0.750263 0.707750 0.034139 0.037348
0 0.905200 0.749300 0.040441 0.047619
0 0.931985 0.719421 0.043592 0.047619
0 0.802521 0.597572 0.040966 0.046685
0 0.789916 0.732026 0.038866 0.044818
0 0.836922 0.760037 0.040441 0.044818
0 0.881565 0.786181 0.042542 0.046685
0 0.925158 0.809057 0.040441 0.045752
0 0.017069 0.356209 0.035189 0.038282
0 0.111607 0.473389 0.041492 0.048553
0 0.069590 0.442110 0.039391 0.049486
0 0.119223 0.288982 0.038866 0.043884
0 0.171218 0.316527 0.044118 0.050420
0 0.076681 0.278245 0.039916 0.041083
2 0.456933 0.835201 0.064076 0.148459
0 0.543592 0.822596 0.037815 0.054155
0 0.674107 0.795518 0.035189 0.037348
1 0.535714 0.620448 0.029412 0.062558
1 0.480567 0.666667 0.084034 0.203548
0 0.372111 0.959384 0.030987 0.068161
0 0.437237 0.710084 0.030987 0.064426
0 0.644170 0.374883 0.027836 0.062558
0 0.590074 0.494398 0.024685 0.073763
0 0.613445 0.345472 0.026261 0.067227
2 0.613971 0.227358 0.059874 0.144725
0 0.714811 0.153128 0.032563 0.065359
0 0.747111 0.074697 0.030987 0.061625
0 0.682248 0.123716 0.029412 0.060691
0 0.655462 0.119981 0.029412 0.062558
0 0.972952 0.837068 0.048845 0.049486
0 0.041229 0.400093 0.025735 0.066293
0 0.014443 0.409430 0.029937 0.043884
