0 0.022321 0.335201 0.027836 0.072829
0 0.020746 0.270308 0.034139 0.066293
0 0.960609 0.873483 0.040966 0.043884
0 0.684086 0.179272 0.027836 0.056022
0 0.388655 0.940243 0.031513 0.070962
2 0.429359 0.741363 0.075105 0.186741
1 0.754727 0.038282 0.031513 0.063492
0 0.680147 0.347339 0.022059 0.059757
0 0.639443 0.312325 0.030987 0.062558
0 0.492122 0.562092 0.028361 0.061625
0 0.581933 0.502334 0.031513 0.063492
0 0.657826 0.179739 0.027836 0.056956
0 0.602153 0.231559 0.030987 0.063492
0 0.618960 0.247432 0.025735 0.054155
0 0.663078 0.080766 0.027836 0.062558
0 0.306723 0.588702 0.040966 0.040149
0 0.325105 0.554155 0.037815 0.047619
0 0.333246 0.514472 0.039391 0.044818
0 0.252363 0.557890 0.039391 0.047619
0 0.279412 0.528945 0.037815 0.042017
0 0.285977 0.481793 0.039391 0.046685
0 0.212185 0.526144 0.034664 0.040149
0 0.231355 0.498133 0.040441 0.045752
0 0.240021 0.450980 0.034664 0.039216
0 0.164128 0.506069 0.041492 0.044818
0 0.182773 0.467320 0.040966 0.049486
0 0.199317 0.430439 0.038340 0.044818
0 0.716912 0.671335 0.040966 0.044818
0 0.718750 0.628385 0.036239 0.046685
0 0.725578 0.580299 0.036239 0.040149
0 0.745273 0.550887 0.040966 0.044818
0 0.753676 0.700280 0.034664 0.037348
0 0.775473 0.662465 0.040441 0.047619
0 0.778887 0.612979 0.042017 0.047619
0 0.803309 0.584034 0.043592 0.049486
0 0.792279 0.720822 0.039391 0.044818
0 0.828256 0.646125 0.040966 0.044818
0 0.840599 0.751634 0.040441 0.044818
0 0.880777 0.774043 0.043067 0.046685
0 0.926733 0.797852 0.040441 0.047619
0 0.460084 0.929972 0.036765 0.065359
1 0.573529 0.440243 0.040966 0.105509
0 0.422532 0.917834 0.030987 0.070962
1 0.475315 0.726891 0.026261 0.071895
0 0.547269 0.343137 0.032563 0.058824
0 0.149422 0.403361 0.040441 0.044818
0 0.134979 0.440243 0.040966 0.043884
0 0.105830 0.476190 0.041492 0.048553
0 0.101891 0.380952 0.040966 0.039216
0 0.064338 0.442110 0.041492 0.049486
0 0.092700 0.274510 0.038340 0.044818
0 0.147321 0.305789 0.044643 0.049486
0 0.053571 0.289916 0.035714 0.049486
0 0.594800 0.329599 0.030987 0.067227
0 0.690651 0.067694 0.026261 0.062558
1 0.535714 0.696078 0.055672 0.124183
3 0.595063 0.156863 0.010504 0.026144
2 0.061712 0.183007 0.086660 0.084034
0 0.972426 0.824930 0.048845 0.049486
0 0.037290 0.401494 0.025210 0.067227
0 0.009716 0.409430 0.020483 0.043884
