0 0.918067 0.192344 0.063025 0.061625
0 0.871586 0.284781 0.068803 0.057890
0 0.972952 0.531279 0.043592 0.091503
0 0.933561 0.143324 0.064601 0.075630
0 0.881828 0.425770 0.053571 0.093371
0 0.777836 0.229225 0.051471 0.083100
0 0.840599 0.357143 0.053046 0.084967
0 0.793067 0.426237 0.048319 0.088702
0 0.957195 0.628385 0.064601 0.072829
0 0.973739 0.680205 0.050420 0.066293
0 0.959034 0.740896 0.072479 0.066293
0 0.904412 0.666667 0.053571 0.095238
0 0.881828 0.736695 0.065126 0.059757
0 0.818277 0.822129 0.053571 0.099907
0 0.707458 0.401494 0.031513 0.095238
0 0.680410 0.460317 0.053046 0.089636
0 0.638130 0.502801 0.037815 0.099907
0 0.599002 0.465920 0.044643 0.104575
0 0.535714 0.409430 0.053571 0.088702
0 0.476628 0.281513 0.055147 0.090570
0 0.792542 0.980392 0.072479 0.037348
0 0.537815 0.962185 0.059874 0.068161
0 0.503939 0.556022 0.049895 0.112979
0 0.431460 0.478992 0.062500 0.059757
0 0.422794 0.431839 0.059874 0.066293
0 0.477941 0.191877 0.050420 0.094304
0 0.416229 0.112979 0.044643 0.082166
1 0.302521 0.067227 0.066176 0.110177
0 0.328782 0.216153 0.050420 0.066293
0 0.488183 0.659197 0.057248 0.072829
0 0.527048 0.829599 0.058298 0.099907
0 0.443803 0.957983 0.063025 0.080299
3 0.655462 0.746032 0.025210 0.046685
3 0.909664 0.554622 0.021008 0.041083
3 0.761555 0.872082 0.017857 0.056022
