0 0.317752 0.359477 0.037815 0.048553
0 0.662553 0.767974 0.044643 0.045752
0 0.738183 0.863679 0.044643 0.042951
0 0.721901 0.744164 0.042542 0.061625
0 0.368697 0.910831 0.035714 0.081232
0 0.418855 0.861811 0.029937 0.070962
0 0.290966 0.265173 0.044118 0.048553
0 0.424107 0.661998 0.044643 0.050420
0 0.478466 0.642390 0.038866 0.046685
0 0.525473 0.633520 0.041492 0.049486
0 0.314076 0.598039 0.047269 0.053221
0 0.373424 0.577031 0.044118 0.046685
0 0.301733 0.479925 0.043592 0.056022
0 0.173845 0.507470 0.038866 0.043884
0 0.250525 0.507470 0.046218 0.047619
0 0.216124 0.430439 0.036239 0.044818
0 0.116071 0.484594 0.045168 0.046685
0 0.143382 0.448179 0.043067 0.041083
0 0.158876 0.401494 0.040441 0.046685
0 0.754989 0.681139 0.042542 0.047619
0 0.650735 0.567694 0.040966 0.044818
0 0.612132 0.486928 0.039391 0.042017
0 0.692227 0.479925 0.040966 0.044818
0 0.796481 0.707750 0.033088 0.039216
0 0.774422 0.639122 0.042542 0.047619
0 0.756040 0.570495 0.042542 0.050420
0 0.802521 0.540616 0.048319 0.050420
0 0.842437 0.729692 0.040966 0.047619
0 0.848739 0.619514 0.044118 0.045752
0 0.897584 0.766573 0.046218 0.050420
0 0.944853 0.675537 0.046218 0.047619
0 0.947742 0.792717 0.045693 0.050420
0 0.989496 0.818394 0.018908 0.053221
1 0.803571 0.771242 0.066176 0.070962
0 0.188025 0.248366 0.044118 0.052288
1 0.036765 0.151727 0.043067 0.055089
0 0.098739 0.370682 0.045168 0.050420
0 0.083508 0.413632 0.040966 0.052288
0 0.053571 0.454715 0.043067 0.048553
0 0.041492 0.339869 0.040966 0.044818
0 0.054097 0.231559 0.045168 0.050420
0 0.887605 0.594771 0.046218 0.054155
0 0.373424 0.971989 0.034664 0.056022
0 0.463761 0.352941 0.048319 0.046685
0 0.655987 0.192344 0.026261 0.069094
0 0.683298 0.126050 0.030462 0.067227
0 0.631828 0.155929 0.032563 0.070962
0 0.709034 0.042017 0.031513 0.067227
0 0.666754 0.069094 0.033088 0.072829
0 0.953519 0.732960 0.043592 0.050420
3 0.512605 0.291317 0.013655 0.024276
