0 0.032300 0.301120 0.035189 0.060691
0 0.034664 0.239496 0.040966 0.055089
0 0.666754 0.819795 0.038340 0.039216
0 0.519958 0.744164 0.028361 0.061625
0 0.477153 0.908497 0.035189 0.069094
0 0.446429 0.877684 0.034664 0.072829
0 0.651523 0.207283 0.030987 0.061625
3 0.406513 0.780579 0.012605 0.022409
3 0.377626 0.837535 0.010504 0.022409
3 0.444065 0.347806 0.016282 0.023343
0 0.309611 0.588702 0.040441 0.040149
0 0.327994 0.555556 0.038340 0.046685
0 0.337710 0.516807 0.038866 0.045752
0 0.255252 0.556956 0.039916 0.045752
0 0.283351 0.528945 0.038340 0.042017
0 0.289653 0.483660 0.039391 0.046685
0 0.214286 0.528945 0.037815 0.038282
0 0.232931 0.497199 0.040441 0.045752
0 0.242910 0.452848 0.034139 0.042951
0 0.167805 0.503735 0.041492 0.045752
0 0.184874 0.468721 0.039916 0.048553
0 0.200368 0.429972 0.038340 0.045752
0 0.716912 0.677871 0.040966 0.044818
0 0.723477 0.639589 0.036239 0.046685
0 0.720851 0.585901 0.036239 0.040149
0 0.743435 0.555556 0.040441 0.044818
0 0.750525 0.703081 0.034664 0.037348
0 0.787553 0.677404 0.040441 0.047619
0 0.836922 0.659664 0.042542 0.047619
0 0.801471 0.594304 0.040966 0.047619
0 0.790966 0.727358 0.038866 0.044818
0 0.836922 0.757236 0.040441 0.044818
0 0.881565 0.780579 0.042542 0.046685
0 0.925158 0.805322 0.040441 0.047619
0 0.077994 0.363679 0.041492 0.040149
0 0.110557 0.474323 0.041492 0.048553
0 0.068803 0.442110 0.040966 0.049486
0 0.110294 0.284314 0.038866 0.043884
0 0.168592 0.315593 0.044118 0.050420
0 0.066702 0.281513 0.039916 0.043884
2 0.492384 0.682540 0.034139 0.147526
0 0.823792 0.880486 0.040441 0.052288
0 0.965074 0.929038 0.033088 0.042951
1 0.595063 0.440243 0.029412 0.062558
1 0.388655 0.921569 0.076681 0.151261
0 0.702468 0.140523 0.026786 0.062558
0 0.622899 0.698880 0.033613 0.071895
0 0.599265 0.597572 0.024160 0.069094
2 0.525210 0.356209 0.082983 0.099907
0 0.744748 0.066760 0.032563 0.064426
0 0.579569 0.392624 0.028887 0.066293
0 0.599790 0.278711 0.029412 0.062558
0 0.972952 0.832400 0.048845 0.049486
0 0.039916 0.400093 0.025210 0.066293
0 0.013918 0.409430 0.028887 0.043884
