0 0.642485 0.651455 0.024554 0.041005
0 0.632440 0.723545 0.028274 0.042328
0 0.853423 0.708333 0.022321 0.027778
0 0.837426 0.675265 0.027530 0.033069
0 0.870536 0.592593 0.019345 0.047619
0 0.889509 0.656746 0.021577 0.048942
0 0.668155 0.809524 0.020833 0.047619
0 0.643229 0.910053 0.015625 0.047619
0 0.123140 0.603175 0.031994 0.037037
0 0.196057 0.490079 0.026042 0.035714
0 0.009301 0.621693 0.020089 0.044974
0 0.853051 0.174603 0.027530 0.037037
1 0.959449 0.113757 0.031994 0.042328
0 0.713542 0.148810 0.025298 0.043651
0 0.738839 0.229497 0.031250 0.030423
0 0.295387 0.231481 0.019345 0.055556
0 0.255580 0.208333 0.017113 0.048942
0 0.248884 0.156085 0.018601 0.052910
0 0.281622 0.150794 0.018601 0.044974
0 0.327009 0.178571 0.020089 0.050265
0 0.289062 0.013889 0.020089 0.030423
0 0.281994 0.568783 0.028274 0.037037
0 0.345238 0.501323 0.026786 0.044974
0 0.354167 0.218254 0.013393 0.037037
2 0.743304 0.296296 0.063988 0.031746
0 0.593750 0.169974 0.026786 0.041005
3 0.338542 0.240741 0.010417 0.031746
0 0.104167 0.654762 0.023810 0.034392
0 0.380952 0.372354 0.019345 0.054233
0 0.964286 0.342593 0.028274 0.039683
3 0.049107 0.679233 0.011905 0.019841
0 0.517113 0.943122 0.022321 0.044974
0 0.570312 0.888889 0.023065 0.050265
0 0.563244 0.793651 0.023810 0.042328
0 0.598958 0.812831 0.020833 0.041005
0 0.034970 0.221561 0.028274 0.035714
