0 0.031250 0.301120 0.037290 0.060691
0 0.033613 0.239496 0.040966 0.055089
0 0.921218 0.931373 0.040966 0.049486
0 0.610294 0.460317 0.028361 0.061625
0 0.570641 0.798786 0.043592 0.049486
0 0.501576 0.714286 0.034664 0.072829
0 0.491859 0.873016 0.033088 0.063492
0 0.436712 0.894958 0.027836 0.060691
0 0.575368 0.408497 0.030987 0.066293
2 0.624737 0.186741 0.074055 0.175537
1 0.447216 0.948646 0.034139 0.074697
3 0.341912 0.981326 0.010504 0.026144
3 0.281513 0.246032 0.016807 0.021475
0 0.309086 0.588702 0.040441 0.040149
0 0.327206 0.555556 0.037815 0.046685
0 0.336660 0.516340 0.038866 0.044818
0 0.254464 0.557423 0.039391 0.046685
0 0.282300 0.528945 0.038340 0.042017
0 0.289128 0.481793 0.039391 0.046685
0 0.214023 0.525677 0.037290 0.039216
0 0.231880 0.497199 0.040441 0.045752
0 0.240021 0.450980 0.034664 0.039216
0 0.167279 0.503268 0.041492 0.044818
0 0.183824 0.468721 0.039916 0.048553
0 0.200368 0.429972 0.038340 0.045752
0 0.716912 0.675070 0.040966 0.044818
0 0.718225 0.634921 0.036239 0.046685
0 0.720851 0.583100 0.036239 0.040149
0 0.743435 0.553688 0.040441 0.044818
0 0.750525 0.700280 0.034664 0.037348
0 0.772321 0.663399 0.040441 0.047619
0 0.796744 0.630719 0.042017 0.047619
0 0.799895 0.589636 0.040966 0.047619
0 0.789391 0.725490 0.038866 0.044818
0 0.836922 0.754435 0.040441 0.044818
0 0.881303 0.779645 0.043067 0.046685
0 0.925158 0.800654 0.040441 0.047619
0 0.143645 0.398693 0.040441 0.044818
0 0.083246 0.387021 0.040441 0.056956
0 0.109506 0.475257 0.041492 0.048553
0 0.066964 0.442110 0.041492 0.049486
0 0.103466 0.280579 0.038866 0.043884
0 0.167017 0.314659 0.044118 0.050420
0 0.066439 0.281513 0.040441 0.043884
2 0.463235 0.527077 0.060924 0.142857
1 0.661765 0.248833 0.029412 0.062558
0 0.761817 0.804855 0.043592 0.050420
0 0.660452 0.734360 0.035189 0.055089
2 0.390494 0.357610 0.086660 0.074697
0 0.529412 0.530345 0.028361 0.069094
0 0.524947 0.471989 0.025735 0.058824
0 0.972426 0.829599 0.048845 0.049486
0 0.039916 0.401027 0.025210 0.066293
0 0.013655 0.409430 0.028361 0.043884
