0 0.607405 0.846405 0.061450 0.109244
0 0.914916 0.319795 0.049370 0.084967
0 0.420168 0.673203 0.066176 0.117647
0 0.665441 0.921569 0.066176 0.061625
0 0.707458 0.832866 0.059874 0.104575
0 0.762342 0.742297 0.056197 0.117647
0 0.822216 0.626050 0.054097 0.105509
0 0.927258 0.532213 0.059349 0.059757
0 0.877889 0.493931 0.057248 0.095238
0 0.945378 0.484594 0.063025 0.056022
0 0.931197 0.404295 0.047269 0.078431
0 0.645483 0.486461 0.044118 0.100840
0 0.546744 0.683940 0.056723 0.099907
0 0.743960 0.332400 0.053046 0.093371
0 0.783613 0.253035 0.059874 0.061625
0 0.715599 0.220822 0.060399 0.060691
0 0.828519 0.352007 0.053046 0.089636
0 0.437237 0.813259 0.068803 0.070962
0 0.839023 0.167600 0.049895 0.088702
0 0.878414 0.099907 0.049895 0.085901
0 0.914916 0.040616 0.050420 0.073763
3 0.693803 0.773109 0.018908 0.033613
3 0.964286 0.263772 0.022059 0.040149
3 0.756828 0.430906 0.022059 0.038282
3 0.817227 0.288982 0.018908 0.040149
3 0.689601 0.408030 0.029412 0.039216
3 0.590074 0.661998 0.014181 0.037348
3 0.935399 0.100840 0.018908 0.037348
3 0.827994 0.246499 0.023634 0.037348
