0 0.462447 0.052288 0.050945 0.087768
0 0.608193 0.118114 0.031513 0.083100
0 0.378151 0.108777 0.031513 0.088702
0 0.470851 0.136321 0.029937 0.089636
0 0.460084 0.232026 0.028361 0.090570
0 0.632616 0.197946 0.049895 0.087768
0 0.663866 0.211485 0.056723 0.071895
0 0.669905 0.273576 0.056197 0.076564
0 0.615546 0.281979 0.028361 0.095238
0 0.626838 0.356209 0.049895 0.088702
0 0.616597 0.483660 0.031513 0.100840
0 0.403361 0.302988 0.050420 0.088702
0 0.407826 0.381886 0.055147 0.061625
0 0.389181 0.459851 0.059874 0.088702
0 0.339548 0.482726 0.041492 0.110177
0 0.270483 0.515406 0.066176 0.059757
0 0.164916 0.492530 0.066176 0.056956
0 0.672006 0.636788 0.065651 0.063492
0 0.464811 0.675070 0.050420 0.104575
0 0.304097 0.669468 0.071429 0.076564
0 0.213498 0.707750 0.063550 0.110177
0 0.183036 0.676471 0.059349 0.103641
0 0.126050 0.421569 0.066176 0.066293
0 0.037027 0.442577 0.066702 0.059757
0 0.616859 0.799253 0.035189 0.123249
0 0.334296 0.764706 0.047794 0.100840
0 0.427521 0.840803 0.035714 0.118581
0 0.712710 0.975257 0.044118 0.045752
3 0.522584 0.346405 0.015756 0.044818
3 0.580882 0.275910 0.015756 0.045752
3 0.485032 0.864613 0.016282 0.054155
3 0.570378 0.710551 0.015756 0.056022
3 0.588761 0.404295 0.017857 0.056022
