0 0.581408 0.869748 0.063025 0.111111
0 0.898109 0.330065 0.051471 0.084967
0 0.417542 0.659197 0.066176 0.117647
0 0.664916 0.895425 0.066176 0.061625
0 0.706933 0.810458 0.059874 0.104575
0 0.762868 0.720822 0.056197 0.117647
0 0.821166 0.606443 0.054097 0.105509
0 0.926208 0.514006 0.059349 0.055089
0 0.878151 0.485528 0.056723 0.095238
0 0.945378 0.470588 0.063025 0.056022
0 0.930147 0.387488 0.047269 0.078431
0 0.645483 0.473389 0.044118 0.100840
0 0.547269 0.663866 0.056723 0.098973
0 0.743960 0.314659 0.053046 0.093371
0 0.783088 0.235294 0.059874 0.061625
0 0.715599 0.203081 0.060399 0.060691
0 0.849002 0.298319 0.053046 0.088702
0 0.438813 0.785247 0.068803 0.069094
0 0.839023 0.148926 0.049895 0.088702
0 0.876576 0.084034 0.050420 0.082166
0 0.913866 0.030345 0.047269 0.062558
3 0.676208 0.778245 0.019433 0.038282
3 0.951681 0.260971 0.022059 0.040149
3 0.769958 0.380486 0.022059 0.038282
3 0.830095 0.255369 0.019433 0.040149
3 0.689601 0.395892 0.028361 0.041083
3 0.594275 0.622782 0.014181 0.037348
3 0.950105 0.060224 0.018908 0.036415
3 0.826943 0.228758 0.023634 0.037348
