0 0.690389 0.112045 0.057248 0.074697
0 0.896008 0.139589 0.053571 0.066293
0 0.892069 0.023810 0.035189 0.049486
0 0.921218 0.176004 0.056723 0.071895
0 0.821954 0.280112 0.035714 0.095238
0 0.599790 0.106443 0.039916 0.087768
0 0.676996 0.190476 0.037815 0.089636
0 0.647847 0.278711 0.039391 0.088702
0 0.824317 0.369281 0.059349 0.071895
0 0.859769 0.411298 0.061975 0.066293
0 0.846376 0.475257 0.066702 0.067227
0 0.790441 0.440710 0.040966 0.095238
0 0.784926 0.522876 0.058298 0.067227
0 0.742647 0.623249 0.040966 0.099907
0 0.568277 0.304855 0.040966 0.094304
0 0.554884 0.377684 0.056197 0.079365
0 0.524685 0.438842 0.047269 0.098973
0 0.483456 0.425770 0.032038 0.112045
0 0.412553 0.413165 0.057248 0.079365
0 0.328782 0.322596 0.060924 0.077498
0 0.755777 0.809991 0.070378 0.077498
0 0.554359 0.740430 0.039391 0.113912
0 0.411239 0.566293 0.061975 0.099907
0 0.326943 0.537348 0.062500 0.077498
0 0.306460 0.493931 0.059349 0.082166
0 0.313550 0.239963 0.059874 0.078431
0 0.238445 0.197479 0.056723 0.066293
1 0.120536 0.211018 0.081408 0.095238
0 0.177258 0.338002 0.050945 0.078431
0 0.664391 0.922502 0.050420 0.119514
0 0.416492 0.673669 0.049370 0.088702
0 0.481618 0.811391 0.047269 0.117647
3 0.647321 0.482726 0.017332 0.050420
3 0.787290 0.268908 0.015756 0.044818
3 0.489233 0.988329 0.016282 0.019608
3 0.683824 0.654528 0.015756 0.050420
3 0.727941 0.581699 0.017857 0.056022
