0 0.843750 0.378307 0.026786 0.039683
0 0.852307 0.712302 0.023065 0.025132
0 0.837426 0.680556 0.024554 0.030423
0 0.870908 0.596561 0.018601 0.044974
0 0.883185 0.667989 0.019345 0.044974
0 0.122024 0.602513 0.028274 0.033069
0 0.198661 0.491402 0.026786 0.035714
0 0.011905 0.619709 0.023810 0.048942
0 0.853423 0.177249 0.026786 0.031746
1 0.960565 0.117725 0.031250 0.037037
1 0.712054 0.152778 0.020833 0.041005
0 0.738095 0.231481 0.025298 0.023810
0 0.297991 0.229497 0.020089 0.056878
0 0.258929 0.208995 0.020833 0.050265
0 0.247768 0.156085 0.019345 0.055556
0 0.283110 0.152116 0.018601 0.044974
0 0.329985 0.178571 0.023065 0.047619
0 0.040923 0.724868 0.031250 0.039683
2 0.741443 0.298280 0.063244 0.033069
0 0.595610 0.171958 0.026042 0.042328
0 0.096354 0.652116 0.030506 0.034392
3 0.738839 0.339286 0.011905 0.019841
3 0.319196 0.281746 0.014881 0.039683
3 0.802455 0.207011 0.011161 0.019841
3 0.564732 0.715608 0.011905 0.029101
3 0.297247 0.634921 0.011161 0.015873
3 0.334821 0.206349 0.011905 0.034392
3 0.328869 0.083995 0.008929 0.022487
3 0.804315 0.316799 0.017857 0.019841
0 0.468006 0.396825 0.028274 0.037037
0 0.513765 0.416005 0.024554 0.027778
0 0.319196 0.214947 0.020833 0.048942
0 0.297991 0.116402 0.021577 0.042328
0 0.135045 0.658730 0.031994 0.037037
0 0.226935 0.634259 0.029762 0.033069
1 0.284598 0.599868 0.031994 0.033069
1 0.343378 0.597222 0.029018 0.022487
0 0.558780 0.352513 0.031250 0.027778
0 0.561384 0.392857 0.024554 0.023810
0 0.617188 0.380952 0.029018 0.026455
3 0.631696 0.342593 0.011905 0.015873
0 0.894345 0.316799 0.026786 0.033069
0 0.646949 0.642857 0.027530 0.039683
0 0.653646 0.680556 0.026042 0.043651
0 0.670387 0.605820 0.026786 0.042328
0 0.680432 0.634259 0.027530 0.046296
0 0.697917 0.564153 0.025298 0.041005
0 0.985863 0.284392 0.026786 0.039683
0 0.688244 0.665344 0.025298 0.044974
0 0.037946 0.217593 0.025298 0.038360
