0 0.774160 0.504669 0.052521 0.096172
0 0.397584 0.679272 0.063025 0.118581
0 0.668067 0.882353 0.066176 0.061625
0 0.704044 0.786181 0.059349 0.104575
0 0.766544 0.707750 0.056197 0.117647
0 0.819328 0.583567 0.053571 0.104575
0 0.565126 0.781513 0.057773 0.112045
0 0.918855 0.480859 0.057248 0.059757
0 0.881040 0.460784 0.057248 0.099907
0 0.939863 0.436041 0.062500 0.056022
0 0.926996 0.359010 0.047269 0.079365
0 0.647584 0.448179 0.044118 0.100840
0 0.550683 0.639589 0.057248 0.098973
0 0.737658 0.291317 0.049895 0.093371
0 0.786502 0.218954 0.060399 0.062558
0 0.721639 0.190943 0.058824 0.058824
0 0.443540 0.771709 0.068803 0.062558
0 0.842962 0.140990 0.048319 0.089636
0 0.870536 0.060691 0.048845 0.082166
3 0.573004 0.937908 0.019958 0.043884
3 0.884191 0.364146 0.018382 0.050420
3 0.857931 0.226424 0.021534 0.043884
3 0.683824 0.370215 0.025210 0.040149
3 0.831408 0.221289 0.016807 0.044818
