0 0.853051 0.708995 0.023065 0.029101
0 0.837426 0.675926 0.027530 0.031746
0 0.870164 0.591931 0.020089 0.048942
0 0.887649 0.657407 0.020833 0.047619
0 0.837054 0.453704 0.026786 0.042328
0 0.803943 0.491402 0.026042 0.043651
0 0.123512 0.605159 0.031250 0.035714
0 0.196057 0.494709 0.027530 0.037037
0 0.009301 0.621693 0.020089 0.050265
0 0.852307 0.174603 0.029018 0.034392
1 0.957961 0.114418 0.033482 0.041005
0 0.712798 0.150132 0.025298 0.043651
0 0.738095 0.230820 0.031250 0.030423
0 0.296875 0.231481 0.019345 0.055556
0 0.255952 0.208333 0.017857 0.048942
0 0.247768 0.156746 0.019345 0.051587
0 0.279762 0.152116 0.019345 0.047619
0 0.328497 0.186508 0.021577 0.052910
0 0.314360 0.130952 0.020089 0.050265
0 0.302455 0.063492 0.021577 0.050265
0 0.366815 0.173280 0.020833 0.052910
0 0.333333 0.035053 0.020833 0.048942
0 0.353423 0.219577 0.013393 0.037037
2 0.742560 0.296296 0.065476 0.034392
0 0.592634 0.171296 0.027530 0.041005
3 0.353795 0.324735 0.011161 0.033069
3 0.046131 0.757937 0.016369 0.021164
3 0.382068 0.724868 0.011161 0.023810
3 0.532738 0.787037 0.010417 0.021164
0 0.593378 0.688492 0.014137 0.019841
0 0.482143 0.242725 0.014881 0.017196
0 0.010417 0.710317 0.022321 0.039683
0 0.133185 0.630952 0.023810 0.031746
0 0.303571 0.482143 0.023810 0.043651
0 0.331101 0.409392 0.016369 0.046296
0 0.175595 0.675926 0.028274 0.034392
0 0.241071 0.595238 0.029762 0.034392
0 0.398438 0.607143 0.029018 0.039683
1 0.472842 0.681878 0.031994 0.046296
1 0.533854 0.761243 0.024554 0.030423
0 0.370164 0.468915 0.029018 0.035714
0 0.423363 0.460317 0.025298 0.034392
0 0.478795 0.434524 0.030506 0.033069
3 0.348214 0.473545 0.011905 0.018519
0 0.434896 0.458333 0.027530 0.035714
0 0.647693 0.642857 0.024554 0.042328
0 0.655506 0.681878 0.026786 0.041005
0 0.671131 0.605159 0.023810 0.041005
0 0.683036 0.636243 0.025298 0.039683
0 0.699033 0.562831 0.026042 0.038360
0 0.718750 0.582011 0.025298 0.037037
0 0.966518 0.297619 0.031250 0.037037
0 0.035714 0.220899 0.028274 0.034392
