0 0.767857 0.169468 0.063025 0.068161
0 0.965861 0.237162 0.049370 0.061625
0 0.981618 0.113912 0.034664 0.078431
0 0.887342 0.367880 0.041492 0.093371
0 0.856618 0.144725 0.040966 0.089636
0 0.674370 0.145658 0.047269 0.087768
0 0.744485 0.245565 0.044643 0.087768
0 0.708771 0.327264 0.042542 0.088702
0 0.881303 0.467320 0.065126 0.071895
0 0.910189 0.509804 0.066176 0.069094
0 0.896534 0.575630 0.069328 0.066293
0 0.837185 0.519608 0.046218 0.094304
0 0.826155 0.596172 0.064076 0.060691
0 0.776523 0.703548 0.045693 0.099907
0 0.625000 0.335201 0.034664 0.095238
0 0.607931 0.402428 0.056197 0.080299
0 0.574580 0.459851 0.047269 0.099907
0 0.530725 0.431839 0.034139 0.105509
0 0.464811 0.403828 0.056723 0.083100
0 0.387605 0.295518 0.056723 0.081232
0 0.777048 0.894491 0.071954 0.091503
0 0.566439 0.845005 0.037290 0.123249
0 0.446691 0.555089 0.056197 0.105509
0 0.368435 0.511204 0.062500 0.077498
0 0.351103 0.462185 0.059349 0.078431
0 0.381303 0.208683 0.054622 0.088702
0 0.309611 0.149393 0.050945 0.078431
1 0.189863 0.138189 0.071954 0.104575
0 0.233981 0.281979 0.050945 0.078431
0 0.673319 0.956583 0.056723 0.083100
0 0.443540 0.666667 0.049895 0.087768
0 0.501050 0.816527 0.053571 0.109244
0 0.437763 0.963119 0.050945 0.066293
3 0.655462 0.591970 0.025210 0.056022
3 0.897059 0.233894 0.018908 0.043884
3 0.764706 0.581232 0.017857 0.043884
3 0.750525 0.697479 0.017857 0.056022
