0 0.025735 0.330532 0.027311 0.069094
0 0.022847 0.261905 0.035189 0.066293
0 0.819590 0.873483 0.041492 0.051354
0 0.688025 0.201681 0.031513 0.065359
0 0.736607 0.774510 0.040441 0.043884
0 0.586922 0.463119 0.027836 0.056022
0 0.477941 0.674603 0.031513 0.070028
2 0.507353 0.514006 0.075630 0.178338
1 0.647584 0.363212 0.030462 0.067227
0 0.715861 0.488329 0.035714 0.048553
0 0.539128 0.609244 0.030987 0.070028
0 0.564076 0.359477 0.028361 0.061625
0 0.482931 0.769841 0.032038 0.068161
0 0.669380 0.119514 0.025735 0.052288
0 0.307511 0.588702 0.040441 0.040149
0 0.325893 0.554155 0.038340 0.047619
0 0.334296 0.515406 0.039391 0.044818
0 0.252889 0.557890 0.039391 0.047619
0 0.280462 0.528945 0.037815 0.042017
0 0.287027 0.481793 0.039391 0.046685
0 0.212185 0.525677 0.034664 0.039216
0 0.231355 0.498133 0.040441 0.045752
0 0.240021 0.451914 0.034664 0.039216
0 0.165179 0.507003 0.041492 0.044818
0 0.183036 0.467787 0.040441 0.048553
0 0.199317 0.430439 0.038340 0.044818
0 0.716912 0.672269 0.040966 0.044818
0 0.718225 0.630252 0.036239 0.046685
0 0.724002 0.581232 0.036239 0.040149
0 0.742647 0.552754 0.040966 0.044818
0 0.752626 0.700280 0.034664 0.037348
0 0.772847 0.661531 0.040441 0.047619
0 0.774685 0.613912 0.042017 0.047619
0 0.800945 0.585901 0.042017 0.049486
0 0.790179 0.720822 0.039391 0.044818
0 0.883141 0.677871 0.040441 0.044818
0 0.838498 0.751634 0.040441 0.044818
0 0.880777 0.775910 0.043067 0.046685
0 0.926733 0.799720 0.040441 0.047619
1 0.600053 0.351541 0.046744 0.105509
0 0.626576 0.183940 0.027311 0.061625
0 0.150998 0.405229 0.040441 0.044818
0 0.137605 0.440243 0.040966 0.043884
0 0.106880 0.476190 0.041492 0.048553
0 0.098739 0.378151 0.040966 0.039216
0 0.064863 0.442110 0.041492 0.049486
0 0.101628 0.282446 0.038340 0.043884
0 0.163340 0.313725 0.044118 0.050420
0 0.059349 0.287582 0.036765 0.048553
0 0.643382 0.205882 0.030462 0.062558
2 0.239496 0.290383 0.087185 0.093371
2 0.056723 0.174136 0.081933 0.084967
0 0.377363 0.969188 0.032038 0.059757
0 0.362920 0.938842 0.030462 0.070028
0 0.972426 0.826797 0.048845 0.049486
0 0.038340 0.401494 0.025210 0.067227
0 0.012868 0.409430 0.026786 0.043884
