0 0.028361 0.307656 0.037815 0.064426
0 0.030462 0.246965 0.040966 0.060691
0 0.671744 0.275444 0.028361 0.061625
0 0.640756 0.788982 0.043067 0.044818
0 0.566702 0.542484 0.034664 0.072829
0 0.565914 0.789916 0.040441 0.048553
0 0.483456 0.756303 0.027836 0.061625
0 0.542279 0.494398 0.030987 0.066293
2 0.586922 0.288049 0.078256 0.178338
1 0.513918 0.755369 0.034139 0.074697
0 0.864233 0.582633 0.035189 0.044818
0 0.438288 0.902894 0.030987 0.070962
0 0.642069 0.145658 0.028887 0.061625
3 0.154412 0.188609 0.016807 0.018674
0 0.308561 0.588702 0.040441 0.040149
0 0.326681 0.554622 0.037815 0.046685
0 0.335609 0.515873 0.038866 0.045752
0 0.253939 0.557423 0.039391 0.046685
0 0.281775 0.528945 0.038340 0.042017
0 0.288078 0.481793 0.039391 0.046685
0 0.213498 0.525677 0.036239 0.039216
0 0.231880 0.497199 0.040441 0.045752
0 0.240021 0.450980 0.034664 0.039216
0 0.166229 0.505135 0.041492 0.044818
0 0.183298 0.468721 0.039916 0.048553
0 0.199842 0.429972 0.038340 0.045752
0 0.716912 0.674136 0.040966 0.044818
0 0.718225 0.633053 0.036239 0.046685
0 0.722426 0.582166 0.036239 0.040149
0 0.743172 0.555556 0.040966 0.044818
0 0.751050 0.700280 0.034664 0.037348
0 0.770221 0.661531 0.040441 0.047619
0 0.785714 0.622316 0.042017 0.047619
0 0.798582 0.587768 0.040441 0.047619
0 0.789391 0.723623 0.038866 0.044818
0 0.837447 0.753501 0.040441 0.044818
0 0.881303 0.778711 0.043067 0.046685
0 0.925683 0.800654 0.040441 0.047619
1 0.653887 0.192810 0.046218 0.099907
0 0.152048 0.407096 0.040441 0.044818
0 0.117910 0.426704 0.040441 0.056022
0 0.108456 0.476190 0.041492 0.048553
0 0.041492 0.352007 0.045168 0.035481
0 0.065914 0.442110 0.041492 0.049486
0 0.102679 0.281513 0.038340 0.043884
0 0.165441 0.314659 0.044118 0.050420
0 0.063813 0.282913 0.039391 0.044818
2 0.406250 0.427638 0.078256 0.115780
1 0.709034 0.109711 0.029412 0.062558
0 0.898634 0.883754 0.042017 0.049486
0 0.773897 0.810924 0.036239 0.049486
2 0.272584 0.293184 0.087185 0.089636
0 0.494485 0.626050 0.028887 0.066293
0 0.479254 0.598506 0.030987 0.057890
0 0.972426 0.828665 0.048845 0.049486
0 0.039391 0.402428 0.025210 0.067227
0 0.013393 0.409430 0.027836 0.043884
