0 0.725074 0.516534 0.026042 0.041005
0 0.949033 0.295635 0.031994 0.038360
0 0.853423 0.708333 0.022321 0.027778
0 0.837426 0.674603 0.027530 0.034392
0 0.871652 0.592593 0.020089 0.047619
0 0.889509 0.655423 0.021577 0.048942
0 0.123884 0.601852 0.030506 0.037037
0 0.196801 0.489418 0.026042 0.034392
0 0.009673 0.621693 0.020833 0.047619
0 0.853051 0.172619 0.027530 0.035714
1 0.959449 0.113757 0.031994 0.042328
0 0.713542 0.148810 0.025298 0.043651
0 0.738839 0.226852 0.031250 0.030423
0 0.294643 0.230159 0.019345 0.055556
0 0.257068 0.208333 0.018601 0.048942
0 0.249256 0.155423 0.019345 0.054233
0 0.282366 0.150794 0.018601 0.044974
0 0.329241 0.177249 0.023065 0.050265
0 0.156622 0.646825 0.029018 0.039683
0 0.193824 0.624339 0.029018 0.031746
2 0.743304 0.296296 0.063988 0.031746
0 0.593750 0.169974 0.026786 0.041005
3 0.340030 0.242725 0.010417 0.030423
0 0.200521 0.562831 0.026042 0.038360
0 0.276414 0.513228 0.023065 0.039683
0 0.470238 0.957672 0.020833 0.047619
0 0.248140 0.589286 0.030506 0.035714
0 0.668527 0.707672 0.026042 0.042328
1 0.710565 0.642857 0.025298 0.042328
1 0.824033 0.481481 0.023065 0.039683
0 0.110119 0.648810 0.023810 0.041005
0 0.170015 0.611772 0.029018 0.035714
3 0.229911 0.552249 0.013393 0.019841
0 0.252604 0.560847 0.026042 0.039683
0 0.630952 0.665344 0.023810 0.042328
0 0.652530 0.680556 0.025298 0.041005
0 0.658854 0.623016 0.024554 0.042328
0 0.680804 0.636243 0.023810 0.039683
0 0.693824 0.569444 0.026042 0.038360
0 0.707217 0.597884 0.024554 0.037037
0 0.035342 0.219577 0.029018 0.037037
