0 0.865546 0.127918 0.061975 0.056022
0 0.823004 0.225957 0.067227 0.059757
0 0.935662 0.450980 0.045693 0.091503
0 0.876576 0.076097 0.063025 0.066293
0 0.879202 0.287115 0.048319 0.092437
0 0.727941 0.184407 0.048319 0.084967
0 0.797532 0.296919 0.049895 0.085901
0 0.753414 0.375350 0.045693 0.089636
0 0.923845 0.547152 0.067227 0.072829
0 0.949317 0.597106 0.065651 0.066293
0 0.932773 0.662465 0.072479 0.066293
0 0.875000 0.595238 0.047269 0.094304
0 0.856092 0.666667 0.065126 0.059757
0 0.799632 0.762372 0.048845 0.099907
0 0.668067 0.365079 0.031513 0.095238
0 0.645483 0.429038 0.054622 0.084967
0 0.610294 0.478525 0.045168 0.099907
0 0.566439 0.446779 0.040441 0.105509
0 0.501050 0.405229 0.055672 0.085901
0 0.433824 0.284314 0.056723 0.086835
0 0.788866 0.954715 0.072479 0.088702
0 0.559874 0.916900 0.052521 0.123249
0 0.476366 0.553221 0.053571 0.109244
0 0.400735 0.490196 0.063025 0.069094
0 0.387868 0.443511 0.059349 0.074697
0 0.431723 0.197479 0.052521 0.094304
0 0.365021 0.124650 0.045168 0.081232
1 0.251050 0.093371 0.070378 0.106443
0 0.282826 0.241830 0.050945 0.070962
0 0.680147 0.978525 0.056723 0.041083
0 0.466912 0.659664 0.055672 0.075630
0 0.514706 0.823529 0.056723 0.100840
0 0.439601 0.958917 0.059874 0.076564
3 0.659139 0.669468 0.025210 0.050420
3 0.985294 0.241363 0.015756 0.043884
3 0.837447 0.564426 0.019433 0.043884
3 0.761555 0.786181 0.017857 0.056022
