0 0.691439 0.111578 0.057248 0.075630
0 0.893120 0.135854 0.053046 0.066293
0 0.888918 0.022409 0.034139 0.046685
0 0.917542 0.171335 0.056723 0.071895
0 0.821954 0.278245 0.035714 0.095238
0 0.598214 0.105509 0.039916 0.087768
0 0.674895 0.188609 0.037815 0.089636
0 0.646271 0.277778 0.039391 0.088702
0 0.823267 0.366947 0.059349 0.070962
0 0.858718 0.408497 0.061975 0.068161
0 0.846113 0.475257 0.066176 0.067227
0 0.788866 0.438842 0.040966 0.095238
0 0.782563 0.520075 0.057773 0.067227
0 0.736082 0.613912 0.039391 0.099907
0 0.566702 0.304855 0.040966 0.094304
0 0.555410 0.377218 0.056197 0.078431
0 0.523634 0.438375 0.047269 0.098039
0 0.482405 0.425770 0.032038 0.112045
0 0.412553 0.411765 0.057248 0.078431
0 0.327468 0.322596 0.061450 0.077498
0 0.754727 0.805322 0.070378 0.077498
0 0.553046 0.734360 0.039916 0.112979
0 0.409926 0.567227 0.062500 0.099907
0 0.325368 0.539216 0.062500 0.077498
0 0.303834 0.496732 0.059349 0.082166
0 0.311975 0.239963 0.059874 0.078431
0 0.236607 0.198413 0.057248 0.066293
1 0.118172 0.211951 0.081933 0.095238
0 0.174107 0.341737 0.050945 0.078431
0 0.664128 0.920635 0.049895 0.121382
0 0.414391 0.674603 0.049370 0.088702
0 0.480305 0.812325 0.046744 0.117647
3 0.650210 0.476190 0.015756 0.044818
3 0.785189 0.279178 0.015756 0.044818
3 0.492384 0.982726 0.016282 0.030812
3 0.680410 0.663866 0.015231 0.050420
3 0.728466 0.575163 0.017857 0.056022
