0 0.032038 0.301120 0.035714 0.060691
0 0.034664 0.239496 0.040966 0.055089
0 0.711660 0.830999 0.038866 0.042951
0 0.537815 0.690943 0.028361 0.061625
0 0.494223 0.873950 0.034664 0.067227
0 0.454307 0.854342 0.034664 0.072829
0 0.634716 0.248833 0.030987 0.064426
3 0.392332 0.833800 0.012605 0.024276
3 0.371849 0.864613 0.010504 0.022409
3 0.415704 0.328198 0.016282 0.023343
0 0.309611 0.588702 0.040441 0.040149
0 0.327994 0.555556 0.038340 0.046685
0 0.337447 0.516807 0.038340 0.045752
0 0.254989 0.556956 0.039391 0.045752
0 0.283351 0.528945 0.038340 0.042017
0 0.289653 0.482726 0.039391 0.046685
0 0.214286 0.528478 0.037815 0.039216
0 0.232931 0.497199 0.040441 0.045752
0 0.241859 0.452381 0.034139 0.042017
0 0.167805 0.503735 0.041492 0.045752
0 0.184874 0.468721 0.039916 0.048553
0 0.200368 0.429972 0.038340 0.045752
0 0.716912 0.676937 0.040966 0.044818
0 0.719800 0.637722 0.036239 0.046685
0 0.720851 0.584967 0.036239 0.040149
0 0.743435 0.554622 0.040441 0.044818
0 0.750525 0.702148 0.034664 0.037348
0 0.780725 0.671802 0.040441 0.047619
0 0.826681 0.652194 0.042017 0.047619
0 0.801471 0.592904 0.040966 0.046685
0 0.790966 0.726424 0.038866 0.044818
0 0.836922 0.757236 0.040441 0.044818
0 0.881565 0.780579 0.042542 0.046685
0 0.925158 0.805322 0.040441 0.047619
0 0.095851 0.371148 0.041492 0.040149
0 0.031250 0.352474 0.041492 0.038282
0 0.110032 0.474323 0.041492 0.048553
0 0.068540 0.442110 0.041492 0.049486
0 0.108193 0.283380 0.038866 0.043884
0 0.168592 0.315593 0.044118 0.050420
0 0.066702 0.281513 0.039916 0.043884
2 0.493960 0.654528 0.023634 0.147526
0 0.891019 0.923436 0.040441 0.052288
1 0.606618 0.407563 0.029412 0.062558
1 0.380777 0.943044 0.058824 0.104575
0 0.715599 0.098039 0.026786 0.061625
0 0.640756 0.720822 0.036765 0.065359
0 0.602941 0.628852 0.025210 0.070028
2 0.502101 0.366947 0.084034 0.084034
0 0.754202 0.035948 0.032563 0.060691
0 0.566964 0.427638 0.028887 0.069094
0 0.586134 0.314192 0.029412 0.062558
0 0.972952 0.831466 0.048845 0.049486
0 0.039916 0.400093 0.025210 0.066293
0 0.013918 0.409430 0.028887 0.043884
