0 0.566702 0.891223 0.063025 0.111111
0 0.888130 0.335668 0.052521 0.084967
0 0.415966 0.650794 0.066176 0.117647
0 0.666492 0.884220 0.066176 0.061625
0 0.706408 0.800187 0.059874 0.104575
0 0.762868 0.714286 0.056197 0.117647
0 0.821166 0.597106 0.054097 0.105509
0 0.432773 0.990663 0.059874 0.016807
0 0.925683 0.503735 0.059349 0.051354
0 0.878151 0.480859 0.056723 0.095238
0 0.944853 0.461251 0.063025 0.056022
0 0.930672 0.383754 0.047269 0.078431
0 0.645483 0.465920 0.044118 0.100840
0 0.547269 0.651727 0.056723 0.098973
0 0.743960 0.304388 0.053046 0.093371
0 0.783088 0.233427 0.059874 0.061625
0 0.716124 0.195612 0.060399 0.060691
0 0.861082 0.272642 0.051996 0.087768
0 0.438813 0.779178 0.068803 0.068161
0 0.839023 0.145191 0.049895 0.088702
0 0.874475 0.077498 0.050420 0.082166
0 0.912815 0.026144 0.044118 0.054155
3 0.666229 0.789449 0.019433 0.043884
3 0.945378 0.265173 0.022059 0.041083
3 0.778887 0.359944 0.022059 0.040149
3 0.836397 0.238562 0.019433 0.040149
3 0.689863 0.392157 0.027836 0.041083
3 0.596901 0.605042 0.014181 0.037348
3 0.956408 0.039683 0.018908 0.036415
3 0.827731 0.223156 0.024160 0.039216
