0 0.853423 0.715608 0.023810 0.023810
0 0.836682 0.683201 0.024554 0.027778
0 0.871652 0.599868 0.018601 0.046296
0 0.879836 0.699074 0.015625 0.046296
0 0.125744 0.598545 0.026786 0.033069
0 0.199405 0.488757 0.026786 0.035714
0 0.012649 0.616402 0.023810 0.050265
0 0.854167 0.181217 0.026786 0.031746
1 0.960565 0.121693 0.031250 0.037037
1 0.713542 0.155423 0.020833 0.041005
0 0.739211 0.232804 0.026042 0.023810
0 0.299107 0.229497 0.019345 0.056878
0 0.259673 0.208995 0.019345 0.050265
0 0.249628 0.156746 0.018601 0.054233
0 0.283854 0.152116 0.018601 0.044974
0 0.324777 0.146825 0.020089 0.058201
2 0.743676 0.302249 0.063244 0.033069
0 0.596354 0.173280 0.026042 0.042328
0 0.206101 0.589286 0.028274 0.035714
0 0.332589 0.580688 0.028274 0.042328
0 0.284226 0.508598 0.026786 0.041005
3 0.922619 0.278439 0.014881 0.019841
3 0.320685 0.281746 0.014881 0.039683
3 0.096726 0.649471 0.014881 0.021164
3 0.802455 0.212963 0.011161 0.021164
3 0.603423 0.672619 0.014881 0.019841
3 0.394717 0.713624 0.011161 0.025132
3 0.333705 0.198413 0.011161 0.034392
0 0.587798 0.346561 0.028274 0.029101
0 0.573661 0.392857 0.025298 0.026455
0 0.207589 0.646164 0.031250 0.038360
1 0.237723 0.625000 0.029018 0.027778
1 0.269717 0.612434 0.031994 0.037037
0 0.656994 0.337302 0.029762 0.029101
0 0.602307 0.381614 0.026042 0.022487
0 0.641741 0.380952 0.029018 0.026455
3 0.951637 0.300265 0.014881 0.018519
0 0.647693 0.645503 0.027530 0.039683
0 0.654018 0.682540 0.026786 0.042328
0 0.672619 0.605820 0.026786 0.042328
0 0.686384 0.628307 0.027530 0.044974
0 0.717634 0.536376 0.026042 0.038360
0 0.533854 0.740079 0.029018 0.035714
0 0.040179 0.216931 0.025298 0.037037
