0 0.026523 0.316060 0.034139 0.066293
0 0.027836 0.252568 0.040966 0.060691
0 0.721901 0.126984 0.027836 0.056022
0 0.715861 0.813259 0.043067 0.044818
0 0.625263 0.380952 0.034139 0.067227
0 0.635242 0.767040 0.040441 0.043884
0 0.533876 0.613445 0.027836 0.061625
0 0.517069 0.562558 0.030987 0.066293
2 0.548845 0.395425 0.075630 0.178338
1 0.577468 0.575630 0.034139 0.073763
0 0.778099 0.530345 0.035189 0.044818
0 0.480830 0.776377 0.030987 0.071895
0 0.606355 0.243697 0.028887 0.061625
0 0.431460 0.914099 0.032038 0.069094
3 0.046744 0.143791 0.016807 0.018674
0 0.699842 0.038282 0.026786 0.052288
0 0.308036 0.588702 0.040441 0.040149
0 0.326418 0.554622 0.038340 0.046685
0 0.335084 0.515406 0.038866 0.044818
0 0.253414 0.557423 0.039391 0.046685
0 0.281250 0.528945 0.038340 0.042017
0 0.287553 0.481793 0.039391 0.046685
0 0.212973 0.525677 0.035189 0.039216
0 0.231880 0.497199 0.040441 0.045752
0 0.240021 0.451914 0.034664 0.039216
0 0.165704 0.507003 0.041492 0.044818
0 0.183036 0.467787 0.040441 0.048553
0 0.199842 0.430439 0.038340 0.044818
0 0.716912 0.673203 0.040966 0.044818
0 0.718225 0.632120 0.036239 0.046685
0 0.722952 0.582166 0.036239 0.040149
0 0.742647 0.556489 0.040966 0.044818
0 0.751576 0.700280 0.034664 0.037348
0 0.771271 0.661531 0.040441 0.047619
0 0.776261 0.617647 0.042017 0.047619
0 0.799632 0.587302 0.041492 0.048553
0 0.789653 0.721755 0.039391 0.044818
0 0.941964 0.711485 0.040441 0.044818
0 0.837973 0.752568 0.040441 0.044818
0 0.880777 0.777778 0.043067 0.046685
0 0.926208 0.800654 0.040441 0.047619
1 0.626576 0.276844 0.047269 0.099907
0 0.657563 0.098039 0.027311 0.061625
0 0.151523 0.406162 0.040441 0.044818
0 0.135504 0.440243 0.040966 0.043884
0 0.107931 0.476190 0.041492 0.048553
0 0.074842 0.364613 0.041492 0.038282
0 0.065389 0.442110 0.041492 0.049486
0 0.102153 0.281513 0.038340 0.043884
0 0.164391 0.313725 0.044118 0.050420
0 0.061712 0.284781 0.038340 0.046685
0 0.673582 0.123716 0.029937 0.062558
3 0.628414 0.046685 0.011029 0.026144
2 0.333246 0.359944 0.085609 0.101774
1 0.752101 0.012605 0.029412 0.027077
0 0.995273 0.935107 0.006303 0.049486
0 0.898372 0.885621 0.036239 0.049486
2 0.168855 0.231559 0.086660 0.089636
0 0.447742 0.767040 0.032038 0.066293
0 0.426996 0.745098 0.030462 0.061625
0 0.972426 0.827731 0.048845 0.049486
0 0.038866 0.402428 0.025210 0.067227
0 0.013130 0.409430 0.027311 0.043884
