0 0.951681 0.413632 0.061975 0.059757
0 0.861870 0.656863 0.060924 0.088702
0 0.864496 0.333333 0.059874 0.080299
0 0.916229 0.472456 0.057248 0.082166
0 0.858193 0.528945 0.055672 0.079365
0 0.951155 0.814659 0.058824 0.088702
0 0.919643 0.878151 0.068277 0.071895
0 0.844275 0.938375 0.062500 0.085901
0 0.772847 0.483660 0.030987 0.098973
0 0.741597 0.536881 0.052521 0.097106
0 0.695116 0.560691 0.037290 0.099907
0 0.658088 0.514472 0.051471 0.104575
0 0.600578 0.439309 0.050945 0.098039
0 0.550420 0.291783 0.049370 0.094304
0 0.553571 0.573763 0.043067 0.116713
0 0.487920 0.475724 0.061975 0.056956
0 0.483718 0.419234 0.059874 0.056022
0 0.565914 0.213819 0.045693 0.093371
0 0.509191 0.111578 0.043592 0.090570
1 0.401261 0.044818 0.063025 0.091503
0 0.412553 0.185808 0.049895 0.056022
0 0.527311 0.667600 0.056723 0.072829
0 0.550158 0.850140 0.062500 0.090570
0 0.451943 0.956116 0.066702 0.085901
3 0.631303 0.875817 0.025210 0.044818
