0 0.687872 0.577381 0.024554 0.041005
0 0.725818 0.566138 0.030506 0.044974
0 0.853423 0.708333 0.022321 0.027778
0 0.837426 0.675265 0.027530 0.033069
0 0.870908 0.592593 0.020089 0.047619
0 0.889137 0.655423 0.020833 0.046296
0 0.122024 0.602513 0.031250 0.038360
0 0.196057 0.490079 0.026042 0.035714
0 0.009301 0.622354 0.020089 0.046296
0 0.853051 0.174603 0.027530 0.037037
1 0.959449 0.113757 0.031994 0.042328
0 0.713542 0.148810 0.025298 0.043651
0 0.738839 0.228175 0.031250 0.030423
0 0.293155 0.231481 0.019345 0.055556
0 0.255952 0.208333 0.017857 0.048942
0 0.248884 0.156085 0.018601 0.052910
0 0.281622 0.150794 0.018601 0.044974
0 0.327009 0.180556 0.021577 0.056878
0 0.178943 0.635582 0.031994 0.038360
0 0.238095 0.596561 0.031250 0.037037
0 0.338542 0.144841 0.013393 0.033069
2 0.743304 0.296296 0.063988 0.031746
0 0.593750 0.169974 0.026786 0.041005
3 0.339286 0.240079 0.010417 0.030423
0 0.083705 0.650132 0.026042 0.038360
0 0.183780 0.589286 0.023810 0.041005
0 0.311384 0.544312 0.031994 0.041005
0 0.816964 0.476190 0.026786 0.039683
1 0.902902 0.375661 0.033482 0.044974
3 0.143601 0.610450 0.011905 0.019841
0 0.118676 0.652116 0.026042 0.037037
0 0.559524 0.804894 0.023810 0.041005
0 0.578497 0.931217 0.021577 0.050265
0 0.595238 0.728175 0.023810 0.041005
0 0.629092 0.718254 0.024554 0.042328
0 0.648065 0.638889 0.025298 0.042328
0 0.669271 0.664683 0.023065 0.038360
0 0.034598 0.220899 0.029018 0.037037
