0 0.390756 0.163866 0.053571 0.062558
0 0.399160 0.266106 0.049370 0.084034
0 0.565126 0.150327 0.040966 0.067227
0 0.534139 0.058357 0.025210 0.066293
0 0.597952 0.165733 0.037290 0.071895
0 0.550945 0.308123 0.028361 0.078431
0 0.381565 0.118114 0.056197 0.055089
0 0.405725 0.063959 0.024685 0.058824
3 0.493435 0.083100 0.012080 0.050420
0 0.315389 0.336601 0.030987 0.088702
0 0.405200 0.348273 0.028887 0.089636
0 0.405987 0.439309 0.028361 0.090570
0 0.576681 0.380019 0.042017 0.082166
0 0.613445 0.387021 0.055672 0.071895
0 0.623950 0.450514 0.054622 0.084967
0 0.566702 0.463585 0.028361 0.084967
0 0.584034 0.532680 0.050420 0.092437
0 0.582983 0.662465 0.032563 0.111111
0 0.340861 0.529879 0.055672 0.083100
0 0.346376 0.604108 0.059349 0.065359
0 0.336922 0.687675 0.062500 0.088702
0 0.292017 0.715686 0.047269 0.120448
0 0.213761 0.769841 0.070378 0.058824
0 0.098214 0.768908 0.077731 0.066293
0 0.650210 0.802521 0.070378 0.079365
0 0.411239 0.866013 0.042017 0.126050
0 0.259191 0.927638 0.078256 0.077498
0 0.060399 0.699813 0.077731 0.071895
3 0.500788 0.438842 0.015231 0.044818
3 0.537815 0.687675 0.018908 0.056956
3 0.467700 0.893557 0.016282 0.054155
3 0.544643 0.510738 0.017857 0.056022
