0 0.021796 0.334267 0.027836 0.072829
0 0.019695 0.269374 0.033088 0.066293
0 0.986870 0.889823 0.025210 0.050420
0 0.698004 0.139122 0.026261 0.056022
0 0.374475 0.976190 0.031513 0.045752
2 0.416754 0.780112 0.075105 0.187675
1 0.767857 0.012605 0.031513 0.027077
0 0.682773 0.323063 0.022059 0.059757
0 0.653624 0.266573 0.030987 0.062558
0 0.482143 0.594771 0.028361 0.061625
0 0.595063 0.465920 0.031513 0.063492
0 0.652048 0.195612 0.027836 0.056956
0 0.591124 0.259570 0.030987 0.063492
0 0.612395 0.261905 0.025210 0.055089
0 0.655725 0.101307 0.027836 0.062558
0 0.306460 0.588702 0.040441 0.040149
0 0.325105 0.554155 0.037815 0.047619
0 0.332721 0.514472 0.039391 0.044818
0 0.251838 0.557890 0.039391 0.047619
0 0.279412 0.528945 0.037815 0.042017
0 0.285452 0.481793 0.039391 0.046685
0 0.212185 0.526611 0.034664 0.041083
0 0.230830 0.498133 0.040441 0.045752
0 0.240021 0.450980 0.034664 0.039216
0 0.164391 0.505135 0.040966 0.044818
0 0.182773 0.467320 0.040966 0.049486
0 0.199317 0.430439 0.038340 0.044818
0 0.716912 0.671335 0.040966 0.044818
0 0.719275 0.628385 0.036239 0.046685
0 0.726103 0.579365 0.036239 0.040149
0 0.746324 0.550887 0.040966 0.044818
0 0.753676 0.700280 0.034664 0.037348
0 0.775473 0.662465 0.040441 0.047619
0 0.779412 0.612979 0.042017 0.047619
0 0.803309 0.583567 0.043592 0.050420
0 0.792805 0.720822 0.039391 0.044818
0 0.828256 0.645191 0.040966 0.044818
0 0.841124 0.751634 0.040441 0.044818
0 0.880777 0.774043 0.043067 0.046685
0 0.926733 0.797852 0.040441 0.047619
0 0.477416 0.902894 0.036765 0.065359
1 0.570378 0.453315 0.040966 0.105509
0 0.430935 0.887021 0.030987 0.070962
1 0.480042 0.701214 0.025210 0.070962
0 0.533088 0.364146 0.033613 0.056022
0 0.149422 0.403361 0.040441 0.044818
0 0.133929 0.439309 0.040966 0.043884
0 0.105830 0.476190 0.041492 0.048553
0 0.100315 0.380952 0.040966 0.039216
0 0.063288 0.442110 0.041492 0.049486
0 0.087973 0.269841 0.039391 0.046685
0 0.144433 0.304855 0.045168 0.049486
0 0.053046 0.289916 0.035714 0.049486
0 0.586922 0.348273 0.030987 0.067227
0 0.684874 0.087302 0.026261 0.062558
1 0.547532 0.658730 0.054097 0.118581
3 0.591912 0.169001 0.010504 0.026144
2 0.038603 0.168067 0.078256 0.084034
0 0.972689 0.824930 0.048319 0.049486
0 0.036765 0.400560 0.025210 0.067227
0 0.009191 0.409430 0.019433 0.043884
