0 0.032300 0.301120 0.035189 0.060691
0 0.034664 0.239496 0.040966 0.055089
0 0.660977 0.818394 0.038340 0.038282
0 0.517332 0.750700 0.028361 0.061625
0 0.475053 0.913165 0.035189 0.069094
0 0.445378 0.880486 0.034664 0.072829
0 0.653887 0.202614 0.031513 0.061625
3 0.408088 0.774977 0.012605 0.022409
3 0.378676 0.833800 0.010504 0.022409
3 0.447216 0.348739 0.016282 0.023343
0 0.309874 0.588702 0.039916 0.040149
0 0.327994 0.555556 0.038340 0.046685
0 0.337710 0.516807 0.038866 0.045752
0 0.255252 0.556956 0.039916 0.045752
0 0.283351 0.528945 0.038340 0.042017
0 0.289653 0.483660 0.039391 0.046685
0 0.214286 0.528945 0.037815 0.038282
0 0.232931 0.497199 0.040441 0.045752
0 0.242910 0.452848 0.034139 0.042951
0 0.167805 0.503735 0.041492 0.045752
0 0.185399 0.468721 0.039916 0.048553
0 0.200368 0.429972 0.038340 0.045752
0 0.716912 0.677871 0.040966 0.044818
0 0.724002 0.639589 0.036239 0.046685
0 0.720851 0.585901 0.036239 0.040149
0 0.743435 0.555556 0.040441 0.044818
0 0.750525 0.703081 0.034664 0.037348
0 0.788603 0.678338 0.040441 0.047619
0 0.838498 0.660598 0.042542 0.047619
0 0.801471 0.594771 0.040966 0.046685
0 0.790966 0.727358 0.038866 0.044818
0 0.836922 0.757236 0.040441 0.044818
0 0.881565 0.781513 0.042542 0.046685
0 0.925158 0.805322 0.040441 0.047619
0 0.075630 0.362745 0.042017 0.040149
0 0.110557 0.474323 0.041492 0.048553
0 0.068803 0.442110 0.040966 0.049486
0 0.110819 0.284314 0.038866 0.043884
0 0.168592 0.315593 0.044118 0.050420
0 0.066702 0.281513 0.039916 0.043884
2 0.492122 0.685808 0.035714 0.148459
0 0.815389 0.874883 0.040441 0.052288
0 0.959034 0.925303 0.033613 0.042951
1 0.593487 0.444911 0.029412 0.062558
1 0.389181 0.919234 0.079832 0.157796
0 0.700893 0.145658 0.026786 0.061625
0 0.621586 0.696078 0.033088 0.071895
0 0.599265 0.593838 0.024160 0.069094
2 0.527836 0.354342 0.082983 0.101774
0 0.743697 0.070495 0.032563 0.064426
0 0.581145 0.387955 0.028887 0.066293
0 0.601891 0.274043 0.029412 0.062558
0 0.972952 0.832400 0.048845 0.049486
0 0.039916 0.400093 0.025210 0.066293
0 0.013918 0.409430 0.028887 0.043884
