0 0.680432 0.590608 0.024554 0.041005
0 0.699033 0.611111 0.026042 0.042328
0 0.853423 0.708333 0.022321 0.027778
0 0.837426 0.675265 0.027530 0.033069
0 0.870908 0.592593 0.020089 0.047619
0 0.889137 0.655423 0.020833 0.046296
0 0.120536 0.605159 0.031250 0.038360
0 0.196057 0.490079 0.026042 0.035714
0 0.009301 0.622354 0.020089 0.046296
0 0.853051 0.174603 0.027530 0.037037
1 0.959449 0.113757 0.031994 0.042328
0 0.713542 0.148810 0.025298 0.043651
0 0.738839 0.228175 0.031250 0.030423
0 0.293899 0.231481 0.019345 0.055556
0 0.255952 0.208333 0.017857 0.048942
0 0.248884 0.156085 0.018601 0.052910
0 0.281622 0.150794 0.018601 0.044974
0 0.327009 0.181217 0.021577 0.058201
0 0.196057 0.625661 0.033482 0.039683
0 0.264137 0.582672 0.031250 0.035714
0 0.343750 0.174603 0.013393 0.029101
2 0.743304 0.296296 0.063988 0.031746
0 0.593750 0.169974 0.026786 0.041005
3 0.339286 0.240079 0.010417 0.030423
0 0.055060 0.670635 0.026786 0.039683
0 0.168155 0.602513 0.023810 0.041005
0 0.336310 0.515212 0.031250 0.043651
0 0.852307 0.437831 0.027530 0.039683
1 0.952009 0.341931 0.033482 0.043651
3 0.122768 0.627646 0.011905 0.019841
0 0.084449 0.673942 0.027530 0.038360
0 0.539807 0.862434 0.023065 0.044974
0 0.572173 0.775794 0.023810 0.041005
0 0.610863 0.760582 0.023810 0.044974
0 0.630580 0.671296 0.024554 0.041005
0 0.653646 0.692460 0.023065 0.041005
0 0.034598 0.220899 0.029018 0.037037
