0 0.853423 0.716931 0.023810 0.023810
0 0.836682 0.685847 0.024554 0.027778
0 0.872768 0.600529 0.019345 0.044974
0 0.881324 0.697090 0.012649 0.047619
0 0.126488 0.597222 0.028274 0.033069
0 0.200149 0.487434 0.026786 0.035714
0 0.013393 0.612434 0.023810 0.050265
0 0.854911 0.182540 0.026786 0.031746
1 0.960565 0.123016 0.031250 0.037037
1 0.715030 0.155423 0.020833 0.041005
0 0.739955 0.234127 0.026042 0.023810
0 0.299851 0.229497 0.019345 0.056878
0 0.260417 0.208333 0.019345 0.048942
0 0.250372 0.156746 0.018601 0.054233
0 0.284226 0.151455 0.017857 0.046296
0 0.314360 0.087963 0.021577 0.048942
2 0.744420 0.302249 0.063244 0.033069
0 0.597098 0.173280 0.026042 0.042328
0 0.335565 0.023810 0.014881 0.037037
0 0.320685 0.550926 0.029762 0.033069
0 0.400670 0.644180 0.027530 0.047619
0 0.337054 0.392196 0.014881 0.048942
3 0.322173 0.281746 0.014881 0.039683
3 0.167783 0.608466 0.014137 0.021164
3 0.804688 0.216931 0.011161 0.021164
3 0.609375 0.667328 0.014881 0.019841
3 0.423735 0.773148 0.011161 0.025132
3 0.322173 0.138889 0.011905 0.034392
0 0.629464 0.342593 0.028274 0.026455
0 0.575149 0.392857 0.025298 0.026455
0 0.207589 0.646164 0.031250 0.038360
1 0.238467 0.623016 0.029018 0.029101
1 0.269717 0.610450 0.031994 0.038360
0 0.720610 0.345238 0.031994 0.026455
0 0.604539 0.382275 0.024554 0.023810
0 0.643973 0.380952 0.029018 0.026455
0 0.646949 0.645503 0.027530 0.039683
0 0.654018 0.683862 0.026786 0.042328
0 0.673735 0.607143 0.027530 0.039683
0 0.687872 0.628307 0.026042 0.044974
0 0.754836 0.493386 0.024554 0.037037
0 0.484747 0.695106 0.024554 0.048942
0 0.040923 0.215608 0.025298 0.034392
