0 0.029149 0.305322 0.037290 0.063492
0 0.031513 0.244631 0.040966 0.059757
0 0.655987 0.323996 0.028361 0.061625
0 0.620798 0.786648 0.043067 0.043884
0 0.548319 0.591970 0.034664 0.072829
0 0.545693 0.801587 0.039916 0.051354
0 0.468750 0.799720 0.027836 0.060691
0 0.550158 0.474790 0.030987 0.066293
2 0.597952 0.257236 0.075105 0.176471
1 0.495536 0.807656 0.034139 0.074697
0 0.899422 0.603175 0.035189 0.044818
0 0.427258 0.935574 0.030987 0.070962
0 0.651523 0.121382 0.028887 0.061625
3 0.188550 0.203548 0.016807 0.018674
0 0.308561 0.588702 0.040441 0.040149
0 0.326943 0.554622 0.038340 0.046685
0 0.336134 0.516340 0.038866 0.044818
0 0.253939 0.557423 0.039391 0.046685
0 0.281775 0.528945 0.038340 0.042017
0 0.288603 0.481793 0.039391 0.046685
0 0.213498 0.525677 0.036239 0.039216
0 0.231880 0.497199 0.040441 0.045752
0 0.240021 0.450980 0.034664 0.039216
0 0.166754 0.504202 0.041492 0.044818
0 0.183298 0.468721 0.039916 0.048553
0 0.199842 0.429972 0.038340 0.045752
0 0.716912 0.674136 0.040966 0.044818
0 0.718225 0.633987 0.036239 0.046685
0 0.721901 0.583100 0.036239 0.040149
0 0.743172 0.554622 0.040966 0.044818
0 0.751050 0.700280 0.034664 0.037348
0 0.769695 0.661531 0.040441 0.047619
0 0.787815 0.624183 0.042017 0.047619
0 0.798582 0.588702 0.040441 0.047619
0 0.789391 0.723623 0.038866 0.044818
0 0.837447 0.753501 0.040441 0.044818
0 0.881303 0.778711 0.043067 0.046685
0 0.925158 0.800654 0.040441 0.047619
1 0.663340 0.165733 0.046218 0.101774
0 0.150998 0.405229 0.040441 0.044818
0 0.108456 0.418301 0.040441 0.056022
0 0.108981 0.475257 0.041492 0.048553
0 0.031513 0.351074 0.045168 0.035481
0 0.065914 0.442110 0.041492 0.049486
0 0.102941 0.281513 0.038866 0.043884
0 0.165966 0.314659 0.044118 0.050420
0 0.064601 0.281979 0.039916 0.044818
2 0.423845 0.452848 0.073529 0.125117
1 0.698004 0.147059 0.029412 0.062558
0 0.861870 0.863212 0.042017 0.049486
0 0.738183 0.789449 0.036239 0.049486
2 0.304097 0.313725 0.087185 0.089636
0 0.505777 0.591503 0.028361 0.066293
0 0.492384 0.561158 0.030987 0.057890
0 0.972426 0.828665 0.048845 0.049486
0 0.039391 0.401961 0.025210 0.066293
0 0.013393 0.409430 0.027836 0.043884
