0 0.356092 0.402428 0.035714 0.052288
0 0.612658 0.765173 0.043592 0.045752
0 0.679097 0.845938 0.044118 0.037348
0 0.675158 0.698413 0.037290 0.065359
0 0.409139 0.795985 0.034664 0.079365
0 0.451418 0.764706 0.029937 0.070962
0 0.358456 0.307190 0.043592 0.048553
0 0.377889 0.640056 0.044643 0.051354
0 0.423319 0.612045 0.038866 0.045752
0 0.451418 0.582166 0.041492 0.047619
0 0.266807 0.570028 0.048319 0.049486
0 0.313025 0.549486 0.044118 0.049486
0 0.268908 0.465453 0.044118 0.053221
0 0.169643 0.510271 0.037815 0.043884
0 0.216649 0.491130 0.045693 0.046685
0 0.202468 0.428571 0.037290 0.044818
0 0.112920 0.485528 0.046218 0.048553
0 0.138655 0.449113 0.043067 0.041083
0 0.156513 0.401494 0.040966 0.046685
0 0.754989 0.681139 0.042542 0.047619
0 0.693277 0.594771 0.040966 0.044818
0 0.667805 0.520542 0.039391 0.042017
0 0.732668 0.507937 0.040966 0.044818
0 0.796481 0.707750 0.033088 0.039216
0 0.801733 0.655929 0.042542 0.047619
0 0.788078 0.591970 0.042542 0.050420
0 0.819328 0.554155 0.048319 0.049486
0 0.841912 0.730626 0.040966 0.047619
0 0.866597 0.633987 0.044118 0.044818
0 0.897584 0.766573 0.046218 0.050420
0 0.944853 0.675537 0.046218 0.047619
0 0.947742 0.792717 0.045693 0.050420
0 0.989496 0.818394 0.018908 0.053221
1 0.754202 0.749300 0.066176 0.070028
0 0.250000 0.293651 0.044118 0.055089
1 0.111082 0.193744 0.046744 0.056956
0 0.098214 0.375350 0.045168 0.050420
0 0.083508 0.413632 0.040966 0.052288
0 0.053046 0.457516 0.043067 0.048553
0 0.042542 0.345472 0.040966 0.044818
0 0.053834 0.232026 0.047794 0.051354
0 0.918592 0.618114 0.046218 0.054155
0 0.408088 0.884220 0.034664 0.082166
0 0.511817 0.339869 0.048845 0.061625
0 0.654412 0.194211 0.026261 0.069094
0 0.683298 0.126050 0.030462 0.067227
0 0.637605 0.134454 0.032563 0.070962
0 0.708508 0.042017 0.031513 0.067227
0 0.677258 0.039216 0.033088 0.072829
3 0.530462 0.275910 0.012605 0.025210
