0 0.736607 0.506614 0.025298 0.042328
0 0.853051 0.710317 0.023065 0.026455
0 0.837426 0.679894 0.024554 0.031746
0 0.871652 0.592593 0.021577 0.044974
0 0.888765 0.653439 0.021577 0.044974
0 0.125000 0.598545 0.026786 0.038360
0 0.198661 0.491402 0.026786 0.035714
0 0.011905 0.618386 0.023810 0.048942
0 0.853423 0.177249 0.026786 0.031746
1 0.960565 0.117725 0.031250 0.037037
1 0.712054 0.150132 0.020833 0.041005
0 0.738839 0.231481 0.025298 0.023810
0 0.297991 0.229497 0.020089 0.056878
0 0.258929 0.208995 0.020833 0.050265
0 0.248884 0.155423 0.020089 0.054233
0 0.283110 0.151455 0.018601 0.043651
0 0.329985 0.178571 0.023065 0.050265
0 0.104539 0.686508 0.033482 0.039683
0 0.162202 0.644841 0.032738 0.038360
2 0.743304 0.295635 0.063988 0.030423
0 0.596354 0.171958 0.026042 0.042328
3 0.651042 0.285714 0.010417 0.015873
3 0.322173 0.281746 0.014881 0.039683
3 0.806548 0.216931 0.011905 0.021164
3 0.532366 0.921296 0.011161 0.030423
3 0.217634 0.673280 0.011161 0.015873
3 0.322917 0.142857 0.011905 0.034392
3 0.349702 0.233466 0.008929 0.019841
3 0.706473 0.313492 0.015625 0.018519
3 0.949405 0.246693 0.017857 0.019841
0 0.259301 0.541667 0.026042 0.035714
0 0.340402 0.499339 0.024554 0.030423
0 0.338914 0.365741 0.014137 0.046296
0 0.334449 0.286376 0.020089 0.043651
0 0.065476 0.740079 0.026786 0.033069
0 0.222842 0.607143 0.031994 0.037037
0 0.335193 0.578704 0.031994 0.030423
1 0.400298 0.616402 0.029762 0.039683
1 0.461682 0.707011 0.026042 0.038360
0 0.407366 0.443122 0.031994 0.037037
0 0.449405 0.445767 0.023810 0.023810
0 0.509673 0.417989 0.028274 0.029101
3 0.472098 0.396164 0.012649 0.019841
0 0.656250 0.371693 0.026786 0.026455
0 0.646205 0.642857 0.027530 0.039683
0 0.654390 0.679894 0.027530 0.044974
0 0.671875 0.605820 0.025298 0.039683
0 0.683408 0.634259 0.027530 0.043651
0 0.699777 0.560847 0.024554 0.039683
0 0.808036 0.437831 0.025298 0.039683
0 0.806920 0.470899 0.027530 0.044974
0 0.038318 0.217593 0.026042 0.038360
