0 0.731399 0.511243 0.026786 0.041005
0 0.852307 0.710979 0.023065 0.027778
0 0.837426 0.679894 0.024554 0.031746
0 0.871280 0.591931 0.022321 0.043651
0 0.889137 0.652116 0.022321 0.044974
0 0.125000 0.598545 0.026786 0.038360
0 0.198661 0.491402 0.026786 0.035714
0 0.011905 0.618386 0.023810 0.048942
0 0.853423 0.177249 0.026786 0.031746
1 0.960565 0.117725 0.031250 0.037037
1 0.712054 0.150132 0.020833 0.041005
0 0.738839 0.231481 0.025298 0.023810
0 0.297991 0.229497 0.020089 0.056878
0 0.258929 0.208995 0.020833 0.050265
0 0.248884 0.155423 0.020089 0.054233
0 0.283110 0.151455 0.018601 0.043651
0 0.329985 0.177910 0.023065 0.048942
0 0.115699 0.676587 0.027530 0.035714
0 0.170759 0.637566 0.027530 0.034392
2 0.743304 0.295635 0.063988 0.030423
0 0.596354 0.171958 0.026042 0.042328
3 0.646205 0.283069 0.011161 0.015873
3 0.322173 0.281746 0.014881 0.039683
3 0.807664 0.219577 0.012649 0.021164
3 0.530878 0.953704 0.011161 0.029101
3 0.207961 0.678571 0.011161 0.015873
3 0.321429 0.136243 0.011905 0.034392
3 0.351190 0.245370 0.008929 0.019841
3 0.702009 0.308862 0.015625 0.019841
3 0.941220 0.251984 0.017857 0.019841
0 0.229167 0.562169 0.026786 0.037037
0 0.315104 0.509921 0.024554 0.030423
0 0.335565 0.382937 0.013393 0.051587
0 0.337054 0.302910 0.019345 0.044974
0 0.093378 0.722884 0.027530 0.035714
0 0.229539 0.603175 0.031994 0.037037
0 0.350818 0.579365 0.031994 0.031746
1 0.416667 0.630952 0.029762 0.039683
1 0.478795 0.724206 0.026042 0.035714
0 0.384301 0.457672 0.027530 0.037037
0 0.433036 0.455026 0.023810 0.023810
0 0.491815 0.427249 0.028274 0.029101
3 0.454985 0.405423 0.012649 0.019841
0 0.621280 0.380291 0.025298 0.025132
0 0.646205 0.642857 0.027530 0.039683
0 0.654390 0.680556 0.027530 0.043651
0 0.671875 0.605820 0.025298 0.039683
0 0.683408 0.634259 0.027530 0.043651
0 0.699033 0.560847 0.024554 0.042328
0 0.788690 0.465608 0.025298 0.037037
0 0.821801 0.453704 0.027530 0.047619
0 0.038318 0.217593 0.026042 0.038360
