0 0.679688 0.591931 0.024554 0.041005
0 0.696801 0.615079 0.026042 0.042328
0 0.853423 0.708333 0.022321 0.027778
0 0.837426 0.675265 0.027530 0.033069
0 0.870908 0.592593 0.020089 0.047619
0 0.889137 0.655423 0.020833 0.046296
0 0.120536 0.605159 0.031250 0.038360
0 0.196057 0.490079 0.026042 0.035714
0 0.009301 0.622354 0.020089 0.046296
0 0.853051 0.174603 0.027530 0.037037
1 0.959449 0.113757 0.031994 0.042328
0 0.713542 0.148810 0.025298 0.043651
0 0.738839 0.228175 0.031250 0.030423
0 0.293899 0.231481 0.019345 0.055556
0 0.255952 0.208333 0.017857 0.048942
0 0.248884 0.156085 0.018601 0.052910
0 0.281622 0.150794 0.018601 0.044974
0 0.327009 0.181217 0.021577 0.058201
0 0.197917 0.624339 0.034226 0.039683
0 0.266369 0.582672 0.031250 0.035714
0 0.344122 0.176587 0.012649 0.027778
2 0.743304 0.296296 0.063988 0.031746
0 0.593750 0.169974 0.026786 0.041005
3 0.339286 0.240079 0.010417 0.030423
0 0.052827 0.673942 0.026786 0.041005
0 0.167411 0.603836 0.023810 0.041005
0 0.339286 0.512566 0.031250 0.043651
0 0.855283 0.435185 0.027530 0.039683
1 0.956473 0.339286 0.033482 0.043651
3 0.120536 0.628968 0.011905 0.019841
0 0.081473 0.677910 0.027530 0.038360
0 0.538318 0.867725 0.023065 0.044974
0 0.570685 0.782407 0.023810 0.041005
0 0.610119 0.764550 0.023810 0.044974
0 0.629092 0.675265 0.024554 0.041005
0 0.653646 0.696429 0.023065 0.041005
0 0.034598 0.220899 0.029018 0.037037
