0 0.032563 0.301120 0.034664 0.060691
0 0.035977 0.238562 0.040441 0.055089
0 0.574317 0.825397 0.038340 0.044818
0 0.478992 0.860411 0.028361 0.062558
0 0.429884 0.924837 0.034139 0.071895
0 0.688813 0.107376 0.030987 0.061625
3 0.444328 0.661998 0.012605 0.022409
3 0.392332 0.772176 0.010504 0.022409
3 0.504464 0.358077 0.016282 0.023343
0 0.310137 0.588702 0.040441 0.040149
0 0.328519 0.556022 0.038340 0.045752
0 0.338235 0.517740 0.038866 0.045752
0 0.255515 0.556956 0.039391 0.045752
0 0.283876 0.528945 0.038340 0.042017
0 0.289653 0.483660 0.039391 0.046685
0 0.214811 0.528945 0.037815 0.038282
0 0.233456 0.497199 0.040441 0.045752
0 0.243960 0.453782 0.034139 0.042951
0 0.168330 0.504202 0.041492 0.044818
0 0.185924 0.468721 0.039916 0.048553
0 0.200893 0.429972 0.038340 0.045752
0 0.716912 0.678805 0.040966 0.044818
0 0.738183 0.648926 0.039391 0.046685
0 0.720851 0.586835 0.036239 0.040149
0 0.743172 0.557423 0.040966 0.044818
0 0.750263 0.704949 0.034139 0.037348
0 0.816702 0.696078 0.040966 0.047619
0 0.863708 0.677404 0.043592 0.047619
0 0.801996 0.597572 0.040966 0.046685
0 0.790704 0.729225 0.038340 0.044818
0 0.836922 0.758170 0.040441 0.044818
0 0.881565 0.782446 0.042542 0.046685
0 0.925158 0.806723 0.040441 0.046685
0 0.041492 0.354342 0.042017 0.040149
0 0.111082 0.474323 0.041492 0.048553
0 0.069065 0.442110 0.040441 0.049486
0 0.115546 0.288049 0.038866 0.043884
0 0.169643 0.316527 0.044118 0.050420
0 0.068803 0.281046 0.039916 0.041083
2 0.485294 0.744631 0.054622 0.148459
0 0.689601 0.806723 0.040966 0.041083
0 0.846639 0.860411 0.036765 0.038282
1 0.567752 0.516807 0.029412 0.062558
1 0.418330 0.848273 0.082458 0.213819
0 0.349002 0.984127 0.030987 0.029879
0 0.676208 0.231092 0.026786 0.062558
0 0.603204 0.633987 0.027836 0.072829
0 0.596376 0.521942 0.023634 0.069094
2 0.570378 0.312792 0.071429 0.126984
0 0.724265 0.125117 0.032563 0.065359
0 0.761817 0.037348 0.030987 0.054155
0 0.616071 0.300187 0.029412 0.062558
0 0.626576 0.205882 0.029412 0.062558
0 0.972952 0.834267 0.048845 0.049486
0 0.038866 0.401027 0.025210 0.066293
0 0.014181 0.409430 0.029412 0.043884
