0 0.747768 0.490741 0.025298 0.042328
0 0.853051 0.710979 0.023065 0.025132
0 0.837426 0.679894 0.024554 0.031746
0 0.871652 0.593915 0.020089 0.044974
0 0.887649 0.656085 0.020833 0.044974
0 0.124256 0.599206 0.026786 0.037037
0 0.198661 0.491402 0.026786 0.035714
0 0.011905 0.619048 0.023810 0.050265
0 0.853423 0.177249 0.026786 0.031746
1 0.960565 0.117725 0.031250 0.037037
1 0.712054 0.150132 0.020833 0.041005
0 0.738839 0.231481 0.025298 0.023810
0 0.297991 0.229497 0.020089 0.056878
0 0.258929 0.208995 0.020833 0.050265
0 0.248884 0.155423 0.020089 0.054233
0 0.283110 0.151455 0.018601 0.043651
0 0.329613 0.179233 0.023810 0.051587
0 0.077753 0.701720 0.027530 0.038360
0 0.141741 0.655423 0.031994 0.038360
2 0.742932 0.294974 0.064732 0.031746
0 0.596354 0.171958 0.026042 0.042328
3 0.662202 0.292989 0.010417 0.017196
3 0.321429 0.281746 0.014881 0.039683
3 0.805060 0.212963 0.011905 0.021164
3 0.536086 0.865741 0.011161 0.033069
3 0.234747 0.664021 0.011161 0.015873
3 0.325149 0.156085 0.011905 0.034392
3 0.346726 0.210317 0.008929 0.021164
3 0.723214 0.316138 0.016369 0.018519
3 0.962054 0.237434 0.017857 0.019841
0 0.309524 0.507937 0.025298 0.037037
0 0.381324 0.478175 0.024554 0.030423
0 0.337798 0.337963 0.014881 0.046296
0 0.329241 0.255291 0.021577 0.044974
0 0.017857 0.766534 0.028274 0.030423
0 0.210938 0.613757 0.031994 0.037037
0 0.310640 0.583333 0.029018 0.031746
1 0.373512 0.597222 0.029762 0.033069
1 0.434152 0.673942 0.026042 0.038360
0 0.440476 0.416667 0.028274 0.039683
0 0.475446 0.431217 0.023810 0.023810
0 0.538690 0.404762 0.028274 0.029101
3 0.506324 0.376323 0.012649 0.019841
0 0.713542 0.363757 0.028274 0.026455
0 0.646205 0.641534 0.027530 0.039683
0 0.654018 0.679894 0.026786 0.044974
0 0.671875 0.605159 0.025298 0.041005
0 0.683408 0.633598 0.027530 0.044974
0 0.699405 0.560847 0.023810 0.039683
0 0.839286 0.398148 0.025298 0.037037
0 0.782366 0.501323 0.026042 0.044974
0 0.038318 0.217593 0.026042 0.038360
