0 0.690848 0.568783 0.024554 0.042328
0 0.735491 0.546296 0.030506 0.044974
0 0.853423 0.708333 0.022321 0.027778
0 0.837426 0.675265 0.027530 0.033069
0 0.870908 0.592593 0.020089 0.047619
0 0.889137 0.655423 0.020833 0.046296
0 0.122024 0.603836 0.031250 0.038360
0 0.196057 0.490079 0.026042 0.035714
0 0.009301 0.622354 0.020089 0.046296
0 0.853051 0.174603 0.027530 0.037037
1 0.959449 0.113757 0.031994 0.042328
0 0.713542 0.148810 0.025298 0.043651
0 0.738839 0.228175 0.031250 0.030423
0 0.293155 0.231481 0.019345 0.055556
0 0.255952 0.208333 0.017857 0.048942
0 0.248884 0.156085 0.018601 0.052910
0 0.281622 0.150794 0.018601 0.044974
0 0.327009 0.180556 0.021577 0.056878
0 0.172619 0.642857 0.026786 0.039683
0 0.231027 0.605159 0.033482 0.041005
0 0.334821 0.128968 0.011905 0.030423
2 0.743304 0.296296 0.063988 0.031746
0 0.593750 0.169974 0.026786 0.041005
3 0.339286 0.240079 0.010417 0.030423
0 0.094866 0.644841 0.026042 0.038360
0 0.188988 0.584656 0.025298 0.037037
0 0.301711 0.556217 0.031994 0.043651
0 0.803943 0.494048 0.024554 0.041005
1 0.884301 0.395503 0.033482 0.044974
0 0.011905 0.718254 0.025298 0.037037
3 0.150298 0.603836 0.011905 0.019841
0 0.133185 0.640212 0.026786 0.037037
0 0.568452 0.786376 0.023810 0.041005
0 0.587798 0.895503 0.020833 0.044974
0 0.604911 0.708995 0.023810 0.042328
0 0.638393 0.703704 0.025298 0.042328
0 0.653646 0.632275 0.026042 0.042328
0 0.678199 0.650132 0.023065 0.038360
0 0.034598 0.220899 0.029018 0.037037
