0 0.020746 0.333333 0.027836 0.072829
0 0.018120 0.268441 0.032038 0.066293
0 0.715861 0.084967 0.025210 0.056022
2 0.400998 0.831466 0.075105 0.189542
0 0.692752 0.277778 0.022059 0.058824
0 0.673057 0.206816 0.030987 0.062558
0 0.467437 0.637722 0.028361 0.063492
0 0.612395 0.414566 0.031513 0.063492
0 0.644170 0.218487 0.027836 0.057890
0 0.576155 0.297852 0.031513 0.063492
0 0.603466 0.284314 0.026261 0.056956
0 0.645746 0.128385 0.027836 0.062558
0 0.306197 0.588702 0.040966 0.040149
0 0.325105 0.554155 0.037815 0.047619
0 0.332721 0.514472 0.039391 0.044818
0 0.251838 0.557890 0.039391 0.047619
0 0.279412 0.528945 0.037815 0.042017
0 0.285452 0.481793 0.039391 0.046685
0 0.210609 0.526144 0.035714 0.040149
0 0.230305 0.498133 0.040441 0.045752
0 0.240021 0.450980 0.034664 0.039216
0 0.164391 0.505135 0.040966 0.044818
0 0.182773 0.467320 0.040966 0.049486
0 0.199317 0.430439 0.038340 0.044818
0 0.716912 0.671335 0.040966 0.044818
0 0.720326 0.627451 0.036239 0.046685
0 0.726628 0.579365 0.036239 0.040149
0 0.746849 0.550887 0.040966 0.044818
0 0.753676 0.700280 0.034664 0.037348
0 0.775998 0.662465 0.040441 0.047619
0 0.780462 0.612979 0.042017 0.047619
0 0.804097 0.583100 0.044118 0.049486
0 0.793330 0.720822 0.039391 0.044818
0 0.828782 0.645191 0.040966 0.044818
0 0.841649 0.751634 0.040441 0.044818
0 0.937237 0.704482 0.043592 0.045752
0 0.882878 0.774977 0.043067 0.046685
0 0.927258 0.797852 0.040441 0.047619
0 0.501576 0.868347 0.036765 0.065359
1 0.566702 0.471522 0.040966 0.106443
0 0.442752 0.845938 0.031513 0.070962
1 0.485294 0.669468 0.025210 0.070962
0 0.511292 0.387021 0.035189 0.051354
0 0.148897 0.402428 0.040441 0.044818
0 0.132878 0.439309 0.040966 0.043884
0 0.105305 0.476190 0.041492 0.048553
0 0.098214 0.380019 0.040966 0.039216
0 0.062763 0.442110 0.041492 0.049486
0 0.081670 0.264706 0.040441 0.049486
0 0.140756 0.302988 0.045168 0.049486
0 0.051471 0.289916 0.035714 0.049486
0 0.576155 0.371615 0.031513 0.067227
0 0.676996 0.111578 0.026261 0.062558
1 0.563550 0.608777 0.052521 0.112045
2 0.021534 0.154062 0.044118 0.084034
0 0.974002 0.824930 0.046744 0.049486
0 0.035714 0.400560 0.025210 0.067227
0 0.008666 0.409430 0.018382 0.043884
