0 0.853051 0.721561 0.023065 0.027778
0 0.836682 0.688492 0.024554 0.027778
0 0.872768 0.604497 0.019345 0.047619
0 0.882440 0.676587 0.013393 0.043651
0 0.126860 0.599868 0.027530 0.035714
0 0.200893 0.487434 0.026786 0.035714
0 0.012277 0.612434 0.023065 0.050265
0 0.856771 0.185847 0.027530 0.030423
1 0.962054 0.128307 0.031250 0.037037
1 0.716518 0.159392 0.020833 0.041005
0 0.740699 0.238095 0.026042 0.023810
0 0.300595 0.229497 0.019345 0.056878
0 0.260417 0.207011 0.019345 0.046296
0 0.252232 0.156746 0.017857 0.054233
0 0.285342 0.151455 0.017113 0.046296
2 0.750000 0.305556 0.065476 0.031746
0 0.597098 0.179894 0.024554 0.039683
0 0.348958 0.079365 0.019345 0.037037
0 0.365327 0.164683 0.019345 0.046296
0 0.388021 0.281085 0.017113 0.038360
0 0.135417 0.621032 0.026786 0.033069
0 0.440476 0.696429 0.025298 0.051587
0 0.472842 0.793651 0.023065 0.052910
0 0.306920 0.128968 0.021577 0.051587
3 0.323661 0.281746 0.014881 0.039683
3 0.289062 0.551587 0.014137 0.021164
3 0.809896 0.226190 0.012649 0.021164
3 0.616071 0.663360 0.014881 0.019841
3 0.462054 0.882937 0.010417 0.019841
0 0.769717 0.354497 0.029018 0.026455
0 0.575149 0.395503 0.025298 0.026455
0 0.207589 0.644841 0.031250 0.038360
1 0.237723 0.623016 0.029018 0.029101
1 0.269717 0.607804 0.031994 0.035714
0 0.845238 0.342593 0.031250 0.031746
0 0.604539 0.384921 0.024554 0.023810
0 0.644717 0.383598 0.029018 0.026455
0 0.646949 0.646825 0.027530 0.039683
0 0.654390 0.687169 0.027530 0.041005
0 0.674479 0.608466 0.027530 0.039683
0 0.690476 0.629630 0.026786 0.042328
0 0.887649 0.368386 0.028274 0.033069
0 0.429315 0.571429 0.022321 0.055556
0 0.044271 0.213624 0.026042 0.033069
