0 0.939601 0.900093 0.055672 0.110177
0 0.888130 0.901961 0.040966 0.104575
0 0.834034 0.895892 0.053571 0.116713
0 0.814338 0.802521 0.069853 0.075630
0 0.783613 0.667134 0.035714 0.118581
0 0.784664 0.484127 0.034664 0.109244
0 0.696429 0.729692 0.040966 0.127918
0 0.672794 0.600373 0.059874 0.093371
0 0.694328 0.551354 0.055672 0.092437
0 0.826418 0.443511 0.043592 0.106443
0 0.804622 0.290850 0.034664 0.096172
1 0.730830 0.117647 0.044643 0.117647
0 0.694853 0.262372 0.049370 0.067227
0 0.643120 0.800654 0.060399 0.092437
0 0.602941 0.957516 0.063025 0.058824
0 0.489496 0.947712 0.072479 0.070962
0 0.413078 0.937908 0.071954 0.077498
0 0.297006 0.904295 0.059349 0.107376
0 0.229254 0.893091 0.069853 0.070028
0 0.147847 0.869281 0.075105 0.057890
0 0.050945 0.846872 0.072479 0.061625
3 0.032300 0.934641 0.030987 0.033613
