0 0.419643 0.525677 0.028361 0.069094
0 0.531513 0.814192 0.042017 0.070962
0 0.589548 0.841737 0.042542 0.043884
0 0.630777 0.622782 0.029412 0.074697
0 0.464811 0.626050 0.031513 0.070028
0 0.499475 0.608310 0.027311 0.070028
0 0.470063 0.355742 0.039916 0.048553
0 0.323004 0.609244 0.043067 0.051354
0 0.341912 0.562558 0.039916 0.043884
0 0.355305 0.522409 0.041492 0.047619
0 0.225578 0.550420 0.044643 0.051354
0 0.263918 0.521942 0.040441 0.046685
0 0.262080 0.464986 0.042017 0.050420
0 0.176208 0.515873 0.038340 0.043884
0 0.198267 0.482726 0.044643 0.048553
0 0.207458 0.429505 0.035714 0.044818
0 0.121061 0.492530 0.044643 0.045752
0 0.144958 0.452381 0.043067 0.042017
0 0.161239 0.408030 0.040966 0.046685
0 0.749212 0.681139 0.042542 0.047619
0 0.737395 0.622782 0.040966 0.044818
0 0.732668 0.561158 0.037815 0.042951
0 0.768120 0.535948 0.041492 0.044818
0 0.790704 0.707750 0.033088 0.039216
0 0.812237 0.664332 0.042542 0.047619
0 0.814338 0.611111 0.042542 0.049486
0 0.841649 0.577031 0.046744 0.048553
0 0.834559 0.732493 0.040966 0.047619
0 0.874737 0.645658 0.044643 0.047619
0 0.889181 0.765640 0.044118 0.050420
0 0.934349 0.678338 0.044118 0.047619
0 0.940126 0.794585 0.046218 0.050420
0 0.983981 0.816993 0.029937 0.054155
0 0.949842 0.957516 0.045693 0.060691
1 0.664916 0.696545 0.063025 0.076564
0 0.360557 0.399160 0.039391 0.064426
1 0.249212 0.280579 0.042542 0.056956
0 0.109244 0.214753 0.042017 0.048553
0 0.106092 0.376284 0.045168 0.050420
0 0.092437 0.421102 0.040966 0.052288
0 0.062500 0.463119 0.043067 0.048553
0 0.050945 0.355742 0.038866 0.044818
0 0.016019 0.422969 0.033088 0.054155
0 0.012080 0.212885 0.025210 0.033613
0 0.065651 0.246499 0.045168 0.050420
0 0.006828 0.248366 0.014706 0.054155
0 0.957983 0.642390 0.046218 0.054155
0 0.464811 0.719421 0.033613 0.079365
0 0.581933 0.278245 0.037815 0.076564
0 0.650735 0.201681 0.026261 0.069094
0 0.679097 0.133520 0.030462 0.067227
0 0.660189 0.075630 0.032563 0.070962
0 0.705882 0.046685 0.031513 0.067227
3 0.561187 0.228758 0.009979 0.022409
3 0.549895 0.235761 0.014706 0.021475
