0 0.446429 0.630252 0.028361 0.069094
0 0.485032 0.883287 0.037290 0.072829
0 0.543067 0.852007 0.043067 0.056956
0 0.611870 0.563492 0.027311 0.071895
0 0.486607 0.564426 0.029937 0.071895
0 0.520746 0.530345 0.027836 0.065359
0 0.525473 0.343137 0.038340 0.055089
0 0.308036 0.598039 0.045693 0.051354
0 0.321166 0.550420 0.038340 0.045752
0 0.333771 0.510738 0.040441 0.044818
0 0.233718 0.554155 0.040966 0.049486
0 0.265494 0.521475 0.040441 0.043884
0 0.268908 0.469655 0.043067 0.048553
0 0.186712 0.520542 0.039391 0.043884
0 0.206408 0.486928 0.044118 0.049486
0 0.217700 0.439309 0.035189 0.042017
0 0.131303 0.495331 0.042017 0.043884
0 0.153361 0.453782 0.043067 0.042951
0 0.170431 0.415500 0.040441 0.046685
0 0.741334 0.679272 0.042542 0.047619
0 0.740809 0.628852 0.039391 0.042017
0 0.743435 0.573763 0.038340 0.038282
0 0.766807 0.541550 0.040966 0.044818
0 0.779937 0.704949 0.033613 0.039216
0 0.799370 0.661064 0.040966 0.044818
0 0.804884 0.613445 0.042542 0.050420
0 0.834034 0.577498 0.045168 0.051354
0 0.821429 0.730159 0.040966 0.046685
0 0.862132 0.644725 0.041492 0.042017
0 0.875525 0.761905 0.042017 0.050420
0 0.919380 0.676471 0.043592 0.047619
0 0.922532 0.786181 0.045693 0.050420
0 0.974790 0.814192 0.044118 0.054155
0 0.826155 0.887021 0.045168 0.050420
1 0.614496 0.654528 0.058824 0.093371
0 0.415441 0.492997 0.030462 0.067227
1 0.333771 0.350140 0.040441 0.056022
0 0.210609 0.279178 0.042017 0.048553
0 0.119748 0.388422 0.045168 0.050420
0 0.102941 0.424837 0.040966 0.052288
0 0.074580 0.465920 0.043067 0.048553
0 0.065126 0.363212 0.038866 0.044818
0 0.028361 0.432306 0.043067 0.054155
0 0.018908 0.225490 0.037815 0.034547
0 0.073004 0.250700 0.045168 0.051354
0 0.014181 0.256303 0.029412 0.053221
0 0.491597 0.632586 0.032563 0.073763
0 0.610819 0.216620 0.031513 0.072829
0 0.647059 0.205882 0.028361 0.064426
0 0.676208 0.137722 0.029937 0.066293
0 0.704569 0.044351 0.032038 0.070028
1 0.716649 0.140056 0.054097 0.123249
3 0.544643 0.268441 0.011555 0.025210
3 0.559086 0.229225 0.013130 0.023343
0 0.003414 0.381886 0.007878 0.067227
