0 0.974265 0.274977 0.049370 0.068161
0 0.926733 0.363212 0.068803 0.057890
0 0.983718 0.220355 0.030462 0.069094
0 0.873687 0.578898 0.058298 0.091503
0 0.832983 0.289916 0.056723 0.083100
0 0.889181 0.425770 0.056723 0.084034
0 0.835609 0.490196 0.053571 0.085901
0 0.990809 0.780112 0.016282 0.066293
0 0.976628 0.847339 0.044643 0.066293
0 0.935137 0.758637 0.057248 0.088702
0 0.908613 0.827264 0.066176 0.070962
0 0.835609 0.899160 0.060924 0.098973
0 0.750525 0.454715 0.031513 0.097106
0 0.720851 0.507470 0.053046 0.092437
0 0.675683 0.540149 0.037290 0.099907
0 0.637605 0.495798 0.049370 0.104575
0 0.578519 0.428105 0.051996 0.094304
0 0.523897 0.286181 0.050945 0.092437
0 0.534664 0.561625 0.045168 0.116713
0 0.468487 0.475257 0.061975 0.056022
0 0.461660 0.419234 0.059874 0.057890
0 0.536239 0.205882 0.047269 0.094304
0 0.477416 0.111111 0.044118 0.087768
1 0.368172 0.050420 0.063025 0.102708
0 0.382090 0.193744 0.049895 0.058824
0 0.512605 0.662932 0.056723 0.072829
0 0.542017 0.841270 0.060924 0.095238
0 0.449055 0.957049 0.065126 0.084034
3 0.642332 0.836601 0.025210 0.046685
3 0.991071 0.574697 0.006303 0.040149
3 0.755252 0.960317 0.017857 0.051354
