0 0.017332 0.330532 0.026261 0.072829
0 0.014443 0.265640 0.028887 0.066293
2 0.365546 0.932773 0.058824 0.128852
0 0.725315 0.156396 0.024160 0.056956
0 0.723739 0.067694 0.031513 0.062558
0 0.428571 0.750700 0.029412 0.067227
0 0.656513 0.278245 0.031513 0.063492
0 0.623950 0.294118 0.028361 0.061625
0 0.540966 0.392157 0.031513 0.063492
0 0.577994 0.350140 0.027836 0.059757
0 0.619748 0.197946 0.029412 0.061625
0 0.305672 0.588702 0.040966 0.040149
0 0.323529 0.551354 0.037815 0.047619
0 0.332195 0.514472 0.039391 0.044818
0 0.250788 0.558824 0.039391 0.047619
0 0.278887 0.528945 0.037815 0.042017
0 0.284926 0.481793 0.039391 0.046685
0 0.207195 0.525677 0.037290 0.039216
0 0.227679 0.496265 0.040441 0.045752
0 0.236870 0.449113 0.034664 0.039216
0 0.159926 0.504202 0.041492 0.044818
0 0.177784 0.467320 0.040441 0.049486
0 0.193540 0.428105 0.038340 0.045752
0 0.721113 0.673203 0.040966 0.044818
0 0.721901 0.627451 0.036239 0.046685
0 0.727153 0.579365 0.036239 0.040149
0 0.749475 0.551821 0.040966 0.044818
0 0.754727 0.700280 0.034664 0.037348
0 0.777574 0.662465 0.040441 0.047619
0 0.782563 0.612979 0.042017 0.047619
0 0.804884 0.582633 0.044643 0.050420
0 0.794380 0.720822 0.039391 0.044818
0 0.832458 0.644258 0.040966 0.044818
0 0.843225 0.751634 0.040441 0.044818
0 0.891544 0.674603 0.043592 0.045752
0 0.889706 0.776844 0.043067 0.046685
0 0.933036 0.797852 0.040441 0.047619
0 0.573529 0.815593 0.040966 0.049486
1 0.560399 0.519608 0.033613 0.105509
0 0.461660 0.749767 0.025210 0.069094
1 0.478729 0.581232 0.027836 0.071895
0 0.442227 0.409897 0.037815 0.039216
0 0.144695 0.399627 0.040441 0.044818
0 0.129727 0.437442 0.040966 0.043884
0 0.104779 0.476190 0.041492 0.048553
0 0.093487 0.378151 0.040966 0.039216
0 0.060137 0.442110 0.041492 0.049486
0 0.061975 0.253968 0.040966 0.042951
0 0.126313 0.294118 0.046744 0.050420
0 0.046481 0.285247 0.039391 0.049486
0 0.553046 0.434174 0.031513 0.067227
0 0.660977 0.153128 0.028887 0.061625
0 0.696429 0.070962 0.028361 0.061625
1 0.607668 0.473856 0.055672 0.112979
0 0.978204 0.824930 0.040441 0.049486
0 0.029937 0.398693 0.025210 0.067227
0 0.007090 0.409430 0.015231 0.043884
