0 0.508557 0.970899 0.021577 0.044974
0 0.853051 0.708995 0.023065 0.029101
0 0.837426 0.675926 0.027530 0.031746
0 0.870164 0.591931 0.020089 0.048942
0 0.887649 0.657407 0.020833 0.047619
0 0.818452 0.477513 0.026786 0.042328
0 0.787946 0.522487 0.026786 0.044974
0 0.123512 0.605159 0.031250 0.035714
0 0.196429 0.495370 0.026786 0.035714
0 0.009301 0.621693 0.020089 0.050265
0 0.852679 0.174603 0.028274 0.034392
1 0.958333 0.114418 0.032738 0.041005
0 0.712798 0.150132 0.025298 0.043651
0 0.738095 0.230820 0.031250 0.030423
0 0.296875 0.231481 0.019345 0.055556
0 0.255952 0.208333 0.017857 0.048942
0 0.248140 0.156746 0.018601 0.051587
0 0.279762 0.152116 0.019345 0.047619
0 0.328497 0.185185 0.021577 0.052910
0 0.314360 0.130291 0.020089 0.048942
0 0.302455 0.063492 0.021577 0.050265
0 0.378720 0.227513 0.020833 0.052910
0 0.345982 0.085317 0.020833 0.054233
0 0.353423 0.218915 0.013393 0.035714
2 0.742560 0.296296 0.065476 0.034392
0 0.593006 0.171296 0.026786 0.041005
3 0.350074 0.304233 0.011161 0.031746
3 0.027158 0.769180 0.017113 0.022487
3 0.385045 0.730159 0.011161 0.023810
3 0.534970 0.793651 0.010417 0.021164
0 0.603795 0.676587 0.014137 0.019841
0 0.502232 0.249339 0.014881 0.017196
0 0.035342 0.222222 0.027530 0.034392
