0 0.681920 0.585317 0.024554 0.041005
0 0.710565 0.591270 0.028274 0.042328
0 0.853423 0.708333 0.022321 0.027778
0 0.837426 0.675265 0.027530 0.033069
0 0.870908 0.592593 0.020089 0.047619
0 0.889137 0.655423 0.020833 0.046296
0 0.121280 0.602513 0.031250 0.038360
0 0.196057 0.490079 0.026042 0.035714
0 0.009301 0.622354 0.020089 0.046296
0 0.853051 0.174603 0.027530 0.037037
1 0.959449 0.113757 0.031994 0.042328
0 0.713542 0.148810 0.025298 0.043651
0 0.738839 0.228175 0.031250 0.030423
0 0.293155 0.231481 0.019345 0.055556
0 0.255952 0.208333 0.017857 0.048942
0 0.248884 0.156085 0.018601 0.052910
0 0.281622 0.150794 0.018601 0.044974
0 0.327009 0.180556 0.021577 0.056878
0 0.185640 0.628968 0.026042 0.038360
0 0.252976 0.588624 0.031250 0.037037
0 0.343006 0.165344 0.013393 0.034392
2 0.743304 0.296296 0.063988 0.031746
0 0.593750 0.169974 0.026786 0.041005
3 0.339286 0.240079 0.010417 0.030423
0 0.067708 0.662698 0.025298 0.039683
0 0.174851 0.597222 0.023810 0.041005
0 0.325521 0.529762 0.031994 0.041005
0 0.838542 0.453704 0.028274 0.039683
1 0.930432 0.353836 0.033482 0.043651
3 0.133185 0.617063 0.011905 0.019841
0 0.099702 0.663360 0.026786 0.038360
0 0.546131 0.839286 0.022321 0.043651
0 0.565476 0.980159 0.020833 0.034392
0 0.581845 0.754630 0.023810 0.041005
0 0.618304 0.741402 0.023810 0.043651
0 0.638021 0.656746 0.024554 0.041005
0 0.658854 0.680556 0.023065 0.041005
0 0.034598 0.220899 0.029018 0.037037
