0 0.758929 0.476190 0.025298 0.042328
0 0.853051 0.710979 0.023065 0.025132
0 0.837426 0.679894 0.024554 0.031746
0 0.872024 0.593915 0.019345 0.044974
0 0.886533 0.658730 0.020089 0.044974
0 0.123512 0.598545 0.026786 0.035714
0 0.198661 0.491402 0.026786 0.035714
0 0.011905 0.619048 0.023810 0.050265
0 0.853423 0.177249 0.026786 0.031746
1 0.960565 0.117725 0.031250 0.037037
1 0.712054 0.151455 0.020833 0.041005
0 0.738839 0.231481 0.025298 0.023810
0 0.297991 0.229497 0.020089 0.056878
0 0.258929 0.208995 0.020833 0.050265
0 0.248512 0.155423 0.019345 0.054233
0 0.283110 0.151455 0.018601 0.043651
0 0.329613 0.179233 0.023810 0.051587
0 0.063244 0.710979 0.028274 0.035714
0 0.127604 0.666005 0.027530 0.038360
2 0.742932 0.294312 0.064732 0.033069
0 0.596354 0.171958 0.026042 0.042328
3 0.671875 0.298942 0.010417 0.018519
3 0.320685 0.281746 0.014881 0.039683
3 0.804315 0.210979 0.011905 0.019841
3 0.539062 0.836640 0.011161 0.033069
3 0.244420 0.658730 0.011161 0.015873
3 0.326637 0.164021 0.011905 0.034392
3 0.345238 0.197090 0.008929 0.021164
3 0.735119 0.317460 0.016369 0.018519
3 0.969494 0.232143 0.017857 0.019841
0 0.337054 0.488095 0.026786 0.039683
0 0.404390 0.464947 0.024554 0.030423
0 0.337054 0.316799 0.017857 0.046296
0 0.323289 0.235450 0.021577 0.042328
0 0.203497 0.617725 0.031994 0.037037
0 0.296875 0.592593 0.026786 0.031746
1 0.358259 0.588624 0.030506 0.029101
1 0.419271 0.655423 0.026042 0.038360
0 0.460193 0.401455 0.029018 0.038360
0 0.489583 0.423280 0.023810 0.023810
0 0.554315 0.398148 0.028274 0.029101
3 0.527158 0.366402 0.012649 0.018519
0 0.742560 0.359127 0.026786 0.022487
0 0.646205 0.641534 0.027530 0.039683
0 0.654018 0.679894 0.026786 0.044974
0 0.671131 0.601190 0.025298 0.041005
0 0.681920 0.633598 0.027530 0.044974
0 0.697173 0.558201 0.023810 0.039683
0 0.860491 0.376984 0.026042 0.034392
0 0.766741 0.521164 0.026042 0.047619
0 0.038318 0.217593 0.026042 0.038360
