0 0.026261 0.317927 0.032563 0.066293
0 0.027048 0.253968 0.040441 0.061625
0 0.728992 0.108310 0.027311 0.056022
0 0.726891 0.817927 0.043067 0.044818
0 0.633141 0.359010 0.034139 0.066293
0 0.645746 0.765173 0.040441 0.043884
0 0.540179 0.593838 0.027836 0.059757
0 0.512868 0.574697 0.030987 0.066293
2 0.543855 0.409430 0.075105 0.178338
1 0.586397 0.549486 0.034139 0.073763
0 0.769958 0.525677 0.035714 0.044818
0 0.487658 0.755836 0.030987 0.071895
0 0.600840 0.257703 0.028361 0.061625
0 0.437763 0.897292 0.032038 0.069094
3 0.030987 0.137255 0.016807 0.018674
0 0.696429 0.048553 0.026261 0.052288
0 0.308036 0.588702 0.040441 0.040149
0 0.326418 0.554622 0.038340 0.046685
0 0.335084 0.515406 0.038866 0.044818
0 0.253414 0.557423 0.039391 0.046685
0 0.280987 0.528945 0.037815 0.042017
0 0.287553 0.481793 0.039391 0.046685
0 0.212973 0.525677 0.035189 0.039216
0 0.231880 0.497199 0.040441 0.045752
0 0.240021 0.451914 0.034664 0.039216
0 0.165704 0.507003 0.041492 0.044818
0 0.183036 0.467787 0.040441 0.048553
0 0.199842 0.430439 0.038340 0.044818
0 0.716912 0.673203 0.040966 0.044818
0 0.718225 0.632120 0.036239 0.046685
0 0.723477 0.582166 0.036239 0.040149
0 0.742647 0.556489 0.040966 0.044818
0 0.752101 0.700280 0.034664 0.037348
0 0.771796 0.661531 0.040441 0.047619
0 0.775735 0.616713 0.042017 0.047619
0 0.799632 0.586835 0.041492 0.047619
0 0.789653 0.721755 0.039391 0.044818
0 0.933561 0.706816 0.040441 0.044818
0 0.837973 0.752568 0.040441 0.044818
0 0.880777 0.777778 0.043067 0.046685
0 0.926208 0.800654 0.040441 0.047619
1 0.622899 0.288049 0.047269 0.099907
0 0.653887 0.108310 0.027311 0.061625
0 0.151523 0.406162 0.040441 0.044818
0 0.135504 0.440243 0.040966 0.043884
0 0.107931 0.476190 0.041492 0.048553
0 0.079307 0.366947 0.040966 0.039216
0 0.065389 0.442110 0.041492 0.049486
0 0.102153 0.281513 0.038340 0.043884
0 0.164391 0.313725 0.044118 0.050420
0 0.061450 0.285714 0.037815 0.046685
0 0.670431 0.134921 0.029937 0.062558
3 0.626050 0.055089 0.010504 0.026144
2 0.321691 0.350607 0.085609 0.099907
1 0.755252 0.007003 0.029412 0.015873
0 0.916229 0.895892 0.037290 0.049486
2 0.154412 0.224090 0.087185 0.089636
0 0.439863 0.792250 0.032038 0.070028
0 0.419118 0.768441 0.030462 0.061625
0 0.972426 0.827731 0.048845 0.049486
0 0.038866 0.402428 0.025210 0.067227
0 0.013130 0.409430 0.027311 0.043884
