0 0.726935 0.517196 0.026786 0.039683
0 0.852679 0.708995 0.022321 0.029101
0 0.838170 0.677910 0.026042 0.033069
0 0.871280 0.593254 0.019345 0.048942
0 0.888021 0.646164 0.020089 0.046296
0 0.124628 0.598545 0.027530 0.038360
0 0.198661 0.492063 0.026786 0.037037
0 0.011905 0.618386 0.022321 0.048942
0 0.852307 0.175265 0.026042 0.035714
1 0.959821 0.115079 0.031250 0.039683
0 0.712054 0.149471 0.022321 0.042328
0 0.739211 0.230820 0.029018 0.027778
0 0.296875 0.228836 0.019345 0.055556
0 0.258185 0.208333 0.020833 0.048942
0 0.249256 0.155423 0.019345 0.054233
0 0.282366 0.150794 0.018601 0.044974
0 0.330729 0.181217 0.021577 0.052910
0 0.154762 0.651455 0.029762 0.041005
0 0.193824 0.625661 0.030506 0.034392
2 0.742560 0.296958 0.065476 0.033069
0 0.594866 0.170635 0.026042 0.042328
3 0.341518 0.242725 0.010417 0.030423
0 0.084077 0.660714 0.028274 0.041005
0 0.195685 0.588624 0.025298 0.031746
0 0.316964 0.457011 0.020833 0.048942
0 0.340030 0.376984 0.014881 0.047619
0 0.225074 0.652116 0.027530 0.031746
0 0.246280 0.592593 0.029762 0.034392
0 0.430060 0.640873 0.029762 0.041005
1 0.508185 0.707672 0.031250 0.042328
1 0.566964 0.768519 0.023810 0.026455
0 0.275670 0.533730 0.029018 0.041005
0 0.352679 0.500661 0.023810 0.025132
0 0.405506 0.470899 0.029762 0.034392
3 0.375744 0.456349 0.011905 0.018519
0 0.471726 0.436508 0.028274 0.031746
0 0.642857 0.647487 0.026786 0.041005
0 0.654762 0.680556 0.026786 0.041005
0 0.669643 0.605159 0.023810 0.041005
0 0.681548 0.634921 0.025298 0.042328
0 0.697917 0.561508 0.025298 0.038360
0 0.732143 0.562169 0.025298 0.037037
0 0.909598 0.346561 0.030506 0.039683
0 0.038690 0.218254 0.028274 0.039683
