0 0.815651 0.457983 0.053571 0.088702
0 0.405987 0.663866 0.066176 0.117647
0 0.667542 0.882353 0.066176 0.061625
0 0.709034 0.798319 0.059874 0.104575
0 0.765494 0.707750 0.056197 0.117647
0 0.824317 0.594771 0.054097 0.104575
0 0.531513 0.842670 0.060924 0.111111
0 0.930672 0.500934 0.058824 0.060691
0 0.879727 0.459384 0.056723 0.097106
0 0.950105 0.459384 0.063025 0.056022
0 0.936187 0.373483 0.046744 0.078431
0 0.649685 0.449113 0.044118 0.100840
0 0.551996 0.639589 0.056723 0.098973
0 0.748687 0.301587 0.053046 0.093371
0 0.788340 0.227358 0.059874 0.062558
0 0.721901 0.194678 0.060399 0.060691
0 0.935924 0.140523 0.051471 0.084967
0 0.442489 0.773109 0.068803 0.065359
0 0.845326 0.143324 0.049895 0.088702
0 0.884454 0.075630 0.050420 0.082166
3 0.588235 0.924837 0.019958 0.043884
3 0.905725 0.339402 0.022584 0.049486
3 0.840336 0.262838 0.022059 0.043884
3 0.884716 0.161064 0.019433 0.040149
3 0.693803 0.379552 0.025210 0.040149
3 0.606880 0.542484 0.014181 0.037348
3 0.835084 0.220822 0.022059 0.043884
