0 0.847689 0.843137 0.043067 0.112045
0 0.879727 0.663866 0.039916 0.119514
0 0.258141 0.869748 0.068803 0.088702
0 0.746061 0.866013 0.058298 0.127918
0 0.746061 0.694678 0.056197 0.106443
0 0.767069 0.661531 0.050945 0.107376
0 0.931197 0.620915 0.044118 0.117647
0 0.927784 0.492530 0.026786 0.096172
1 0.884979 0.263305 0.044118 0.123249
0 0.821429 0.393091 0.049370 0.082166
0 0.683298 0.893091 0.057773 0.111111
0 0.612395 0.991130 0.063025 0.015873
0 0.507090 0.953315 0.070903 0.080299
0 0.436712 0.904762 0.066702 0.097106
0 0.336397 0.812792 0.045693 0.111111
0 0.277048 0.768908 0.062500 0.086835
0 0.206670 0.701681 0.071954 0.077498
0 0.126838 0.640990 0.065651 0.075630
0 0.135767 0.866947 0.068803 0.094304
0 0.037553 0.492530 0.034139 0.096172
3 0.077206 0.691877 0.030462 0.037348
