0 0.693080 0.566138 0.024554 0.042328
0 0.743676 0.535714 0.030506 0.042328
0 0.853423 0.708333 0.022321 0.027778
0 0.837426 0.675265 0.027530 0.033069
0 0.870908 0.592593 0.020089 0.047619
0 0.889137 0.657407 0.020833 0.047619
0 0.122024 0.605159 0.031250 0.038360
0 0.196057 0.490079 0.026042 0.035714
0 0.009301 0.622354 0.020089 0.046296
0 0.853051 0.174603 0.027530 0.037037
1 0.959449 0.113757 0.031994 0.042328
0 0.713542 0.148810 0.025298 0.043651
0 0.738839 0.228175 0.031250 0.030423
0 0.293155 0.232804 0.019345 0.055556
0 0.255952 0.208333 0.017857 0.048942
0 0.248884 0.156085 0.018601 0.052910
0 0.281622 0.150794 0.018601 0.044974
0 0.328125 0.186508 0.022321 0.066138
0 0.170387 0.640873 0.029762 0.041005
0 0.223958 0.606481 0.029762 0.038360
0 0.333333 0.120370 0.013393 0.031746
2 0.743304 0.296296 0.063988 0.031746
0 0.593750 0.169974 0.026786 0.041005
3 0.339286 0.240079 0.010417 0.030423
0 0.101562 0.642196 0.026042 0.038360
0 0.192708 0.583333 0.025298 0.037037
0 0.294643 0.560185 0.032738 0.038360
0 0.796503 0.507275 0.026042 0.041005
1 0.873512 0.404101 0.034226 0.043651
0 0.017857 0.711640 0.029762 0.037037
3 0.154762 0.601852 0.011905 0.021164
0 0.137649 0.636243 0.026786 0.037037
0 0.573661 0.773148 0.023810 0.041005
0 0.592262 0.873677 0.022321 0.048942
0 0.609375 0.703704 0.023810 0.042328
0 0.642857 0.697090 0.025298 0.042328
0 0.657366 0.625661 0.026042 0.042328
0 0.680432 0.642196 0.023065 0.038360
0 0.034598 0.220899 0.029018 0.037037
