0 0.341912 0.385154 0.037815 0.047619
0 0.630777 0.764239 0.044118 0.040149
0 0.700105 0.852474 0.044118 0.039216
0 0.688288 0.714753 0.040441 0.060691
0 0.395746 0.834267 0.035189 0.081232
0 0.440914 0.797386 0.029937 0.070962
0 0.335872 0.293184 0.043592 0.048553
0 0.392595 0.647059 0.044643 0.050420
0 0.441702 0.621849 0.038866 0.046685
0 0.476366 0.597106 0.042017 0.045752
0 0.282300 0.575630 0.047794 0.049486
0 0.332983 0.558824 0.044118 0.049486
0 0.278361 0.467320 0.044118 0.055089
0 0.170956 0.509337 0.038340 0.043884
0 0.226628 0.495331 0.046744 0.045752
0 0.206145 0.427638 0.037290 0.044818
0 0.114233 0.485061 0.045693 0.047619
0 0.140231 0.449113 0.043067 0.041083
0 0.157563 0.401494 0.040966 0.046685
0 0.754989 0.681139 0.042542 0.047619
0 0.680147 0.586835 0.040966 0.045752
0 0.650998 0.508403 0.039391 0.042017
0 0.719013 0.498599 0.040966 0.044818
0 0.796481 0.707750 0.033088 0.039216
0 0.793855 0.651261 0.042542 0.047619
0 0.778099 0.582633 0.042542 0.050420
0 0.814076 0.549486 0.048319 0.049486
0 0.841912 0.729692 0.040966 0.047619
0 0.861345 0.630719 0.044118 0.045752
0 0.897584 0.766573 0.046218 0.050420
0 0.944853 0.675537 0.046218 0.047619
0 0.947742 0.792717 0.045693 0.050420
0 0.989496 0.818394 0.018908 0.053221
1 0.771534 0.756303 0.066176 0.070962
0 0.227941 0.276844 0.044118 0.053221
1 0.084296 0.178805 0.046744 0.056956
0 0.098739 0.373483 0.045168 0.050420
0 0.083508 0.413632 0.040966 0.052288
0 0.053571 0.456583 0.043067 0.048553
0 0.042017 0.343604 0.040966 0.044818
0 0.054097 0.231559 0.045168 0.050420
0 0.906513 0.608777 0.046218 0.054155
0 0.396008 0.920635 0.034664 0.082166
0 0.494748 0.345005 0.049370 0.058824
0 0.654937 0.193277 0.026261 0.069094
0 0.683298 0.126050 0.030462 0.067227
0 0.634979 0.142857 0.032563 0.070962
0 0.709034 0.042017 0.031513 0.067227
0 0.673582 0.049486 0.033088 0.072829
0 0.971376 0.745098 0.043592 0.050420
3 0.524685 0.281513 0.012605 0.025210
