0 0.902158 0.330026 0.031994 0.041005
0 0.851562 0.712302 0.023065 0.025132
0 0.837426 0.681217 0.024554 0.029101
0 0.870908 0.597884 0.018601 0.044974
0 0.882440 0.674603 0.019345 0.044974
0 0.123140 0.601852 0.027530 0.034392
0 0.198661 0.491402 0.026786 0.035714
0 0.011905 0.620370 0.023810 0.047619
0 0.853423 0.177249 0.026786 0.031746
1 0.960565 0.117725 0.031250 0.037037
1 0.712054 0.152778 0.020833 0.041005
0 0.738095 0.231481 0.025298 0.023810
0 0.297991 0.229497 0.020089 0.056878
0 0.258929 0.208995 0.020833 0.050265
0 0.247768 0.156746 0.019345 0.054233
0 0.283110 0.152116 0.018601 0.044974
0 0.329985 0.179894 0.023065 0.050265
2 0.741443 0.298280 0.063244 0.033069
0 0.595610 0.171958 0.026042 0.042328
0 0.159598 0.613757 0.030506 0.034392
0 0.057664 0.677910 0.026042 0.038360
3 0.777530 0.330026 0.011905 0.019841
3 0.319196 0.281746 0.014881 0.039683
3 0.802455 0.208333 0.011161 0.019841
3 0.581473 0.685847 0.012649 0.025132
3 0.321801 0.640212 0.011161 0.018519
3 0.338542 0.226190 0.011905 0.034392
3 0.845238 0.307540 0.017857 0.019841
0 0.519717 0.367725 0.029018 0.034392
0 0.549107 0.402116 0.025298 0.026455
0 0.307664 0.148810 0.021577 0.046296
0 0.283854 0.044312 0.020089 0.041005
0 0.096354 0.685847 0.033482 0.038360
0 0.207589 0.645503 0.029762 0.034392
1 0.252976 0.617063 0.029762 0.030423
1 0.305804 0.595238 0.028274 0.026455
0 0.588170 0.347222 0.030506 0.030423
0 0.588914 0.383598 0.024554 0.023810
0 0.630580 0.380952 0.029018 0.026455
3 0.688988 0.343915 0.013393 0.015873
0 0.960193 0.281746 0.029018 0.037037
0 0.647693 0.645503 0.027530 0.039683
0 0.654018 0.681217 0.026786 0.042328
0 0.670387 0.605820 0.026786 0.042328
0 0.682664 0.634259 0.027530 0.046296
0 0.696429 0.561508 0.025298 0.041005
0 0.659970 0.714286 0.026786 0.039683
0 0.037946 0.217593 0.025298 0.038360
