0 0.390756 0.207750 0.053571 0.062558
0 0.399160 0.309057 0.049370 0.084034
0 0.564601 0.195145 0.040966 0.067227
0 0.533613 0.102241 0.025210 0.064426
0 0.596901 0.208683 0.037290 0.071895
0 0.550420 0.350140 0.029412 0.078431
0 0.381565 0.162932 0.056197 0.055089
0 0.405725 0.103641 0.024685 0.065359
3 0.493435 0.137255 0.012080 0.050420
0 0.314863 0.377684 0.030987 0.088702
0 0.405462 0.388422 0.030462 0.089636
0 0.405462 0.480859 0.028361 0.091503
0 0.575893 0.423903 0.041492 0.082166
0 0.613445 0.428105 0.055672 0.071895
0 0.623424 0.492997 0.054622 0.084034
0 0.567489 0.507003 0.028887 0.089636
0 0.584034 0.575630 0.050420 0.094304
0 0.583508 0.705415 0.032563 0.111111
0 0.339811 0.571429 0.055672 0.084034
0 0.345326 0.647059 0.059349 0.065359
0 0.335347 0.731559 0.063550 0.088702
0 0.290966 0.760037 0.047269 0.123249
0 0.211134 0.814659 0.071429 0.060691
0 0.093487 0.813725 0.077731 0.066293
0 0.652311 0.847339 0.070378 0.079365
0 0.409401 0.910831 0.042542 0.126050
0 0.056197 0.743697 0.077731 0.071895
3 0.501313 0.475257 0.015231 0.044818
3 0.538603 0.742764 0.019433 0.056956
3 0.466649 0.929972 0.016282 0.054155
3 0.545693 0.555556 0.017857 0.056022
