0 0.428571 0.558357 0.028361 0.069094
0 0.517069 0.832866 0.040441 0.070962
0 0.575368 0.843604 0.041492 0.049486
0 0.625525 0.608310 0.029412 0.073763
0 0.472164 0.607376 0.030462 0.070028
0 0.506303 0.585434 0.027311 0.069094
0 0.487395 0.354809 0.039916 0.048553
0 0.314863 0.604575 0.042542 0.051354
0 0.333246 0.557423 0.039391 0.042951
0 0.346376 0.518207 0.041492 0.046685
0 0.228204 0.551354 0.042542 0.051354
0 0.263393 0.521942 0.041492 0.046685
0 0.264443 0.467787 0.041492 0.048553
0 0.180672 0.518207 0.038866 0.042951
0 0.200893 0.484127 0.044643 0.049486
0 0.211660 0.434174 0.035714 0.044818
0 0.126313 0.493931 0.044643 0.046685
0 0.147059 0.452381 0.043067 0.042017
0 0.163866 0.410831 0.040966 0.046685
0 0.746061 0.681139 0.042542 0.047619
0 0.739496 0.624650 0.040966 0.044818
0 0.737395 0.567694 0.037815 0.042951
0 0.768908 0.539683 0.040966 0.044818
0 0.786502 0.706816 0.033088 0.039216
0 0.806985 0.661998 0.042542 0.046685
0 0.811450 0.613912 0.043067 0.049486
0 0.839286 0.577965 0.045168 0.050420
0 0.830357 0.730626 0.040966 0.047619
0 0.870536 0.642857 0.041492 0.042017
0 0.884716 0.763772 0.043592 0.050420
0 0.929359 0.678338 0.043592 0.047619
0 0.934086 0.789916 0.045693 0.050420
0 0.980567 0.816993 0.036765 0.054155
0 0.910977 0.933707 0.045693 0.050420
1 0.648109 0.685341 0.063025 0.082166
0 0.377889 0.428105 0.036239 0.064426
1 0.275473 0.301587 0.042542 0.056022
0 0.140756 0.235294 0.042017 0.048553
0 0.111345 0.382820 0.045168 0.050420
0 0.096639 0.423903 0.040966 0.052288
0 0.067752 0.464986 0.043067 0.048553
0 0.056197 0.359477 0.038866 0.044818
0 0.020221 0.426704 0.038340 0.054155
0 0.015494 0.221289 0.032038 0.033613
0 0.069853 0.249300 0.045168 0.050420
0 0.010504 0.255836 0.022059 0.054155
0 0.960609 0.647059 0.046218 0.054155
0 0.474002 0.692810 0.033088 0.076564
0 0.590599 0.259570 0.035189 0.076564
0 0.649422 0.202614 0.026786 0.067227
0 0.677521 0.136321 0.030462 0.067227
0 0.662815 0.068161 0.032563 0.070962
0 0.705357 0.047619 0.031513 0.067227
1 0.744748 0.065359 0.051471 0.097106
3 0.556460 0.240430 0.009979 0.023343
3 0.553046 0.233894 0.014706 0.021475
