0 0.032826 0.301120 0.034139 0.060691
0 0.036502 0.238095 0.039391 0.056022
0 0.539916 0.837068 0.037815 0.051354
0 0.463235 0.906162 0.028361 0.062558
3 0.461134 0.611578 0.012605 0.022409
3 0.398634 0.742297 0.010504 0.022409
3 0.523109 0.344071 0.015756 0.025210
0 0.310399 0.588702 0.039916 0.040149
0 0.328519 0.556022 0.038340 0.045752
0 0.338498 0.517740 0.038340 0.045752
0 0.255777 0.556956 0.039916 0.045752
0 0.283876 0.528945 0.038340 0.042017
0 0.289653 0.484594 0.039391 0.046685
0 0.214811 0.528945 0.037815 0.038282
0 0.233456 0.497199 0.040441 0.045752
0 0.243960 0.453315 0.034139 0.042017
0 0.168330 0.504202 0.041492 0.044818
0 0.185924 0.468721 0.039916 0.048553
0 0.195641 0.429038 0.038340 0.045752
0 0.716912 0.679739 0.040966 0.044818
0 0.746849 0.654995 0.040966 0.047619
0 0.720851 0.587768 0.036239 0.040149
0 0.742910 0.558357 0.040441 0.044818
0 0.750263 0.705882 0.034139 0.037348
0 0.834034 0.706349 0.040966 0.047619
0 0.877889 0.686741 0.043592 0.047619
0 0.801996 0.597572 0.040966 0.046685
0 0.790441 0.729692 0.038866 0.043884
0 0.836922 0.759104 0.040441 0.044818
0 0.881565 0.783380 0.042542 0.046685
0 0.925158 0.807656 0.040441 0.046685
0 0.031513 0.353408 0.042017 0.040149
0 0.111082 0.473389 0.041492 0.048553
0 0.069065 0.442110 0.040441 0.049486
0 0.116597 0.288049 0.038866 0.043884
0 0.170168 0.316527 0.044118 0.050420
0 0.070378 0.280579 0.039916 0.040149
2 0.478992 0.766573 0.058824 0.145658
0 0.644170 0.795985 0.039391 0.038282
0 0.798845 0.837535 0.035714 0.037348
1 0.560399 0.542951 0.029412 0.062558
1 0.433298 0.803922 0.081933 0.212885
0 0.367384 0.927171 0.030987 0.067227
0 0.667017 0.266573 0.026261 0.062558
0 0.597164 0.601307 0.024160 0.072829
0 0.598214 0.485528 0.024160 0.069094
2 0.583246 0.289449 0.067752 0.132586
0 0.717962 0.141923 0.032563 0.065359
0 0.754989 0.053221 0.030987 0.061625
0 0.633666 0.255836 0.028887 0.063492
0 0.634979 0.180672 0.029412 0.062558
0 0.972952 0.835201 0.048845 0.049486
0 0.038866 0.401027 0.025210 0.066293
0 0.014181 0.409430 0.029412 0.043884
