0 0.623162 0.834734 0.060399 0.108310
0 0.924895 0.313725 0.048319 0.084034
0 0.422269 0.683473 0.066176 0.117647
0 0.665441 0.938375 0.066176 0.061625
0 0.708508 0.850607 0.059874 0.104575
0 0.762868 0.757236 0.056197 0.117647
0 0.823267 0.641923 0.054097 0.105509
0 0.928834 0.548086 0.059349 0.059757
0 0.878414 0.505135 0.057248 0.095238
0 0.946429 0.498599 0.063025 0.056022
0 0.932248 0.415500 0.047269 0.078431
0 0.645483 0.493931 0.044118 0.100840
0 0.546744 0.696078 0.056723 0.099907
0 0.743960 0.342670 0.053046 0.093371
0 0.784139 0.267040 0.059874 0.061625
0 0.716124 0.234827 0.060399 0.060691
0 0.816176 0.386555 0.053571 0.089636
0 0.436712 0.830999 0.068803 0.070962
0 0.839023 0.178805 0.049895 0.088702
0 0.878939 0.112045 0.049895 0.089636
0 0.914653 0.050420 0.049895 0.078431
3 0.704832 0.771242 0.018908 0.033613
3 0.971113 0.268441 0.022059 0.040149
3 0.748950 0.461718 0.022059 0.038282
3 0.810924 0.311391 0.018908 0.040149
3 0.689863 0.421102 0.028887 0.037348
3 0.586922 0.688142 0.014181 0.037348
3 0.927521 0.129785 0.018908 0.037348
3 0.827731 0.256769 0.023109 0.037348
