0 0.031250 0.301120 0.037290 0.060691
0 0.033613 0.239496 0.040966 0.055089
0 0.928571 0.935107 0.040966 0.049486
0 0.612395 0.453782 0.028361 0.061625
0 0.572742 0.797386 0.043592 0.048553
0 0.503676 0.708683 0.034664 0.072829
0 0.494485 0.868814 0.033088 0.062558
0 0.438288 0.890289 0.027836 0.060691
0 0.574317 0.412232 0.030987 0.066293
2 0.623687 0.190009 0.074055 0.174603
1 0.449317 0.942110 0.034139 0.074697
3 0.340861 0.983660 0.010504 0.023343
3 0.277311 0.244164 0.016807 0.021475
0 0.309086 0.588702 0.040441 0.040149
0 0.327206 0.555556 0.037815 0.046685
0 0.336660 0.516340 0.038866 0.044818
0 0.254464 0.557423 0.039391 0.046685
0 0.282300 0.528945 0.038340 0.042017
0 0.289128 0.481793 0.039391 0.046685
0 0.214023 0.525677 0.037290 0.039216
0 0.231880 0.497199 0.040441 0.045752
0 0.240021 0.450980 0.034664 0.039216
0 0.167279 0.503268 0.041492 0.044818
0 0.183824 0.468721 0.039916 0.048553
0 0.200368 0.429972 0.038340 0.045752
0 0.716912 0.675070 0.040966 0.044818
0 0.718225 0.634921 0.036239 0.046685
0 0.720851 0.583100 0.036239 0.040149
0 0.743435 0.553688 0.040441 0.044818
0 0.750525 0.700280 0.034664 0.037348
0 0.771796 0.663399 0.040441 0.047619
0 0.795693 0.630252 0.042017 0.046685
0 0.799895 0.589636 0.040966 0.047619
0 0.789391 0.725490 0.038866 0.044818
0 0.836922 0.754435 0.040441 0.044818
0 0.881303 0.779645 0.043067 0.046685
0 0.925158 0.800654 0.040441 0.047619
0 0.144170 0.399160 0.040441 0.043884
0 0.084296 0.388889 0.040441 0.056956
0 0.109506 0.475257 0.041492 0.048553
0 0.066439 0.442110 0.041492 0.049486
0 0.103466 0.280579 0.038866 0.043884
0 0.167017 0.314659 0.044118 0.050420
0 0.066439 0.281513 0.040441 0.043884
2 0.461922 0.523810 0.061450 0.141923
1 0.663866 0.244164 0.029412 0.062558
0 0.766544 0.807656 0.043592 0.050420
0 0.663340 0.737628 0.035714 0.054155
2 0.385767 0.355275 0.086660 0.075630
0 0.528099 0.532680 0.027836 0.068161
0 0.523634 0.476190 0.026261 0.059757
0 0.972426 0.829599 0.048845 0.049486
0 0.039916 0.401027 0.025210 0.066293
0 0.013655 0.409430 0.028361 0.043884
