0 0.852679 0.722884 0.022321 0.027778
0 0.836682 0.690476 0.024554 0.029101
0 0.872768 0.607143 0.017857 0.047619
0 0.881696 0.672619 0.013393 0.043651
0 0.124628 0.597222 0.027530 0.033069
0 0.200893 0.487434 0.026786 0.035714
0 0.011533 0.610450 0.023065 0.051587
0 0.857143 0.187169 0.028274 0.030423
1 0.962798 0.130952 0.031250 0.037037
1 0.717262 0.160714 0.020833 0.041005
0 0.740699 0.240741 0.026042 0.023810
0 0.300967 0.229497 0.018601 0.056878
0 0.260417 0.206349 0.019345 0.044974
0 0.252976 0.156746 0.017857 0.054233
0 0.285342 0.151455 0.017113 0.046296
2 0.751488 0.307540 0.065476 0.030423
0 0.597842 0.179894 0.024554 0.039683
0 0.356027 0.099868 0.018601 0.046296
0 0.376860 0.215608 0.018601 0.039683
0 0.395461 0.308862 0.018601 0.046296
0 0.417411 0.423942 0.014881 0.038360
0 0.183408 0.573413 0.026042 0.035714
0 0.463914 0.751984 0.024554 0.051587
0 0.487723 0.851190 0.020089 0.051587
3 0.346354 0.016534 0.011161 0.014550
3 0.326637 0.299603 0.014881 0.038360
3 0.353795 0.559524 0.014137 0.021164
3 0.615327 0.663360 0.014881 0.019841
3 0.479911 0.935185 0.010417 0.021164
0 0.851562 0.340608 0.030506 0.033069
0 0.575149 0.396825 0.025298 0.026455
0 0.207217 0.643519 0.030506 0.038360
1 0.236979 0.623016 0.029018 0.029101
1 0.268973 0.607143 0.030506 0.031746
0 0.916667 0.322751 0.032738 0.029101
0 0.604539 0.386243 0.024554 0.023810
0 0.644717 0.384921 0.029018 0.026455
0 0.646949 0.648148 0.027530 0.039683
0 0.654390 0.689153 0.027530 0.039683
0 0.678199 0.605820 0.027530 0.039683
0 0.692708 0.626984 0.026786 0.042328
0 0.986979 0.298942 0.023065 0.029101
0 0.409970 0.491402 0.019345 0.054233
0 0.042039 0.210979 0.027530 0.033069
