0 0.800595 0.426587 0.026786 0.041005
0 0.852307 0.710979 0.023065 0.025132
0 0.837426 0.680556 0.024554 0.030423
0 0.871652 0.595238 0.018601 0.044974
0 0.884673 0.664021 0.019345 0.044974
0 0.123884 0.599206 0.029018 0.031746
0 0.198661 0.491402 0.026786 0.035714
0 0.011905 0.619709 0.023810 0.048942
0 0.853423 0.177249 0.026786 0.031746
1 0.960565 0.117725 0.031250 0.037037
1 0.712054 0.151455 0.020833 0.041005
0 0.738095 0.231481 0.025298 0.023810
0 0.297991 0.229497 0.020089 0.056878
0 0.258929 0.208995 0.020833 0.050265
0 0.248140 0.156085 0.020089 0.055556
0 0.283110 0.152116 0.018601 0.044974
0 0.329613 0.179233 0.023810 0.056878
0 0.013765 0.747354 0.029018 0.037037
0 0.082217 0.694444 0.031994 0.037037
2 0.742188 0.298280 0.064732 0.033069
0 0.595610 0.171958 0.026042 0.042328
0 0.037574 0.687831 0.030506 0.039683
3 0.703497 0.326720 0.009673 0.018519
3 0.319940 0.281746 0.014881 0.039683
3 0.802455 0.205688 0.011161 0.019841
3 0.550967 0.756614 0.011161 0.031746
3 0.274182 0.641534 0.011161 0.015873
3 0.331101 0.187831 0.011905 0.034392
3 0.334821 0.139550 0.008929 0.022487
3 0.771577 0.320767 0.017857 0.019841
0 0.414435 0.430556 0.026786 0.038360
0 0.469866 0.433201 0.024554 0.030423
0 0.329241 0.263228 0.020089 0.050265
0 0.309896 0.170635 0.021577 0.042328
0 0.168527 0.638228 0.031994 0.038360
0 0.254464 0.615741 0.028274 0.033069
1 0.316592 0.586640 0.031994 0.030423
1 0.375000 0.610450 0.026786 0.033069
0 0.521949 0.368386 0.033482 0.038360
0 0.533482 0.403439 0.023810 0.023810
0 0.595610 0.384259 0.029018 0.025132
3 0.585193 0.348545 0.011161 0.019841
0 0.827753 0.339286 0.027530 0.027778
0 0.646205 0.641534 0.027530 0.039683
0 0.653646 0.680556 0.026042 0.043651
0 0.671131 0.603175 0.025298 0.042328
0 0.680432 0.634259 0.027530 0.046296
0 0.696429 0.560847 0.025298 0.039683
0 0.931920 0.319444 0.027530 0.035714
0 0.720610 0.607143 0.023065 0.047619
0 0.037946 0.217593 0.025298 0.038360
