0 0.021271 0.334267 0.027836 0.072829
0 0.018908 0.269374 0.032563 0.066293
0 0.707458 0.112045 0.025210 0.056022
0 0.370273 0.992063 0.031513 0.014006
2 0.408876 0.805789 0.075105 0.188609
1 0.773109 0.005135 0.031513 0.012138
0 0.687500 0.300187 0.022059 0.058824
0 0.663603 0.236695 0.030987 0.062558
0 0.475315 0.616246 0.028361 0.061625
0 0.603992 0.441643 0.031513 0.063492
0 0.647847 0.206816 0.027836 0.056956
0 0.583508 0.279178 0.031513 0.063492
0 0.607931 0.273576 0.025735 0.056022
0 0.650998 0.115313 0.027836 0.062558
0 0.306197 0.588702 0.040966 0.040149
0 0.325105 0.554155 0.037815 0.047619
0 0.332721 0.514472 0.039391 0.044818
0 0.251838 0.557890 0.039391 0.047619
0 0.279412 0.528945 0.037815 0.042017
0 0.285452 0.481793 0.039391 0.046685
0 0.211397 0.526144 0.035189 0.040149
0 0.230305 0.498133 0.040441 0.045752
0 0.240021 0.450980 0.034664 0.039216
0 0.164391 0.505135 0.040966 0.044818
0 0.182773 0.467320 0.040966 0.049486
0 0.199317 0.430439 0.038340 0.044818
0 0.716912 0.671335 0.040966 0.044818
0 0.719800 0.628385 0.036239 0.046685
0 0.726103 0.579365 0.036239 0.040149
0 0.746324 0.550887 0.040966 0.044818
0 0.753676 0.700280 0.034664 0.037348
0 0.775998 0.662465 0.040441 0.047619
0 0.779937 0.612979 0.042017 0.047619
0 0.803834 0.583567 0.043592 0.050420
0 0.792805 0.720822 0.039391 0.044818
0 0.828256 0.645191 0.040966 0.044818
0 0.841124 0.751634 0.040441 0.044818
0 0.951418 0.712885 0.043592 0.045752
0 0.881303 0.774043 0.043067 0.046685
0 0.926733 0.797852 0.040441 0.047619
0 0.489496 0.885154 0.036765 0.065359
1 0.568803 0.462652 0.040966 0.105509
0 0.436712 0.866480 0.030987 0.070962
1 0.482668 0.685341 0.025210 0.070962
0 0.523897 0.378618 0.034139 0.055089
0 0.149422 0.402428 0.040441 0.044818
0 0.133403 0.439309 0.040966 0.043884
0 0.105305 0.476190 0.041492 0.048553
0 0.099265 0.380019 0.040966 0.039216
0 0.063288 0.442110 0.041492 0.049486
0 0.084821 0.267507 0.040441 0.047619
0 0.142857 0.303922 0.045168 0.049486
0 0.051996 0.289916 0.035714 0.049486
0 0.581408 0.360411 0.031513 0.067227
0 0.680672 0.100373 0.026261 0.062558
1 0.555410 0.633520 0.053046 0.114846
3 0.588761 0.180205 0.010504 0.026144
2 0.030200 0.160598 0.061450 0.084034
0 0.973214 0.824930 0.047269 0.049486
0 0.036239 0.400560 0.025210 0.067227
0 0.008929 0.409430 0.018908 0.043884
