0 0.032563 0.301120 0.034664 0.060691
0 0.035452 0.238562 0.040441 0.055089
0 0.604517 0.815126 0.037815 0.039216
0 0.493697 0.819795 0.028361 0.061625
0 0.435662 0.907563 0.034139 0.072829
0 0.675945 0.143791 0.031513 0.061625
3 0.429622 0.705882 0.012605 0.022409
3 0.386555 0.797386 0.010504 0.022409
3 0.482405 0.354342 0.016282 0.023343
0 0.309874 0.588702 0.039916 0.040149
0 0.328256 0.556022 0.037815 0.045752
0 0.337973 0.517274 0.038340 0.044818
0 0.255252 0.556956 0.039916 0.045752
0 0.283876 0.528945 0.038340 0.042017
0 0.289653 0.483660 0.039391 0.046685
0 0.214286 0.528945 0.037815 0.038282
0 0.233456 0.497199 0.040441 0.045752
0 0.243435 0.453315 0.034139 0.043884
0 0.168330 0.504202 0.041492 0.044818
0 0.185399 0.468721 0.039916 0.048553
0 0.200368 0.429972 0.038340 0.045752
0 0.716912 0.678805 0.040966 0.044818
0 0.731092 0.643791 0.037815 0.047619
0 0.720851 0.585901 0.036239 0.040149
0 0.743172 0.556489 0.040966 0.044818
0 0.750263 0.704949 0.034139 0.037348
0 0.804097 0.688609 0.040966 0.047619
0 0.852679 0.670868 0.043592 0.047619
0 0.801471 0.596639 0.040966 0.046685
0 0.790966 0.728291 0.038866 0.044818
0 0.836922 0.758170 0.040441 0.044818
0 0.881565 0.782446 0.042542 0.046685
0 0.925158 0.806256 0.040441 0.047619
0 0.054097 0.357143 0.042017 0.040149
0 0.110557 0.474323 0.041492 0.048553
0 0.068803 0.442110 0.040966 0.049486
0 0.113445 0.286181 0.038866 0.043884
0 0.169118 0.315593 0.044118 0.050420
0 0.068277 0.281513 0.039916 0.042017
2 0.490021 0.724556 0.050420 0.149393
0 0.737395 0.831466 0.040966 0.045752
0 0.890231 0.884220 0.036765 0.041083
1 0.575105 0.490663 0.029412 0.062558
1 0.404412 0.884220 0.087185 0.209150
0 0.685662 0.201214 0.026786 0.062558
0 0.608456 0.657796 0.027836 0.071895
0 0.596376 0.549953 0.023634 0.069094
2 0.555672 0.329599 0.078782 0.121382
0 0.731618 0.107376 0.032563 0.065359
0 0.768645 0.021475 0.030987 0.044818
0 0.600315 0.337535 0.029412 0.062558
0 0.618172 0.230159 0.029412 0.062558
0 0.972952 0.833333 0.048845 0.049486
0 0.039391 0.401027 0.025210 0.066293
0 0.014181 0.409430 0.029412 0.043884
