0 0.597098 0.737434 0.026042 0.041005
0 0.585565 0.826720 0.025298 0.044974
0 0.853423 0.708333 0.022321 0.027778
0 0.837426 0.675265 0.027530 0.033069
0 0.870536 0.592593 0.019345 0.047619
0 0.888765 0.657407 0.021577 0.047619
0 0.716146 0.660714 0.023065 0.046296
0 0.686756 0.734127 0.023810 0.047619
0 0.123140 0.605159 0.031994 0.038360
0 0.196429 0.490741 0.025298 0.037037
0 0.009301 0.622354 0.020089 0.048942
0 0.853051 0.174603 0.027530 0.037037
1 0.959449 0.113757 0.031994 0.042328
0 0.713542 0.148810 0.025298 0.043651
0 0.738839 0.229497 0.031250 0.030423
0 0.296131 0.231481 0.019345 0.055556
0 0.255580 0.208995 0.017113 0.047619
0 0.248884 0.156085 0.018601 0.052910
0 0.280878 0.150794 0.018601 0.044974
0 0.328497 0.181878 0.021577 0.048942
0 0.309896 0.110450 0.021577 0.046296
0 0.292039 0.010582 0.018601 0.023810
0 0.353795 0.484127 0.026042 0.042328
0 0.385417 0.375000 0.020833 0.051587
0 0.353795 0.218915 0.012649 0.035714
2 0.743304 0.296296 0.063988 0.031746
0 0.593750 0.169974 0.026786 0.041005
3 0.338542 0.244709 0.010417 0.031746
0 0.028646 0.705026 0.024554 0.039683
0 0.372396 0.229497 0.018601 0.056878
0 0.519345 0.925926 0.020833 0.044974
0 0.565848 0.923280 0.023065 0.039683
0 0.034970 0.221561 0.028274 0.035714
