0 0.013130 0.325864 0.023109 0.072829
0 0.013130 0.264706 0.027311 0.066293
2 0.355042 0.962652 0.037815 0.069094
0 0.743960 0.100840 0.025735 0.056022
0 0.742910 0.018674 0.027836 0.039216
0 0.411239 0.802988 0.030462 0.070962
0 0.675945 0.220355 0.031513 0.063492
0 0.439338 0.877218 0.027836 0.066293
0 0.613445 0.338002 0.028361 0.063492
0 0.529149 0.424370 0.030987 0.066293
0 0.568015 0.376284 0.027836 0.059757
0 0.608193 0.225490 0.030462 0.062558
0 0.303834 0.588702 0.043592 0.043884
0 0.322479 0.550420 0.037815 0.047619
0 0.331145 0.513539 0.039391 0.044818
0 0.247637 0.558824 0.039391 0.047619
0 0.277311 0.527077 0.037815 0.042017
0 0.282038 0.478992 0.040966 0.046685
0 0.205095 0.524743 0.037290 0.039216
0 0.224002 0.493464 0.040441 0.045752
0 0.234244 0.448179 0.034664 0.039216
0 0.155200 0.500934 0.042542 0.045752
0 0.174370 0.465453 0.040966 0.049486
0 0.190914 0.427171 0.038340 0.045752
0 0.723214 0.674136 0.040966 0.044818
0 0.724002 0.627451 0.037290 0.046685
0 0.728729 0.578431 0.036239 0.040149
0 0.750525 0.551821 0.040966 0.044818
0 0.758929 0.700280 0.034664 0.037348
0 0.778099 0.663399 0.040441 0.047619
0 0.783613 0.612979 0.042017 0.047619
0 0.809086 0.581699 0.044643 0.050420
0 0.798582 0.721755 0.039391 0.044818
0 0.836660 0.643324 0.040966 0.044818
0 0.847164 0.752568 0.040966 0.046685
0 0.889968 0.673203 0.043592 0.046685
0 0.892857 0.778245 0.043067 0.047619
0 0.939338 0.800654 0.041492 0.047619
0 0.609244 0.811858 0.040966 0.049486
1 0.562500 0.542484 0.034664 0.108310
0 0.462185 0.710084 0.023109 0.068161
1 0.466387 0.540149 0.032563 0.070028
0 0.409139 0.399627 0.037815 0.039216
0 0.140494 0.397759 0.040441 0.044818
0 0.125788 0.435107 0.040441 0.044818
0 0.102679 0.475257 0.041492 0.048553
0 0.090336 0.374416 0.040966 0.039216
0 0.055935 0.440243 0.041492 0.049486
0 0.053571 0.249767 0.040966 0.040149
0 0.115809 0.285714 0.046744 0.050420
0 0.044118 0.283380 0.040966 0.049486
0 0.544118 0.464986 0.031513 0.067227
0 0.657300 0.166200 0.028887 0.061625
0 0.690651 0.091503 0.028361 0.061625
1 0.623424 0.415966 0.051471 0.116713
0 0.981618 0.828665 0.033613 0.049486
0 0.024685 0.396825 0.025210 0.067227
