0 0.035189 0.300187 0.032563 0.055089
0 0.038078 0.236695 0.039391 0.055089
0 0.476628 0.906162 0.034139 0.066293
3 0.503939 0.497199 0.014181 0.023343
3 0.335609 0.968721 0.012605 0.025210
3 0.412553 0.675070 0.009979 0.022409
3 0.563288 0.299720 0.014181 0.029879
0 0.310662 0.588702 0.040441 0.040149
0 0.329044 0.556022 0.038340 0.045752
0 0.339023 0.517740 0.038340 0.045752
0 0.256303 0.556956 0.039916 0.045752
0 0.284401 0.528945 0.038340 0.042017
0 0.290179 0.484594 0.039391 0.046685
0 0.215861 0.528478 0.037815 0.037348
0 0.233981 0.497199 0.040441 0.045752
0 0.243960 0.452848 0.034139 0.041083
0 0.168855 0.504669 0.041492 0.045752
0 0.186450 0.468721 0.039916 0.048553
0 0.163603 0.410364 0.038340 0.045752
0 0.716912 0.681606 0.040966 0.044818
0 0.773109 0.674136 0.040966 0.046685
0 0.721639 0.590570 0.036765 0.040149
0 0.742647 0.561158 0.040966 0.044818
0 0.750263 0.707750 0.034139 0.037348
0 0.892069 0.740896 0.040441 0.047619
0 0.922006 0.713819 0.043592 0.047619
0 0.802521 0.597572 0.040966 0.046685
0 0.789916 0.731559 0.038866 0.043884
0 0.836922 0.760037 0.040441 0.044818
0 0.881565 0.785247 0.042542 0.046685
0 0.925158 0.808590 0.040441 0.046685
0 0.017857 0.354809 0.036765 0.039216
0 0.111607 0.473389 0.041492 0.048553
0 0.069590 0.442110 0.039391 0.049486
0 0.118697 0.288982 0.038866 0.043884
0 0.170693 0.316527 0.044118 0.050420
0 0.075630 0.279178 0.039916 0.041083
2 0.460609 0.823529 0.063025 0.147526
0 0.556197 0.812792 0.037815 0.049486
0 0.692489 0.799253 0.035189 0.037348
1 0.540441 0.607376 0.029412 0.062558
1 0.473739 0.688142 0.084034 0.203548
0 0.364758 0.977124 0.030987 0.043884
0 0.424632 0.746032 0.030987 0.065359
0 0.648897 0.358077 0.026786 0.062558
0 0.589286 0.513072 0.024160 0.073763
0 0.608456 0.373483 0.024685 0.069094
2 0.609769 0.236695 0.059874 0.144725
0 0.715336 0.151261 0.032563 0.065359
0 0.748162 0.071895 0.030987 0.061625
0 0.674370 0.143791 0.028361 0.061625
0 0.652311 0.129318 0.029412 0.062558
0 0.972952 0.837068 0.048845 0.049486
0 0.040704 0.401027 0.025735 0.066293
0 0.014443 0.409430 0.029937 0.043884
