0 0.611870 0.070028 0.055672 0.076564
0 0.800683 0.046685 0.049895 0.078431
0 0.751576 0.203548 0.031513 0.087768
0 0.521534 0.088235 0.034664 0.088702
0 0.602679 0.155929 0.035189 0.089636
0 0.583508 0.249300 0.034664 0.089636
0 0.759716 0.293651 0.055147 0.077498
0 0.793330 0.324930 0.060399 0.070962
0 0.788603 0.395425 0.060399 0.071895
0 0.731618 0.372549 0.033613 0.095238
0 0.731092 0.450047 0.053571 0.076564
0 0.698267 0.559290 0.033088 0.100840
0 0.503676 0.302988 0.044118 0.092437
0 0.498162 0.370215 0.055147 0.070028
0 0.475053 0.442577 0.050945 0.093371
0 0.432773 0.441176 0.034664 0.109244
0 0.361607 0.436975 0.064601 0.069094
0 0.268908 0.377218 0.064076 0.070962
0 0.729779 0.747432 0.068803 0.071895
0 0.522321 0.697946 0.045693 0.111111
0 0.370011 0.601307 0.065651 0.091503
0 0.282038 0.591036 0.063025 0.093371
0 0.258666 0.547619 0.059349 0.088702
0 0.249475 0.286648 0.061975 0.076564
0 0.163603 0.265640 0.060399 0.064426
0 0.108981 0.431373 0.050945 0.078431
0 0.650210 0.873483 0.045168 0.122316
0 0.384454 0.698880 0.049370 0.088702
0 0.466912 0.818861 0.042017 0.117647
3 0.615546 0.415500 0.015756 0.044818
3 0.706408 0.279178 0.015756 0.044818
3 0.499737 0.929972 0.016282 0.054155
3 0.635504 0.692344 0.015756 0.055089
3 0.684874 0.496732 0.017857 0.056022
