0 0.671131 0.602513 0.023810 0.041005
0 0.682292 0.638228 0.028274 0.041005
0 0.853423 0.708333 0.022321 0.027778
0 0.837426 0.675265 0.027530 0.033069
0 0.870908 0.592593 0.020089 0.047619
0 0.889509 0.655423 0.021577 0.046296
0 0.636533 0.966931 0.020089 0.044974
0 0.119792 0.606481 0.031250 0.038360
0 0.196057 0.490079 0.026042 0.035714
0 0.009301 0.621693 0.020089 0.044974
0 0.853051 0.174603 0.027530 0.037037
1 0.959449 0.113757 0.031994 0.042328
0 0.713542 0.148810 0.025298 0.043651
0 0.738839 0.228175 0.031250 0.030423
0 0.293899 0.231481 0.019345 0.055556
0 0.255952 0.208333 0.017857 0.048942
0 0.248884 0.156085 0.018601 0.052910
0 0.281622 0.150794 0.018601 0.044974
0 0.327009 0.181878 0.021577 0.056878
0 0.212054 0.615741 0.028274 0.041005
0 0.282366 0.567460 0.031994 0.037037
0 0.348958 0.195106 0.017857 0.038360
2 0.743304 0.296296 0.063988 0.031746
0 0.593750 0.169974 0.026786 0.041005
3 0.339286 0.240079 0.010417 0.030423
0 0.036086 0.683201 0.027530 0.038360
0 0.155506 0.616402 0.026786 0.037037
0 0.349702 0.488095 0.029762 0.047619
0 0.878348 0.411376 0.031994 0.039683
1 0.980655 0.317460 0.032738 0.039683
3 0.108259 0.636905 0.012649 0.019841
0 0.056176 0.699074 0.027530 0.041005
0 0.528646 0.906085 0.020089 0.044974
0 0.556920 0.810185 0.023065 0.043651
0 0.599330 0.792328 0.023065 0.044974
0 0.614955 0.695767 0.024554 0.042328
0 0.639509 0.716270 0.023065 0.041005
0 0.034598 0.220899 0.029018 0.037037
