0 0.672991 0.601190 0.024554 0.041005
0 0.686012 0.631614 0.026786 0.041005
0 0.853423 0.708333 0.022321 0.027778
0 0.837426 0.675265 0.027530 0.033069
0 0.870908 0.592593 0.020089 0.047619
0 0.889509 0.656085 0.021577 0.044974
0 0.635045 0.974206 0.018601 0.046296
0 0.119792 0.607804 0.031250 0.038360
0 0.196057 0.490079 0.026042 0.035714
0 0.009301 0.621693 0.020089 0.044974
0 0.853051 0.174603 0.027530 0.037037
1 0.959449 0.113757 0.031994 0.042328
0 0.713542 0.148810 0.025298 0.043651
0 0.738839 0.228175 0.031250 0.030423
0 0.293899 0.231481 0.019345 0.055556
0 0.255952 0.208333 0.017857 0.048942
0 0.248884 0.156085 0.018601 0.052910
0 0.281622 0.150794 0.018601 0.044974
0 0.327009 0.181878 0.021577 0.056878
0 0.207589 0.617725 0.028274 0.039683
0 0.279018 0.572090 0.032738 0.038360
0 0.346354 0.187831 0.012649 0.026455
2 0.743304 0.296296 0.063988 0.031746
0 0.593750 0.169974 0.026786 0.041005
3 0.339286 0.240079 0.010417 0.030423
0 0.041295 0.680556 0.027530 0.038360
0 0.159598 0.613095 0.027530 0.033069
0 0.347842 0.496032 0.031994 0.044974
0 0.871652 0.419312 0.031994 0.039683
1 0.974702 0.321429 0.034226 0.042328
3 0.113095 0.630291 0.011905 0.019841
0 0.063616 0.693783 0.026042 0.041005
0 0.531994 0.894841 0.023810 0.043651
0 0.560640 0.803571 0.023065 0.043651
0 0.604167 0.784392 0.023810 0.044974
0 0.619420 0.689815 0.024554 0.041005
0 0.645461 0.708333 0.023065 0.041005
0 0.034598 0.220899 0.029018 0.037037
