0 0.398634 0.042484 0.050420 0.083100
0 0.554097 0.081699 0.031513 0.083100
0 0.313813 0.112512 0.030987 0.088702
0 0.407038 0.121382 0.028361 0.089636
0 0.407563 0.224556 0.028361 0.090570
0 0.580357 0.159197 0.045168 0.088702
0 0.616859 0.166667 0.056197 0.071895
0 0.625525 0.243697 0.054622 0.084034
0 0.567227 0.248366 0.028361 0.084034
0 0.583771 0.316993 0.049895 0.088702
0 0.582721 0.447246 0.032038 0.104575
0 0.348214 0.312792 0.055672 0.084034
0 0.351891 0.394491 0.058824 0.055089
0 0.345326 0.480392 0.060399 0.088702
0 0.300683 0.501401 0.046744 0.110177
0 0.227679 0.557890 0.068803 0.056956
0 0.115546 0.555089 0.071429 0.060691
0 0.644958 0.590570 0.067227 0.075630
0 0.422532 0.655462 0.043592 0.115780
0 0.272847 0.706349 0.075105 0.071895
0 0.179359 0.771709 0.063550 0.112979
0 0.145221 0.770308 0.057248 0.117647
0 0.075630 0.483193 0.074580 0.071895
0 0.600578 0.788982 0.035189 0.121382
0 0.311450 0.797852 0.044118 0.111111
0 0.414916 0.841737 0.035714 0.118581
0 0.709034 0.932773 0.044118 0.130719
3 0.489496 0.262372 0.015756 0.044818
3 0.533351 0.372082 0.016282 0.045752
3 0.475053 0.746965 0.016282 0.054155
3 0.552784 0.833333 0.016282 0.055089
3 0.545693 0.325397 0.014706 0.049486
