0 0.025210 0.337068 0.027311 0.072829
0 0.022847 0.265640 0.035189 0.066293
0 0.889443 0.913632 0.041492 0.051354
0 0.720063 0.106443 0.031513 0.067227
0 0.801996 0.796919 0.040966 0.043884
0 0.618697 0.374416 0.028361 0.056022
0 0.452206 0.750700 0.031513 0.072829
2 0.484244 0.580299 0.075630 0.178338
1 0.685399 0.250233 0.030462 0.067227
0 0.691964 0.452381 0.029937 0.056956
0 0.571166 0.517740 0.030987 0.062558
0 0.540966 0.422969 0.028361 0.061625
0 0.513918 0.682073 0.032038 0.068161
0 0.691439 0.091036 0.027836 0.056956
0 0.645746 0.125117 0.030987 0.057890
0 0.650998 0.164332 0.027836 0.054155
0 0.307248 0.588702 0.040966 0.040149
0 0.325630 0.554155 0.037815 0.047619
0 0.334034 0.515406 0.038866 0.044818
0 0.252889 0.557890 0.039391 0.047619
0 0.280200 0.528945 0.038340 0.042017
0 0.286502 0.481793 0.039391 0.046685
0 0.212185 0.525677 0.034664 0.039216
0 0.231355 0.498133 0.040441 0.045752
0 0.240021 0.451914 0.034664 0.039216
0 0.164653 0.507003 0.041492 0.044818
0 0.182773 0.467320 0.040966 0.049486
0 0.199317 0.430439 0.038340 0.044818
0 0.716912 0.671335 0.040966 0.044818
0 0.718225 0.630252 0.036239 0.046685
0 0.724527 0.581232 0.036239 0.040149
0 0.742647 0.549953 0.040966 0.044818
0 0.752626 0.700280 0.034664 0.037348
0 0.773897 0.662465 0.040441 0.047619
0 0.775735 0.612979 0.042017 0.047619
0 0.801733 0.585434 0.042542 0.048553
0 0.790704 0.720822 0.039391 0.044818
0 0.855830 0.661998 0.040441 0.044818
0 0.838498 0.751634 0.040441 0.044818
0 0.880777 0.775910 0.043067 0.046685
0 0.926733 0.799720 0.040441 0.047619
1 0.589286 0.387021 0.046218 0.105509
1 0.445116 0.862745 0.032038 0.078431
0 0.603992 0.233427 0.028361 0.061625
0 0.150473 0.404295 0.040441 0.044818
0 0.137605 0.440243 0.040966 0.043884
0 0.106880 0.476190 0.041492 0.048553
0 0.101366 0.378151 0.040966 0.039216
0 0.064863 0.442110 0.041492 0.049486
0 0.101628 0.282446 0.038340 0.043884
0 0.159664 0.311858 0.044118 0.050420
0 0.058036 0.288515 0.036239 0.048553
0 0.627363 0.247899 0.030987 0.064426
1 0.478466 0.865546 0.056723 0.128852
2 0.185662 0.254902 0.087710 0.089636
2 0.017069 0.151727 0.035189 0.079365
0 0.972426 0.825864 0.048845 0.049486
0 0.037815 0.401494 0.025210 0.067227
0 0.011817 0.409430 0.024685 0.043884
