0 0.032038 0.301120 0.035714 0.060691
0 0.034664 0.239496 0.040966 0.055089
0 0.722689 0.833333 0.038866 0.043884
0 0.542017 0.677871 0.028361 0.061625
0 0.498687 0.867880 0.035189 0.066293
0 0.455882 0.848739 0.034664 0.072829
0 0.630515 0.259570 0.030987 0.065359
3 0.389181 0.847339 0.012605 0.025210
3 0.370273 0.871615 0.010504 0.023343
3 0.408613 0.322596 0.016807 0.023343
0 0.309611 0.588702 0.040441 0.040149
0 0.327994 0.555556 0.038340 0.046685
0 0.337447 0.516807 0.038340 0.045752
0 0.254989 0.556956 0.039391 0.045752
0 0.283088 0.528945 0.037815 0.042017
0 0.289128 0.482726 0.039391 0.046685
0 0.214286 0.528478 0.037815 0.039216
0 0.232931 0.497199 0.040441 0.045752
0 0.241859 0.452381 0.034139 0.042017
0 0.167805 0.503268 0.041492 0.044818
0 0.184874 0.468721 0.039916 0.048553
0 0.200368 0.429972 0.038340 0.045752
0 0.716912 0.676937 0.040966 0.044818
0 0.718750 0.636788 0.036239 0.046685
0 0.720851 0.584967 0.036239 0.040149
0 0.743435 0.554622 0.040441 0.044818
0 0.750525 0.702148 0.034664 0.037348
0 0.779149 0.669935 0.040441 0.047619
0 0.824580 0.650794 0.042017 0.046685
0 0.801471 0.592437 0.040966 0.047619
0 0.790966 0.726424 0.038866 0.044818
0 0.836922 0.756303 0.040441 0.044818
0 0.881303 0.779645 0.043067 0.046685
0 0.925158 0.804388 0.040441 0.047619
0 0.100053 0.373483 0.041492 0.041083
0 0.034926 0.353408 0.041492 0.038282
0 0.110032 0.474323 0.041492 0.048553
0 0.068540 0.442110 0.041492 0.049486
0 0.107668 0.282446 0.038866 0.043884
0 0.168067 0.315593 0.044118 0.050420
0 0.066702 0.281513 0.039916 0.043884
2 0.493435 0.647059 0.023634 0.147526
0 0.908351 0.934641 0.040441 0.052288
1 0.609769 0.399160 0.029412 0.062558
1 0.379989 0.948646 0.051996 0.093371
0 0.718487 0.087768 0.026261 0.061625
0 0.646534 0.725490 0.037815 0.063492
0 0.603729 0.636321 0.025735 0.070028
2 0.496324 0.367880 0.084034 0.080299
0 0.757353 0.030812 0.032563 0.054155
0 0.564076 0.436508 0.028361 0.070028
0 0.582458 0.323529 0.029412 0.062558
0 0.972952 0.831466 0.048845 0.049486
0 0.039916 0.400093 0.025210 0.066293
0 0.013918 0.409430 0.028887 0.043884
