0 0.853423 0.719577 0.023810 0.026455
0 0.836682 0.687169 0.024554 0.027778
0 0.872768 0.602513 0.019345 0.046296
0 0.883929 0.680556 0.013393 0.043651
0 0.126488 0.597884 0.028274 0.034392
0 0.200149 0.487434 0.026786 0.035714
0 0.013021 0.612434 0.023065 0.050265
0 0.855655 0.183862 0.026786 0.031746
1 0.961310 0.125661 0.031250 0.037037
1 0.715774 0.156746 0.020833 0.041005
0 0.740699 0.236772 0.026042 0.023810
0 0.300223 0.229497 0.018601 0.056878
0 0.260417 0.207011 0.019345 0.046296
0 0.251488 0.156746 0.017857 0.054233
0 0.284970 0.151455 0.017857 0.046296
2 0.747768 0.303571 0.063988 0.030423
0 0.597470 0.176587 0.025298 0.041005
0 0.340774 0.047619 0.019345 0.044974
0 0.360863 0.150132 0.014881 0.041005
0 0.078869 0.658069 0.026786 0.033069
0 0.396577 0.617063 0.026786 0.048942
0 0.449033 0.730820 0.023065 0.048942
0 0.332589 0.255291 0.022321 0.050265
3 0.322917 0.281746 0.014881 0.039683
3 0.233259 0.571429 0.014137 0.021164
3 0.807292 0.222222 0.011905 0.021164
3 0.614583 0.663360 0.014881 0.019841
3 0.443452 0.832011 0.010417 0.023810
0 0.699033 0.347884 0.029018 0.026455
0 0.575149 0.394180 0.025298 0.026455
0 0.207589 0.644841 0.031250 0.038360
1 0.238467 0.623016 0.029018 0.029101
1 0.269717 0.609127 0.031994 0.038360
0 0.787574 0.350529 0.031994 0.029101
0 0.604539 0.383598 0.024554 0.023810
0 0.644717 0.382275 0.029018 0.026455
0 0.646949 0.646825 0.027530 0.039683
0 0.654390 0.685185 0.027530 0.042328
0 0.673735 0.607143 0.027530 0.039683
0 0.689732 0.629630 0.026786 0.042328
0 0.812500 0.434524 0.026786 0.038360
0 0.447545 0.627646 0.023065 0.048942
0 0.041667 0.213624 0.025298 0.033069
