0 0.031250 0.301120 0.037290 0.060691
0 0.033613 0.239496 0.040966 0.055089
0 0.899947 0.919234 0.040441 0.049486
0 0.603466 0.480859 0.028361 0.061625
0 0.563550 0.802521 0.043067 0.051354
0 0.495798 0.730159 0.034664 0.072829
0 0.484244 0.886555 0.032563 0.066293
0 0.432511 0.907096 0.027836 0.060691
0 0.580095 0.396359 0.030987 0.066293
2 0.628414 0.177404 0.074055 0.175537
3 0.345063 0.970121 0.010504 0.026144
3 0.295168 0.252568 0.016807 0.021475
0 0.309086 0.588702 0.040441 0.040149
0 0.327468 0.555556 0.038340 0.046685
0 0.336660 0.516340 0.038866 0.044818
0 0.254464 0.557423 0.039391 0.046685
0 0.282563 0.528945 0.037815 0.042017
0 0.289128 0.481793 0.039391 0.046685
0 0.214023 0.525677 0.037290 0.039216
0 0.231880 0.497199 0.040441 0.045752
0 0.240021 0.450980 0.034664 0.039216
0 0.167279 0.503268 0.041492 0.044818
0 0.183824 0.468721 0.039916 0.048553
0 0.200368 0.429972 0.038340 0.045752
0 0.716912 0.675070 0.040966 0.044818
0 0.718225 0.634921 0.036239 0.046685
0 0.720851 0.583100 0.036239 0.040149
0 0.743435 0.552754 0.040441 0.044818
0 0.750525 0.700280 0.034664 0.037348
0 0.772847 0.664332 0.040441 0.047619
0 0.798845 0.631653 0.042017 0.047619
0 0.800158 0.589636 0.040441 0.047619
0 0.789391 0.725490 0.038866 0.044818
0 0.836922 0.754435 0.040441 0.044818
0 0.881303 0.779645 0.043067 0.046685
0 0.925158 0.800654 0.040441 0.047619
0 0.141544 0.396825 0.040441 0.044818
0 0.079569 0.381419 0.040441 0.056956
0 0.109506 0.475257 0.041492 0.048553
0 0.066964 0.442110 0.041492 0.049486
0 0.103466 0.280579 0.038866 0.043884
0 0.167017 0.314659 0.044118 0.050420
0 0.066439 0.281513 0.040441 0.043884
2 0.467962 0.538282 0.057773 0.144725
1 0.656513 0.264706 0.029412 0.062558
0 0.747374 0.795518 0.044118 0.050420
0 0.651786 0.725957 0.034664 0.058824
2 0.401261 0.360411 0.086134 0.070962
0 0.532563 0.521942 0.028361 0.069094
0 0.529674 0.458917 0.025735 0.060691
0 0.972426 0.829599 0.048845 0.049486
0 0.039916 0.401027 0.025210 0.066293
0 0.013655 0.409430 0.028361 0.043884
