0 0.026261 0.318394 0.031513 0.067227
0 0.026786 0.253968 0.039916 0.061625
0 0.731355 0.101774 0.027836 0.056022
0 0.730830 0.819795 0.042542 0.044818
0 0.635767 0.351541 0.034139 0.066293
0 0.649422 0.765173 0.040441 0.043884
0 0.542805 0.587302 0.027836 0.059757
0 0.511292 0.578431 0.030987 0.066293
2 0.542017 0.414099 0.075630 0.178338
1 0.589286 0.540616 0.033613 0.072829
0 0.767332 0.523810 0.035714 0.044818
0 0.490284 0.748366 0.030987 0.071895
0 0.599265 0.262372 0.028361 0.061625
0 0.439863 0.891690 0.032038 0.069094
3 0.026261 0.135387 0.016807 0.018674
0 0.695378 0.052288 0.026261 0.052288
0 0.307773 0.588702 0.040966 0.040149
0 0.326155 0.554622 0.037815 0.046685
0 0.335084 0.515406 0.038866 0.044818
0 0.253414 0.557423 0.039391 0.046685
0 0.280987 0.528945 0.037815 0.042017
0 0.287553 0.481793 0.039391 0.046685
0 0.212973 0.525677 0.035189 0.039216
0 0.231880 0.497199 0.040441 0.045752
0 0.240021 0.451914 0.034664 0.039216
0 0.165704 0.507003 0.041492 0.044818
0 0.183036 0.467787 0.040441 0.048553
0 0.199842 0.430439 0.038340 0.044818
0 0.716912 0.673203 0.040966 0.044818
0 0.718225 0.632120 0.036239 0.046685
0 0.723477 0.582166 0.036239 0.040149
0 0.742647 0.555556 0.040966 0.044818
0 0.752101 0.700280 0.034664 0.037348
0 0.771796 0.661531 0.040441 0.047619
0 0.775735 0.616713 0.042017 0.047619
0 0.799632 0.586835 0.041492 0.047619
0 0.789653 0.721755 0.039391 0.044818
0 0.930935 0.704949 0.040441 0.044818
0 0.837973 0.752568 0.040441 0.044818
0 0.880777 0.777778 0.043067 0.046685
0 0.926208 0.800654 0.040441 0.047619
1 0.621849 0.291783 0.047269 0.099907
0 0.652311 0.112045 0.027311 0.061625
0 0.151523 0.406162 0.040441 0.044818
0 0.135504 0.440243 0.040966 0.043884
0 0.107931 0.476190 0.041492 0.048553
0 0.080357 0.367880 0.040966 0.039216
0 0.065389 0.442110 0.041492 0.049486
0 0.102153 0.281513 0.038340 0.043884
0 0.164391 0.313725 0.044118 0.050420
0 0.061450 0.285714 0.037815 0.046685
0 0.669118 0.138655 0.030462 0.062558
3 0.625000 0.057890 0.010504 0.026144
2 0.318015 0.347806 0.085609 0.099907
0 0.922532 0.899160 0.037290 0.050420
2 0.149422 0.221289 0.087710 0.089636
0 0.437237 0.800187 0.032038 0.070962
0 0.416492 0.775910 0.030462 0.061625
0 0.972426 0.827731 0.048845 0.049486
0 0.038866 0.402428 0.025210 0.067227
0 0.013130 0.409430 0.027311 0.043884
