0 0.031250 0.301120 0.037290 0.060691
0 0.033088 0.239963 0.040966 0.056022
0 0.950630 0.949113 0.040966 0.049486
0 0.619223 0.433240 0.028361 0.061625
0 0.579832 0.794118 0.043067 0.047619
0 0.508929 0.691877 0.034664 0.072829
0 0.502101 0.854809 0.033613 0.060691
0 0.442489 0.877218 0.027836 0.060691
0 0.570641 0.421569 0.030987 0.066293
2 0.619748 0.199346 0.073529 0.174603
1 0.456670 0.921569 0.034139 0.074697
0 0.667279 0.071895 0.028887 0.061625
3 0.263655 0.237162 0.016807 0.020542
0 0.308824 0.588702 0.039916 0.040149
0 0.327206 0.555556 0.037815 0.046685
0 0.336134 0.516340 0.038866 0.044818
0 0.254202 0.557423 0.039916 0.046685
0 0.282300 0.528945 0.038340 0.042017
0 0.289128 0.481793 0.039391 0.046685
0 0.214023 0.525677 0.037290 0.039216
0 0.231880 0.497199 0.040441 0.045752
0 0.240021 0.450980 0.034664 0.039216
0 0.167279 0.503268 0.041492 0.044818
0 0.183824 0.468721 0.039916 0.048553
0 0.199842 0.429972 0.038340 0.045752
0 0.716912 0.675070 0.040966 0.044818
0 0.718225 0.634921 0.036239 0.046685
0 0.721376 0.583100 0.036239 0.040149
0 0.743435 0.553688 0.040441 0.044818
0 0.750525 0.700280 0.034664 0.037348
0 0.771271 0.662465 0.040441 0.047619
0 0.793592 0.628852 0.042017 0.047619
0 0.799632 0.589636 0.040441 0.047619
0 0.789391 0.725490 0.038866 0.044818
0 0.836922 0.754435 0.040441 0.044818
0 0.881303 0.778711 0.043067 0.046685
0 0.925158 0.800654 0.040441 0.047619
1 0.686712 0.101774 0.043592 0.098973
0 0.146796 0.400560 0.040441 0.044818
0 0.087973 0.394491 0.040441 0.056956
0 0.109506 0.475257 0.041492 0.048553
0 0.066439 0.442110 0.041492 0.049486
0 0.103466 0.280579 0.038866 0.043884
0 0.166492 0.314659 0.044118 0.050420
0 0.066439 0.281513 0.040441 0.043884
2 0.457195 0.511671 0.064601 0.140056
1 0.669118 0.228291 0.029412 0.062558
0 0.781250 0.816527 0.042542 0.049486
0 0.672006 0.746032 0.036239 0.050420
2 0.373162 0.348739 0.086660 0.077498
0 0.524947 0.541083 0.027836 0.068161
0 0.518908 0.488796 0.027311 0.058824
0 0.972426 0.829599 0.048845 0.049486
0 0.039916 0.401027 0.025210 0.066293
0 0.013655 0.409430 0.028361 0.043884
