0 0.331408 0.373950 0.037815 0.047619
0 0.644170 0.764239 0.043592 0.043884
0 0.716912 0.857610 0.044118 0.040149
0 0.701681 0.724556 0.042017 0.063492
0 0.384454 0.866947 0.035714 0.081232
0 0.431723 0.827264 0.030462 0.070962
0 0.316439 0.281046 0.043592 0.048553
0 0.406250 0.653595 0.044643 0.050420
0 0.457458 0.631186 0.038866 0.046685
0 0.497899 0.612979 0.042017 0.047619
0 0.296218 0.584967 0.047269 0.051354
0 0.350840 0.566760 0.044118 0.048553
0 0.288603 0.472456 0.043592 0.056022
0 0.172006 0.508403 0.038340 0.043884
0 0.236607 0.500467 0.046744 0.046685
0 0.210609 0.429505 0.036765 0.044818
0 0.115021 0.485061 0.045168 0.047619
0 0.141807 0.448179 0.043067 0.041083
0 0.157826 0.401494 0.040441 0.046685
0 0.754989 0.681139 0.042542 0.047619
0 0.667017 0.578431 0.040966 0.045752
0 0.634191 0.499066 0.039391 0.042017
0 0.706933 0.490196 0.040966 0.044818
0 0.796481 0.707750 0.033088 0.039216
0 0.785452 0.645658 0.042542 0.047619
0 0.768645 0.577031 0.042542 0.050420
0 0.809349 0.545285 0.048319 0.050420
0 0.842437 0.729692 0.040966 0.047619
0 0.856092 0.626050 0.044118 0.045752
0 0.897584 0.766573 0.046218 0.050420
0 0.944853 0.675537 0.046218 0.047619
0 0.947742 0.792717 0.045693 0.050420
0 0.989496 0.818394 0.018908 0.053221
1 0.785714 0.761905 0.066176 0.070962
0 0.210084 0.263772 0.044118 0.053221
1 0.063025 0.167134 0.046218 0.056022
0 0.098739 0.372549 0.045168 0.050420
0 0.083508 0.413632 0.040966 0.052288
0 0.053571 0.455649 0.043067 0.048553
0 0.042017 0.341737 0.040966 0.044818
0 0.054097 0.231559 0.045168 0.050420
0 0.898109 0.602241 0.046218 0.054155
0 0.386029 0.949580 0.034664 0.082166
0 0.481092 0.348273 0.049370 0.056022
0 0.655462 0.192344 0.026261 0.069094
0 0.683298 0.126050 0.030462 0.067227
0 0.633403 0.149393 0.032563 0.070962
0 0.709034 0.042017 0.031513 0.067227
0 0.670431 0.057890 0.033088 0.072829
0 0.963498 0.739496 0.043592 0.050420
3 0.519433 0.287115 0.012605 0.025210
