0 0.617910 0.838469 0.060399 0.108310
0 0.921481 0.315593 0.048845 0.084034
0 0.421744 0.678805 0.066176 0.117647
0 0.665441 0.932773 0.066176 0.061625
0 0.707983 0.844071 0.059874 0.104575
0 0.762342 0.751634 0.056197 0.117647
0 0.822742 0.636321 0.054097 0.105509
0 0.928309 0.543417 0.059349 0.059757
0 0.877889 0.500467 0.057248 0.095238
0 0.945903 0.492997 0.063025 0.056022
0 0.931723 0.411765 0.047269 0.078431
0 0.645483 0.491130 0.044118 0.100840
0 0.546744 0.692344 0.056723 0.099907
0 0.743960 0.338936 0.053046 0.093371
0 0.784139 0.262372 0.059874 0.061625
0 0.716124 0.230159 0.060399 0.060691
0 0.820116 0.374416 0.053046 0.089636
0 0.436712 0.825397 0.068803 0.070962
0 0.839023 0.175070 0.049895 0.088702
0 0.878414 0.107843 0.049895 0.088702
0 0.914653 0.046685 0.049895 0.076564
3 0.701155 0.771242 0.018908 0.033613
3 0.968487 0.266573 0.022059 0.040149
3 0.752101 0.451447 0.022059 0.038282
3 0.813025 0.303922 0.018908 0.040149
3 0.689601 0.416433 0.029412 0.037348
3 0.587973 0.679739 0.014181 0.037348
3 0.930147 0.120448 0.018908 0.037348
3 0.827731 0.253035 0.023109 0.037348
