0 0.026523 0.314659 0.035189 0.067227
0 0.027836 0.252568 0.040966 0.060691
0 0.717437 0.139122 0.027311 0.056022
0 0.709034 0.811391 0.043067 0.044818
0 0.620011 0.396359 0.034139 0.068161
0 0.628414 0.768908 0.040441 0.043884
0 0.529149 0.626517 0.027836 0.061625
0 0.519170 0.556022 0.030987 0.066293
2 0.552258 0.386088 0.075105 0.178338
1 0.571691 0.592437 0.034139 0.073763
0 0.784139 0.534080 0.034664 0.044818
0 0.476103 0.790383 0.030987 0.071895
0 0.609769 0.234360 0.028361 0.061625
0 0.427258 0.925303 0.032038 0.069094
3 0.056723 0.148459 0.016807 0.018674
0 0.308036 0.588702 0.040441 0.040149
0 0.326418 0.554622 0.038340 0.046685
0 0.335084 0.515873 0.038866 0.045752
0 0.253414 0.557423 0.039391 0.046685
0 0.281250 0.528945 0.038340 0.042017
0 0.287553 0.481793 0.039391 0.046685
0 0.212973 0.525677 0.035189 0.039216
0 0.231880 0.497199 0.040441 0.045752
0 0.240021 0.451914 0.034664 0.039216
0 0.165704 0.507003 0.041492 0.044818
0 0.183036 0.467787 0.040441 0.048553
0 0.199842 0.430439 0.038340 0.044818
0 0.716912 0.673203 0.040966 0.044818
0 0.718225 0.632120 0.036239 0.046685
0 0.722952 0.582166 0.036239 0.040149
0 0.743172 0.557423 0.040966 0.044818
0 0.751576 0.700280 0.034664 0.037348
0 0.771271 0.661531 0.040441 0.047619
0 0.777311 0.617647 0.042017 0.047619
0 0.799370 0.587302 0.040966 0.048553
0 0.789653 0.721755 0.039391 0.044818
0 0.947216 0.714286 0.040441 0.044818
0 0.837973 0.752568 0.040441 0.044818
0 0.880777 0.777778 0.043067 0.046685
0 0.925683 0.800654 0.040441 0.047619
1 0.628939 0.269374 0.046744 0.099907
0 0.151523 0.407096 0.040441 0.044818
0 0.133929 0.439309 0.040966 0.045752
0 0.107931 0.476190 0.041492 0.048553
0 0.071429 0.362745 0.042017 0.038282
0 0.065389 0.442110 0.041492 0.049486
0 0.102416 0.281513 0.038866 0.043884
0 0.164391 0.313725 0.044118 0.050420
0 0.061712 0.284781 0.038340 0.046685
0 0.676208 0.116246 0.029937 0.062558
3 0.629464 0.042484 0.011029 0.027077
2 0.340861 0.366013 0.085084 0.102708
1 0.747374 0.017740 0.029412 0.037348
0 0.991071 0.933240 0.014706 0.049486
0 0.886292 0.878151 0.036239 0.049486
2 0.178309 0.237162 0.086660 0.089636
0 0.453519 0.751167 0.032038 0.064426
0 0.432248 0.729225 0.030462 0.061625
0 0.972426 0.827731 0.048845 0.049486
0 0.038866 0.402428 0.025210 0.067227
0 0.013130 0.409430 0.027311 0.043884
