0 0.807664 0.419312 0.027530 0.039683
0 0.852307 0.710979 0.023065 0.025132
0 0.837426 0.680556 0.024554 0.030423
0 0.871652 0.596561 0.018601 0.044974
0 0.884673 0.665344 0.019345 0.044974
0 0.123140 0.600529 0.029018 0.031746
0 0.198661 0.491402 0.026786 0.035714
0 0.011905 0.619709 0.023810 0.048942
0 0.853423 0.177249 0.026786 0.031746
1 0.960565 0.117725 0.031250 0.037037
1 0.712054 0.151455 0.020833 0.041005
0 0.738095 0.231481 0.025298 0.023810
0 0.297991 0.229497 0.020089 0.056878
0 0.258929 0.208995 0.020833 0.050265
0 0.248140 0.156085 0.020089 0.055556
0 0.283110 0.152116 0.018601 0.044974
0 0.329985 0.177910 0.023065 0.046296
0 0.009673 0.750661 0.020833 0.038360
0 0.076265 0.697751 0.031994 0.035714
2 0.742188 0.299603 0.064732 0.033069
0 0.595610 0.171958 0.026042 0.042328
0 0.048735 0.679894 0.030506 0.037037
3 0.711310 0.329365 0.008929 0.018519
3 0.319940 0.281746 0.014881 0.039683
3 0.802455 0.205688 0.011161 0.019841
3 0.553199 0.746693 0.011161 0.030423
3 0.278646 0.640212 0.011161 0.015873
3 0.331845 0.190476 0.011905 0.034392
3 0.332589 0.131614 0.008929 0.022487
3 0.776786 0.320767 0.017857 0.019841
0 0.421875 0.429233 0.026786 0.038360
0 0.478795 0.430556 0.024554 0.030423
0 0.327009 0.255291 0.020089 0.050265
0 0.307664 0.162698 0.021577 0.042328
0 0.163318 0.641534 0.031994 0.037037
0 0.249256 0.619709 0.028274 0.033069
1 0.311384 0.587963 0.031994 0.033069
1 0.369420 0.607143 0.027530 0.031746
0 0.528646 0.362434 0.031994 0.037037
0 0.539807 0.400794 0.024554 0.023810
0 0.600818 0.383598 0.029018 0.026455
3 0.591890 0.348545 0.011161 0.019841
0 0.838170 0.334656 0.027530 0.026455
0 0.646205 0.642857 0.027530 0.039683
0 0.653646 0.680556 0.026042 0.043651
0 0.671503 0.604497 0.026042 0.042328
0 0.680432 0.634259 0.027530 0.046296
0 0.695685 0.561508 0.025298 0.041005
0 0.941592 0.312831 0.027530 0.033069
0 0.714286 0.619048 0.023810 0.047619
0 0.037946 0.217593 0.025298 0.038360
