0 0.851935 0.726852 0.020833 0.027778
0 0.836682 0.693783 0.024554 0.035714
0 0.872024 0.611111 0.016369 0.047619
0 0.879836 0.683201 0.014137 0.043651
0 0.124628 0.593254 0.027530 0.033069
0 0.199405 0.483466 0.026786 0.035714
0 0.011533 0.607143 0.023065 0.050265
0 0.856399 0.190476 0.026786 0.031746
1 0.964286 0.134921 0.031250 0.037037
1 0.718006 0.163360 0.020833 0.041005
0 0.741443 0.243386 0.026042 0.023810
0 0.300967 0.228175 0.018601 0.054233
0 0.260417 0.205688 0.019345 0.043651
0 0.252604 0.152778 0.017113 0.051587
0 0.286086 0.147487 0.017113 0.046296
2 0.752976 0.310185 0.065476 0.030423
0 0.598586 0.181217 0.024554 0.039683
0 0.382068 0.230820 0.018601 0.046296
0 0.404390 0.353836 0.018601 0.041005
0 0.423735 0.442460 0.018601 0.046296
0 0.450521 0.570106 0.015625 0.039683
0 0.217634 0.543651 0.027530 0.031746
0 0.463914 0.757937 0.023065 0.052910
0 0.500372 0.912037 0.018601 0.051587
0 0.442336 0.830688 0.015625 0.037037
3 0.357515 0.092593 0.012649 0.026455
3 0.360119 0.130952 0.008929 0.023810
3 0.340030 0.351852 0.014881 0.039683
3 0.402902 0.611772 0.012649 0.022487
3 0.614583 0.664683 0.014881 0.019841
3 0.497024 0.984788 0.010417 0.022487
0 0.935640 0.308862 0.029018 0.030423
0 0.575149 0.399471 0.025298 0.026455
0 0.206473 0.643519 0.030506 0.038360
1 0.236979 0.623677 0.029018 0.030423
1 0.268973 0.607804 0.029018 0.030423
0 0.984375 0.300265 0.029762 0.031746
0 0.605283 0.387566 0.024554 0.023810
0 0.644717 0.387566 0.029018 0.026455
0 0.645833 0.652116 0.025298 0.037037
0 0.654018 0.689815 0.026786 0.038360
0 0.698661 0.572751 0.025298 0.037037
0 0.702381 0.612434 0.026786 0.042328
0 0.398065 0.427910 0.019345 0.054233
0 0.041295 0.205688 0.027530 0.033069
