0 0.863183 0.371615 0.053046 0.087768
0 0.411765 0.652661 0.066176 0.117647
0 0.666492 0.883287 0.066176 0.061625
0 0.706933 0.794585 0.059874 0.104575
0 0.763393 0.704949 0.056197 0.117647
0 0.821166 0.594304 0.054097 0.105509
0 0.464811 0.951447 0.060924 0.095238
0 0.926733 0.498599 0.059349 0.056022
0 0.878676 0.468721 0.056723 0.095238
0 0.946954 0.452848 0.063025 0.056022
0 0.931723 0.375350 0.047269 0.078431
0 0.645483 0.447246 0.044118 0.100840
0 0.548845 0.639589 0.056723 0.098973
0 0.745011 0.299720 0.053046 0.093371
0 0.783613 0.227824 0.059874 0.061625
0 0.717700 0.194678 0.060399 0.060691
0 0.888130 0.217087 0.051471 0.084967
0 0.439863 0.771242 0.068803 0.067227
0 0.840074 0.137722 0.049895 0.088702
0 0.879202 0.071895 0.050420 0.082166
3 0.641807 0.822129 0.019958 0.043884
3 0.931197 0.287582 0.022059 0.041083
3 0.800420 0.316993 0.022059 0.043884
3 0.853204 0.209617 0.019433 0.040149
3 0.690126 0.383754 0.026261 0.041083
3 0.602679 0.576097 0.014181 0.037348
3 0.829569 0.218487 0.024685 0.044818
