0 0.725818 0.516534 0.026042 0.041005
0 0.990699 0.265212 0.015625 0.027778
0 0.853423 0.708333 0.022321 0.027778
0 0.837426 0.674603 0.027530 0.034392
0 0.871652 0.592593 0.020089 0.047619
0 0.889509 0.655423 0.021577 0.048942
0 0.124628 0.601190 0.030506 0.035714
0 0.197545 0.489418 0.026042 0.034392
0 0.010045 0.620370 0.021577 0.047619
0 0.853051 0.172619 0.027530 0.035714
1 0.959449 0.113757 0.031994 0.042328
0 0.713542 0.148810 0.025298 0.043651
0 0.738839 0.226852 0.031250 0.030423
0 0.294643 0.230159 0.019345 0.055556
0 0.257068 0.208333 0.018601 0.048942
0 0.249256 0.155423 0.019345 0.054233
0 0.282366 0.150794 0.018601 0.044974
0 0.329985 0.176587 0.023065 0.048942
0 0.155878 0.645503 0.029018 0.039683
0 0.193080 0.625000 0.027530 0.033069
2 0.743304 0.296296 0.063988 0.031746
0 0.593750 0.169974 0.026786 0.041005
3 0.340030 0.242725 0.010417 0.030423
0 0.220238 0.550265 0.026786 0.034392
0 0.289435 0.503307 0.023810 0.041005
0 0.450893 0.872354 0.020833 0.048942
0 0.248140 0.589286 0.030506 0.035714
0 0.642485 0.740741 0.027530 0.034392
1 0.684896 0.683862 0.027530 0.042328
1 0.785714 0.537698 0.023810 0.041005
0 0.142485 0.628307 0.024554 0.034392
0 0.202753 0.587963 0.029018 0.035714
3 0.250000 0.544312 0.013393 0.019841
0 0.279018 0.544974 0.026786 0.034392
0 0.633557 0.658730 0.024554 0.042328
0 0.653274 0.680556 0.025298 0.041005
0 0.665179 0.610450 0.023810 0.041005
0 0.680804 0.635582 0.023810 0.041005
0 0.696057 0.564153 0.026042 0.038360
0 0.707217 0.596561 0.024554 0.037037
0 0.036086 0.218915 0.029018 0.038360
