0 0.692489 0.111111 0.057248 0.076564
0 0.890494 0.133053 0.053046 0.066293
0 0.885504 0.020542 0.033613 0.042951
0 0.822216 0.277311 0.035189 0.095238
0 0.596113 0.104575 0.039916 0.087768
0 0.672794 0.187675 0.037815 0.089636
0 0.644958 0.276844 0.038866 0.088702
0 0.822216 0.364613 0.059349 0.070028
0 0.857405 0.405696 0.061450 0.070028
0 0.845851 0.476190 0.065651 0.067227
0 0.787027 0.436975 0.040441 0.095238
0 0.780200 0.516340 0.057248 0.067227
0 0.729779 0.604575 0.038340 0.099907
0 0.564601 0.303922 0.040966 0.094304
0 0.549632 0.375350 0.056197 0.076564
0 0.522847 0.438842 0.046744 0.097106
0 0.481092 0.425770 0.031513 0.112045
0 0.412815 0.410364 0.057773 0.077498
0 0.326155 0.323063 0.061975 0.076564
0 0.753151 0.800654 0.070378 0.077498
0 0.552258 0.728291 0.040441 0.112045
0 0.408351 0.568161 0.062500 0.099907
0 0.323792 0.541083 0.062500 0.077498
0 0.303834 0.497199 0.059349 0.083100
0 0.310399 0.240430 0.059874 0.077498
0 0.234769 0.199346 0.057773 0.066293
1 0.115809 0.212885 0.081408 0.095238
0 0.170956 0.346405 0.050945 0.078431
0 0.663078 0.918768 0.049895 0.121382
0 0.412815 0.675537 0.049370 0.088702
0 0.478992 0.813259 0.046218 0.117647
3 0.652311 0.475257 0.015756 0.044818
3 0.779937 0.286648 0.015756 0.044818
3 0.495536 0.977124 0.016282 0.042017
3 0.676733 0.673203 0.015231 0.050420
3 0.728992 0.568627 0.017857 0.056022
