0 0.734003 0.509259 0.024554 0.042328
0 0.852307 0.710979 0.023065 0.027778
0 0.837426 0.679894 0.024554 0.031746
0 0.871652 0.591931 0.021577 0.043651
0 0.888765 0.653439 0.021577 0.044974
0 0.125000 0.598545 0.026786 0.038360
0 0.198661 0.491402 0.026786 0.035714
0 0.011905 0.618386 0.023810 0.048942
0 0.853423 0.177249 0.026786 0.031746
1 0.960565 0.117725 0.031250 0.037037
1 0.712054 0.150132 0.020833 0.041005
0 0.738839 0.231481 0.025298 0.023810
0 0.297991 0.229497 0.020089 0.056878
0 0.258929 0.208995 0.020833 0.050265
0 0.248884 0.155423 0.020089 0.054233
0 0.283110 0.151455 0.018601 0.043651
0 0.329985 0.177910 0.023065 0.048942
0 0.109375 0.680556 0.034226 0.038360
0 0.165179 0.640873 0.029762 0.038360
2 0.743304 0.295635 0.063988 0.030423
0 0.596354 0.171958 0.026042 0.042328
3 0.649554 0.284392 0.010417 0.015873
3 0.322173 0.281746 0.014881 0.039683
3 0.807292 0.218254 0.011905 0.021164
3 0.531622 0.935847 0.011161 0.030423
3 0.213914 0.675926 0.011161 0.015873
3 0.322173 0.140212 0.011905 0.034392
3 0.350446 0.240079 0.008929 0.019841
3 0.704985 0.311508 0.015625 0.019841
3 0.945685 0.249339 0.017857 0.019841
0 0.246280 0.554233 0.026786 0.037037
0 0.329985 0.503307 0.024554 0.030423
0 0.336310 0.373677 0.013393 0.046296
0 0.335938 0.292989 0.020089 0.043651
0 0.078125 0.732804 0.026786 0.034392
0 0.225074 0.604497 0.031994 0.037037
0 0.341890 0.578704 0.031994 0.030423
1 0.406994 0.623016 0.029762 0.039683
1 0.469122 0.714286 0.026042 0.037037
0 0.398065 0.451058 0.032738 0.037037
0 0.441964 0.449735 0.023810 0.023810
0 0.501488 0.421958 0.028274 0.029101
3 0.465402 0.402778 0.012649 0.019841
0 0.640625 0.373677 0.026786 0.025132
0 0.646205 0.642857 0.027530 0.039683
0 0.654390 0.679894 0.027530 0.044974
0 0.671875 0.605820 0.025298 0.039683
0 0.683408 0.634259 0.027530 0.043651
0 0.699033 0.562169 0.024554 0.039683
0 0.799851 0.445767 0.025298 0.039683
0 0.813244 0.464947 0.028274 0.046296
0 0.038318 0.217593 0.026042 0.038360
