0 0.676711 0.595899 0.024554 0.041005
0 0.693080 0.617725 0.026042 0.042328
0 0.853423 0.708333 0.022321 0.027778
0 0.837426 0.675265 0.027530 0.033069
0 0.870908 0.592593 0.020089 0.047619
0 0.889137 0.655423 0.020833 0.046296
0 0.633929 0.987434 0.016369 0.022487
0 0.119792 0.606481 0.031250 0.038360
0 0.196057 0.490079 0.026042 0.035714
0 0.009301 0.621693 0.020089 0.044974
0 0.853051 0.174603 0.027530 0.037037
1 0.959449 0.113757 0.031994 0.042328
0 0.713542 0.148810 0.025298 0.043651
0 0.738839 0.228175 0.031250 0.030423
0 0.293899 0.231481 0.019345 0.055556
0 0.255952 0.208333 0.017857 0.048942
0 0.248884 0.156085 0.018601 0.052910
0 0.281622 0.150794 0.018601 0.044974
0 0.327009 0.181878 0.021577 0.056878
0 0.201637 0.621693 0.034226 0.039683
0 0.270833 0.578704 0.031250 0.035714
0 0.345982 0.182540 0.011905 0.029101
2 0.743304 0.296296 0.063988 0.031746
0 0.593750 0.169974 0.026786 0.041005
3 0.339286 0.240079 0.010417 0.030423
0 0.047619 0.675265 0.026786 0.041005
0 0.165551 0.609127 0.023065 0.041005
0 0.341518 0.505952 0.031250 0.043651
0 0.862723 0.425265 0.027530 0.041005
1 0.964286 0.331349 0.034226 0.043651
3 0.117560 0.631614 0.011905 0.019841
0 0.075521 0.683201 0.027530 0.038360
0 0.537574 0.880291 0.023065 0.043651
0 0.564732 0.790344 0.023810 0.041005
0 0.606399 0.775132 0.023810 0.044974
0 0.625372 0.679233 0.024554 0.041005
0 0.647693 0.703042 0.023065 0.041005
0 0.034598 0.220899 0.029018 0.037037
