0 0.853423 0.716931 0.023810 0.023810
0 0.836682 0.685847 0.024554 0.027778
0 0.872768 0.601190 0.019345 0.046296
0 0.881324 0.691799 0.012649 0.047619
0 0.126488 0.597222 0.028274 0.033069
0 0.200149 0.487434 0.026786 0.035714
0 0.013393 0.612434 0.023810 0.050265
0 0.855655 0.183862 0.026786 0.031746
1 0.961310 0.124339 0.031250 0.037037
1 0.715774 0.156746 0.020833 0.041005
0 0.740699 0.235450 0.026042 0.023810
0 0.299851 0.229497 0.019345 0.056878
0 0.260417 0.207672 0.019345 0.047619
0 0.251116 0.156746 0.018601 0.054233
0 0.284226 0.151455 0.017857 0.046296
0 0.310640 0.051587 0.023065 0.047619
2 0.745164 0.302910 0.063244 0.031746
0 0.597098 0.173280 0.026042 0.042328
0 0.347842 0.073413 0.017113 0.043651
0 0.031250 0.686508 0.026786 0.031746
0 0.353795 0.570767 0.027530 0.038360
0 0.421503 0.678571 0.026042 0.047619
0 0.343006 0.337963 0.016369 0.054233
3 0.322173 0.281746 0.014881 0.039683
3 0.193824 0.592593 0.014137 0.021164
3 0.805804 0.218254 0.011905 0.021164
3 0.611607 0.666005 0.014881 0.019841
3 0.433408 0.795635 0.011161 0.025132
3 0.317336 0.113757 0.012649 0.034392
0 0.654018 0.342593 0.028274 0.029101
0 0.575149 0.394180 0.025298 0.026455
0 0.207589 0.644841 0.031250 0.038360
1 0.238467 0.623016 0.029018 0.029101
1 0.269717 0.609788 0.031994 0.037037
0 0.747396 0.349206 0.031994 0.026455
0 0.604539 0.382275 0.024554 0.023810
0 0.644717 0.380952 0.029018 0.026455
0 0.646949 0.645503 0.027530 0.039683
0 0.654018 0.683862 0.026786 0.042328
0 0.673735 0.607143 0.027530 0.039683
0 0.688616 0.628968 0.026042 0.043651
0 0.776414 0.474206 0.026042 0.038360
0 0.467634 0.668651 0.024554 0.048942
0 0.041667 0.214286 0.025298 0.034392
