0 0.821801 0.401455 0.029018 0.041005
0 0.852307 0.712302 0.023065 0.025132
0 0.837426 0.680556 0.024554 0.030423
0 0.870908 0.596561 0.018601 0.044974
0 0.883929 0.666667 0.019345 0.044974
0 0.122024 0.602513 0.028274 0.033069
0 0.198661 0.491402 0.026786 0.035714
0 0.011905 0.619709 0.023810 0.048942
0 0.853423 0.177249 0.026786 0.031746
1 0.960565 0.117725 0.031250 0.037037
1 0.712054 0.152778 0.020833 0.041005
0 0.738095 0.231481 0.025298 0.023810
0 0.297991 0.229497 0.020089 0.056878
0 0.258929 0.208995 0.020833 0.050265
0 0.247768 0.156085 0.019345 0.055556
0 0.283110 0.152116 0.018601 0.044974
0 0.329985 0.177910 0.023065 0.046296
0 0.061384 0.708333 0.031994 0.041005
2 0.741815 0.298280 0.063988 0.033069
0 0.595610 0.171958 0.026042 0.042328
0 0.069568 0.665344 0.030506 0.034392
3 0.720982 0.333995 0.011905 0.019841
3 0.319196 0.281746 0.014881 0.039683
3 0.802455 0.205688 0.011161 0.019841
3 0.557664 0.728175 0.011161 0.030423
3 0.286830 0.634921 0.011161 0.015873
3 0.332961 0.197090 0.011161 0.034392
3 0.330357 0.113095 0.008929 0.022487
3 0.786830 0.320767 0.018601 0.019841
0 0.441964 0.414021 0.028274 0.037037
0 0.494420 0.423280 0.024554 0.029101
0 0.324405 0.236111 0.020833 0.046296
0 0.302455 0.142857 0.021577 0.042328
0 0.150670 0.649471 0.031994 0.037037
0 0.238467 0.627646 0.029018 0.033069
1 0.300223 0.593254 0.031994 0.033069
1 0.358631 0.601190 0.029762 0.027778
0 0.543527 0.359127 0.030506 0.035714
0 0.548735 0.396825 0.024554 0.023810
0 0.607515 0.382275 0.029018 0.026455
3 0.609375 0.345238 0.011905 0.015873
0 0.861607 0.329365 0.028274 0.037037
0 0.646205 0.642857 0.027530 0.039683
0 0.653646 0.680556 0.026042 0.043651
0 0.670387 0.604497 0.026786 0.042328
0 0.680432 0.634259 0.027530 0.046296
0 0.695685 0.561508 0.025298 0.041005
0 0.960938 0.299603 0.027530 0.027778
0 0.702009 0.641534 0.024554 0.047619
0 0.037946 0.217593 0.025298 0.038360
