0 0.033613 0.300654 0.033613 0.059757
0 0.037027 0.238095 0.039391 0.056022
0 0.504202 0.865079 0.036765 0.058824
3 0.482405 0.553688 0.013130 0.022409
3 0.405725 0.707750 0.009979 0.022409
3 0.544380 0.322129 0.015231 0.028011
0 0.310399 0.588702 0.039916 0.040149
0 0.328519 0.556022 0.038340 0.045752
0 0.338761 0.517740 0.038866 0.045752
0 0.255777 0.556956 0.039916 0.045752
0 0.284401 0.528945 0.038340 0.042017
0 0.290179 0.484594 0.039391 0.046685
0 0.215336 0.528478 0.037815 0.037348
0 0.233981 0.497199 0.040441 0.045752
0 0.243960 0.452848 0.034139 0.041083
0 0.168330 0.504669 0.041492 0.045752
0 0.186450 0.468721 0.039916 0.048553
0 0.179884 0.419701 0.038340 0.045752
0 0.716912 0.680672 0.040966 0.044818
0 0.757353 0.664332 0.040966 0.047619
0 0.721113 0.588702 0.036765 0.040149
0 0.742910 0.559290 0.040441 0.044818
0 0.750263 0.706816 0.034139 0.037348
0 0.860032 0.726891 0.040441 0.047619
0 0.896796 0.698880 0.043592 0.047619
0 0.802258 0.597572 0.040441 0.046685
0 0.790179 0.730626 0.038340 0.043884
0 0.836922 0.760037 0.040441 0.044818
0 0.881565 0.784314 0.042542 0.046685
0 0.925158 0.808123 0.040441 0.045752
0 0.021008 0.353408 0.042017 0.040149
0 0.111607 0.473389 0.041492 0.048553
0 0.069328 0.442110 0.039916 0.049486
0 0.117647 0.288982 0.038866 0.043884
0 0.170693 0.316527 0.044118 0.050420
0 0.073004 0.279645 0.039916 0.040149
2 0.470326 0.795051 0.061450 0.146592
0 0.597164 0.800187 0.036765 0.044818
0 0.743960 0.815126 0.035189 0.037348
1 0.549895 0.576564 0.029412 0.062558
1 0.454569 0.745565 0.079307 0.208217
0 0.395746 0.836601 0.030987 0.067227
0 0.658088 0.312325 0.026261 0.062558
0 0.591912 0.557423 0.021008 0.072829
0 0.601891 0.433240 0.024160 0.069094
2 0.597426 0.261905 0.063550 0.139122
0 0.716912 0.146592 0.032563 0.065359
0 0.751838 0.062558 0.030987 0.061625
0 0.653887 0.197012 0.027311 0.063492
0 0.644433 0.152661 0.029412 0.062558
0 0.972952 0.836134 0.048845 0.049486
0 0.039916 0.401027 0.025210 0.066293
0 0.014181 0.409430 0.029412 0.043884
