0 0.353204 0.399160 0.036239 0.051354
0 0.616334 0.765173 0.043592 0.043884
0 0.683298 0.846872 0.044118 0.037348
0 0.677521 0.701681 0.037815 0.064426
0 0.406513 0.803455 0.034664 0.079365
0 0.449317 0.771242 0.029937 0.070962
0 0.353992 0.304388 0.044118 0.048553
0 0.380777 0.640990 0.044118 0.051354
0 0.426996 0.613912 0.038866 0.045752
0 0.456408 0.584967 0.042017 0.047619
0 0.269958 0.570962 0.048319 0.049486
0 0.316176 0.550887 0.044118 0.048553
0 0.270483 0.465453 0.044118 0.053221
0 0.169643 0.510271 0.037815 0.043884
0 0.218750 0.492063 0.045693 0.046685
0 0.202468 0.427638 0.037290 0.044818
0 0.113183 0.485061 0.046744 0.047619
0 0.138655 0.449113 0.043067 0.041083
0 0.156775 0.401494 0.041492 0.046685
0 0.754989 0.681139 0.042542 0.047619
0 0.690651 0.593371 0.040966 0.045752
0 0.664128 0.518207 0.039391 0.042951
0 0.730042 0.506069 0.040966 0.044818
0 0.796481 0.707750 0.033088 0.039216
0 0.800158 0.654995 0.042542 0.047619
0 0.785977 0.590103 0.042542 0.050420
0 0.818277 0.553221 0.048319 0.049486
0 0.841912 0.730626 0.040966 0.047619
0 0.865546 0.633520 0.044118 0.045752
0 0.897584 0.766573 0.046218 0.050420
0 0.944853 0.675537 0.046218 0.047619
0 0.947742 0.792717 0.045693 0.050420
0 0.989496 0.818394 0.018908 0.053221
1 0.757878 0.750700 0.066176 0.070962
0 0.245798 0.290383 0.044118 0.054155
1 0.105567 0.190943 0.047269 0.056956
0 0.098214 0.375350 0.045168 0.050420
0 0.083508 0.413632 0.040966 0.052288
0 0.053046 0.457516 0.043067 0.048553
0 0.042542 0.345472 0.040966 0.044818
0 0.053571 0.231559 0.047269 0.050420
0 0.915966 0.616246 0.046218 0.054155
0 0.405987 0.891690 0.034664 0.082166
0 0.508929 0.341737 0.049370 0.061625
0 0.654937 0.194211 0.026261 0.069094
0 0.683298 0.126050 0.030462 0.067227
0 0.637080 0.137255 0.032563 0.070962
0 0.709034 0.042017 0.031513 0.067227
0 0.676208 0.041083 0.033088 0.072829
3 0.529412 0.276844 0.012605 0.025210
