0 0.801733 0.485528 0.053046 0.091503
0 0.403887 0.669935 0.064076 0.118581
0 0.667542 0.882353 0.066176 0.061625
0 0.709559 0.799253 0.059874 0.104575
0 0.766019 0.707750 0.056197 0.117647
0 0.826418 0.597572 0.054097 0.104575
0 0.547794 0.815593 0.060924 0.111111
0 0.931723 0.502801 0.058824 0.060691
0 0.880252 0.459851 0.056723 0.098039
0 0.951681 0.459384 0.063025 0.056022
0 0.937763 0.373483 0.046744 0.078431
0 0.648634 0.448179 0.044118 0.100840
0 0.551996 0.639589 0.056723 0.098973
0 0.749737 0.301587 0.053046 0.093371
0 0.789391 0.227358 0.059874 0.062558
0 0.722952 0.194678 0.060399 0.060691
0 0.946429 0.119981 0.051471 0.084967
0 0.443540 0.775444 0.068803 0.064426
0 0.846901 0.143324 0.049895 0.088702
0 0.886029 0.076564 0.050420 0.082166
3 0.588235 0.924837 0.019958 0.043884
3 0.897321 0.361345 0.018382 0.050420
3 0.850840 0.249767 0.022059 0.043884
3 0.892069 0.147993 0.019433 0.040149
3 0.695378 0.379552 0.025210 0.040149
3 0.836397 0.220822 0.019433 0.043884
