0 0.388655 0.563959 0.039916 0.108310
0 0.534926 0.973856 0.037290 0.048553
0 0.511029 0.886555 0.045168 0.124183
0 0.475840 0.694678 0.040966 0.112045
0 0.450105 0.586368 0.040966 0.108310
0 0.430147 0.471055 0.050420 0.101774
0 0.398372 0.343137 0.044643 0.094304
0 0.346639 0.594304 0.043067 0.112979
0 0.388130 0.151261 0.040966 0.084034
0 0.353992 0.206349 0.037815 0.097106
0 0.374475 0.112045 0.040966 0.089636
0 0.330095 0.085901 0.034139 0.076564
0 0.250263 0.532213 0.050945 0.093371
0 0.309611 0.777311 0.046744 0.120448
0 0.216649 0.312325 0.039391 0.094304
0 0.190126 0.215686 0.037815 0.100840
0 0.141807 0.293184 0.053571 0.091503
0 0.171744 0.095238 0.042017 0.093371
3 0.335872 0.274510 0.019433 0.044818
3 0.234506 0.430439 0.015231 0.052288
