0 0.030200 0.302521 0.037290 0.061625
0 0.032563 0.241830 0.040966 0.057890
0 0.991071 0.974323 0.016807 0.049486
0 0.635504 0.385621 0.028361 0.061625
0 0.596113 0.785714 0.043067 0.043884
0 0.525735 0.649860 0.034664 0.072829
0 0.520483 0.828198 0.035714 0.056022
0 0.452994 0.846405 0.027836 0.060691
0 0.561712 0.444911 0.030987 0.066293
2 0.611345 0.221755 0.073529 0.174603
1 0.472426 0.873016 0.034139 0.074697
0 0.950105 0.631186 0.037815 0.044818
0 0.661502 0.091503 0.028887 0.061625
3 0.231618 0.223623 0.016807 0.019608
0 0.308561 0.588702 0.040441 0.040149
0 0.327206 0.555556 0.037815 0.046685
0 0.336134 0.516340 0.038866 0.044818
0 0.254202 0.557423 0.039916 0.046685
0 0.282038 0.528945 0.037815 0.042017
0 0.288603 0.481793 0.039391 0.046685
0 0.213761 0.525677 0.036765 0.039216
0 0.231880 0.497199 0.040441 0.045752
0 0.240021 0.450980 0.034664 0.039216
0 0.166754 0.503268 0.041492 0.044818
0 0.183298 0.468721 0.039916 0.048553
0 0.199842 0.429972 0.038340 0.045752
0 0.716912 0.674136 0.040966 0.044818
0 0.718225 0.633987 0.036239 0.046685
0 0.721376 0.583100 0.036239 0.040149
0 0.743435 0.553688 0.040441 0.044818
0 0.751050 0.700280 0.034664 0.037348
0 0.770221 0.661531 0.040441 0.047619
0 0.790441 0.626984 0.042017 0.047619
0 0.799107 0.588702 0.040441 0.047619
0 0.789391 0.724556 0.038866 0.044818
0 0.836922 0.754435 0.040441 0.044818
0 0.881303 0.778711 0.043067 0.046685
0 0.925158 0.800654 0.040441 0.047619
1 0.676471 0.130252 0.046218 0.103641
0 0.149947 0.403361 0.040441 0.044818
0 0.096901 0.408030 0.040441 0.056022
0 0.108981 0.475257 0.041492 0.048553
0 0.065914 0.442110 0.041492 0.049486
0 0.102941 0.280579 0.038866 0.043884
0 0.166492 0.314659 0.044118 0.050420
0 0.065651 0.281513 0.039916 0.043884
2 0.444065 0.485528 0.069853 0.134454
1 0.681723 0.191877 0.029412 0.062558
0 0.816176 0.837068 0.042017 0.049486
0 0.699842 0.765173 0.036239 0.049486
2 0.342962 0.334267 0.087185 0.084034
0 0.517069 0.560224 0.027836 0.067227
0 0.507616 0.517274 0.029937 0.057890
0 0.972426 0.829599 0.048845 0.049486
0 0.039391 0.401494 0.025210 0.067227
0 0.013393 0.409430 0.027836 0.043884
