0 0.731027 0.512566 0.027530 0.041005
0 0.852307 0.710979 0.023065 0.027778
0 0.837426 0.679894 0.024554 0.031746
0 0.871280 0.591931 0.022321 0.043651
0 0.889137 0.652116 0.022321 0.044974
0 0.125000 0.598545 0.026786 0.038360
0 0.198661 0.491402 0.026786 0.035714
0 0.011905 0.618386 0.023810 0.048942
0 0.853423 0.177249 0.026786 0.031746
1 0.960565 0.117725 0.031250 0.037037
1 0.712054 0.150132 0.020833 0.041005
0 0.738839 0.231481 0.025298 0.023810
0 0.297991 0.229497 0.020089 0.056878
0 0.258929 0.208995 0.020833 0.050265
0 0.248884 0.155423 0.020089 0.054233
0 0.283110 0.151455 0.018601 0.043651
0 0.329985 0.177910 0.023065 0.048942
0 0.117932 0.676587 0.027530 0.035714
0 0.171875 0.637566 0.026786 0.034392
2 0.743304 0.295635 0.063988 0.030423
0 0.596354 0.171958 0.026042 0.042328
3 0.645089 0.283069 0.011905 0.015873
3 0.322173 0.281746 0.014881 0.039683
3 0.808036 0.219577 0.011905 0.021164
3 0.530134 0.958333 0.011161 0.030423
3 0.206473 0.679894 0.011161 0.015873
3 0.321429 0.134921 0.011905 0.034392
3 0.351190 0.245370 0.008929 0.019841
3 0.701265 0.308201 0.015625 0.018519
3 0.940476 0.253307 0.017857 0.019841
0 0.223958 0.564153 0.026786 0.035714
0 0.312128 0.512566 0.024554 0.030423
0 0.335938 0.385582 0.014137 0.054233
0 0.337426 0.305556 0.018601 0.044974
0 0.097842 0.720238 0.027530 0.035714
0 0.229539 0.601852 0.031994 0.037037
0 0.353051 0.579365 0.031994 0.031746
1 0.419271 0.632937 0.030506 0.038360
1 0.481027 0.726190 0.026042 0.037037
0 0.381324 0.460317 0.027530 0.037037
0 0.430804 0.456349 0.023810 0.023810
0 0.489583 0.428571 0.028274 0.029101
3 0.451265 0.406746 0.012649 0.019841
0 0.617560 0.381614 0.025298 0.025132
0 0.646205 0.642857 0.027530 0.039683
0 0.654390 0.680556 0.027530 0.043651
0 0.671875 0.605820 0.025298 0.039683
0 0.683780 0.634921 0.026786 0.042328
0 0.699033 0.561508 0.024554 0.041005
0 0.787202 0.469577 0.025298 0.037037
0 0.823661 0.450397 0.026786 0.048942
0 0.038318 0.217593 0.026042 0.038360
