0 0.698289 0.555556 0.024554 0.042328
0 0.768229 0.498016 0.031994 0.043651
0 0.853423 0.708333 0.022321 0.027778
0 0.837426 0.674603 0.027530 0.034392
0 0.871280 0.592593 0.019345 0.047619
0 0.889881 0.658730 0.020833 0.047619
0 0.122768 0.605159 0.031250 0.038360
0 0.196057 0.490741 0.026042 0.034392
0 0.009301 0.622354 0.020089 0.046296
0 0.853051 0.174603 0.027530 0.037037
1 0.959449 0.113757 0.031994 0.042328
0 0.713542 0.148810 0.025298 0.043651
0 0.738839 0.228175 0.031250 0.030423
0 0.293155 0.231481 0.019345 0.055556
0 0.256324 0.208333 0.018601 0.048942
0 0.248884 0.156085 0.018601 0.052910
0 0.281622 0.150794 0.018601 0.044974
0 0.327009 0.180556 0.021577 0.056878
0 0.164435 0.646825 0.026786 0.042328
0 0.209077 0.615079 0.026786 0.037037
0 0.327381 0.085317 0.013393 0.035714
2 0.743304 0.296296 0.063988 0.031746
0 0.593750 0.169974 0.026786 0.041005
3 0.339286 0.241402 0.010417 0.030423
0 0.120908 0.628307 0.026042 0.037037
0 0.206473 0.570106 0.024554 0.042328
0 0.277158 0.575397 0.031994 0.037037
0 0.770461 0.543651 0.024554 0.042328
1 0.839286 0.443122 0.025298 0.039683
1 0.970982 0.335317 0.022321 0.027778
0 0.047991 0.690476 0.033482 0.039683
3 0.165923 0.592593 0.011905 0.021164
0 0.158854 0.621693 0.026042 0.039683
0 0.590030 0.742725 0.023810 0.041005
0 0.607515 0.810185 0.024554 0.046296
0 0.624256 0.678571 0.023810 0.042328
0 0.657738 0.675926 0.025298 0.042328
0 0.665551 0.609788 0.026042 0.039683
0 0.691592 0.623016 0.024554 0.042328
0 0.034598 0.220899 0.029018 0.037037
