0 0.852307 0.724206 0.021577 0.027778
0 0.836682 0.691138 0.024554 0.030423
0 0.872396 0.608466 0.017113 0.047619
0 0.881696 0.673942 0.013393 0.043651
0 0.124628 0.597222 0.027530 0.033069
0 0.200893 0.487434 0.026786 0.035714
0 0.011533 0.609788 0.023065 0.052910
0 0.857143 0.187169 0.028274 0.030423
1 0.963542 0.132275 0.031250 0.037037
1 0.717262 0.160714 0.020833 0.041005
0 0.740699 0.240741 0.026042 0.023810
0 0.300967 0.229497 0.018601 0.056878
0 0.260417 0.205688 0.019345 0.043651
0 0.252976 0.156746 0.017857 0.054233
0 0.285342 0.151455 0.017113 0.046296
2 0.751488 0.308201 0.065476 0.031746
0 0.597842 0.179894 0.024554 0.039683
0 0.359747 0.119709 0.018601 0.046296
0 0.380580 0.234127 0.018601 0.039683
0 0.399182 0.328704 0.018601 0.046296
0 0.421875 0.445106 0.014881 0.038360
0 0.188244 0.568783 0.026786 0.034392
0 0.463914 0.753307 0.024554 0.051587
0 0.489583 0.860450 0.019345 0.051587
3 0.347842 0.031085 0.011161 0.022487
3 0.328125 0.306217 0.014881 0.038360
3 0.362723 0.562169 0.014137 0.021164
3 0.615327 0.663360 0.014881 0.019841
3 0.482143 0.941799 0.010417 0.021164
0 0.863467 0.336640 0.030506 0.033069
0 0.575149 0.398148 0.025298 0.026455
0 0.207217 0.643519 0.030506 0.038360
1 0.236979 0.623016 0.029018 0.029101
1 0.268973 0.607143 0.030506 0.031746
0 0.926339 0.319444 0.032738 0.030423
0 0.604539 0.386243 0.024554 0.023810
0 0.644717 0.384921 0.029018 0.026455
0 0.646949 0.648148 0.027530 0.039683
0 0.654390 0.689153 0.027530 0.039683
0 0.680432 0.601852 0.027530 0.039683
0 0.692708 0.626984 0.026786 0.042328
0 0.407366 0.480820 0.018601 0.054233
0 0.041667 0.210979 0.026786 0.033069
