0 0.821691 0.853875 0.066702 0.073763
0 0.950105 0.467787 0.066176 0.070962
0 0.978204 0.642857 0.041492 0.071895
0 0.922532 0.671802 0.062500 0.073763
0 0.837447 0.593371 0.040441 0.107376
0 0.798057 0.640990 0.044643 0.101774
0 0.747111 0.647059 0.035189 0.102708
0 0.715336 0.584034 0.059874 0.098039
0 0.665441 0.492530 0.046218 0.107376
0 0.632878 0.330532 0.044118 0.098973
0 0.602941 0.605976 0.038866 0.115780
0 0.550158 0.488329 0.062500 0.070962
0 0.552784 0.436508 0.059349 0.062558
0 0.653624 0.246032 0.043592 0.094304
0 0.609506 0.138655 0.038340 0.088702
1 0.513130 0.044351 0.052521 0.090570
0 0.509716 0.182073 0.049895 0.056022
0 0.569328 0.694211 0.059874 0.070028
0 0.571691 0.879085 0.064601 0.081232
0 0.464548 0.953315 0.066702 0.082166
3 0.594013 0.980392 0.025210 0.037348
