0 0.849790 0.932306 0.071429 0.053221
0 0.834559 0.788982 0.040966 0.123249
0 0.856092 0.611111 0.036765 0.118581
0 0.257090 0.908030 0.070903 0.083100
0 0.733456 0.831466 0.054097 0.127918
0 0.727679 0.670868 0.057248 0.103641
0 0.747111 0.608777 0.053046 0.104575
0 0.904937 0.576564 0.044118 0.114846
0 0.896796 0.425303 0.030987 0.096172
1 0.842437 0.218954 0.044118 0.122316
0 0.788866 0.356209 0.049370 0.077498
0 0.673319 0.870215 0.058824 0.106443
0 0.611870 0.985994 0.063025 0.026144
0 0.502363 0.951914 0.071954 0.079365
0 0.429359 0.911765 0.068803 0.092437
0 0.325368 0.836134 0.048845 0.111111
0 0.261029 0.799253 0.064076 0.082166
0 0.188813 0.741363 0.075105 0.072829
0 0.103204 0.691410 0.067752 0.073763
0 0.117910 0.914099 0.071954 0.084034
3 0.060662 0.751634 0.030987 0.033613
