0 0.853051 0.709656 0.026042 0.030423
0 0.837798 0.675926 0.026786 0.031746
0 0.869792 0.593254 0.020833 0.051587
0 0.887649 0.656746 0.020833 0.048942
0 0.929315 0.372354 0.032738 0.038360
0 0.915179 0.358466 0.031250 0.042328
0 0.123512 0.605159 0.031250 0.035714
0 0.195685 0.492725 0.029762 0.038360
0 0.009673 0.621693 0.020833 0.050265
0 0.851190 0.174603 0.029762 0.034392
1 0.955729 0.114418 0.036458 0.041005
0 0.712054 0.150794 0.026786 0.044974
0 0.736979 0.230820 0.030506 0.030423
0 0.296131 0.232143 0.020833 0.056878
0 0.255952 0.208995 0.017857 0.050265
0 0.247024 0.158069 0.020833 0.051587
0 0.279762 0.151455 0.019345 0.048942
0 0.331473 0.201720 0.021577 0.054233
0 0.314732 0.135582 0.020833 0.056878
0 0.303943 0.066138 0.021577 0.055556
0 0.353795 0.220899 0.015625 0.039683
0 0.278274 0.039021 0.020833 0.048942
0 0.801339 0.335317 0.032738 0.033069
2 0.739955 0.296958 0.067708 0.038360
0 0.591890 0.171958 0.029018 0.042328
0 0.111235 0.736772 0.031994 0.037037
3 0.371652 0.459656 0.011161 0.033069
3 0.132812 0.702381 0.015625 0.018519
3 0.367188 0.687831 0.011161 0.023810
3 0.526042 0.744709 0.010417 0.021164
0 0.546503 0.761243 0.012649 0.022487
0 0.391369 0.123016 0.013393 0.026455
