0 0.021796 0.334267 0.027836 0.072829
0 0.019958 0.270308 0.033613 0.066293
0 0.980305 0.886088 0.034139 0.048553
0 0.693540 0.152194 0.026786 0.056022
0 0.378676 0.967787 0.031513 0.062558
2 0.420956 0.767040 0.075105 0.187675
1 0.763130 0.020075 0.031513 0.042017
0 0.681723 0.330532 0.022059 0.059757
0 0.648897 0.281513 0.030987 0.062558
0 0.485294 0.583567 0.028361 0.061625
0 0.590861 0.478058 0.031513 0.063492
0 0.654149 0.190943 0.027836 0.056956
0 0.594800 0.250233 0.030987 0.063492
0 0.614496 0.256769 0.025210 0.054155
0 0.657826 0.093838 0.027836 0.062558
0 0.306723 0.588702 0.040966 0.040149
0 0.325105 0.554155 0.037815 0.047619
0 0.332983 0.514472 0.038866 0.044818
0 0.252101 0.557890 0.039916 0.047619
0 0.279412 0.528945 0.037815 0.042017
0 0.285452 0.481793 0.039391 0.046685
0 0.212185 0.526144 0.034664 0.040149
0 0.230830 0.498133 0.040441 0.045752
0 0.240021 0.450980 0.034664 0.039216
0 0.164128 0.506069 0.041492 0.044818
0 0.182773 0.467320 0.040966 0.049486
0 0.199317 0.430439 0.038340 0.044818
0 0.716912 0.671335 0.040966 0.044818
0 0.719275 0.628385 0.036239 0.046685
0 0.726103 0.580299 0.036239 0.040149
0 0.745798 0.550887 0.040966 0.044818
0 0.753676 0.700280 0.034664 0.037348
0 0.775473 0.662465 0.040441 0.047619
0 0.779412 0.612979 0.042017 0.047619
0 0.803309 0.584034 0.043592 0.049486
0 0.792805 0.720822 0.039391 0.044818
0 0.827731 0.645191 0.040966 0.044818
0 0.841124 0.751634 0.040441 0.044818
0 0.880777 0.774043 0.043067 0.046685
0 0.926733 0.797852 0.040441 0.047619
0 0.471639 0.912232 0.036765 0.065359
1 0.571429 0.448646 0.040966 0.105509
0 0.428046 0.897292 0.031513 0.070962
1 0.478466 0.709617 0.025210 0.070962
0 0.538078 0.357143 0.033088 0.056956
0 0.149422 0.403361 0.040441 0.044818
0 0.134454 0.440243 0.040966 0.043884
0 0.105830 0.476190 0.041492 0.048553
0 0.100840 0.380952 0.040966 0.039216
0 0.063813 0.442110 0.041492 0.049486
0 0.089548 0.271709 0.039391 0.046685
0 0.145483 0.305789 0.045168 0.049486
0 0.053046 0.289916 0.035714 0.049486
0 0.589548 0.341737 0.030987 0.067227
0 0.686450 0.080766 0.026261 0.062558
1 0.543592 0.671335 0.054622 0.121382
3 0.592962 0.164332 0.010504 0.026144
2 0.044643 0.171802 0.082983 0.084034
0 0.972426 0.824930 0.048845 0.049486
0 0.037290 0.401494 0.025210 0.067227
0 0.009454 0.409430 0.019958 0.043884
