0 0.814360 0.410053 0.029018 0.039683
0 0.852307 0.712302 0.023065 0.025132
0 0.837426 0.680556 0.024554 0.030423
0 0.870908 0.596561 0.018601 0.044974
0 0.883929 0.665344 0.019345 0.044974
0 0.122024 0.602513 0.028274 0.033069
0 0.198661 0.491402 0.026786 0.035714
0 0.011905 0.619709 0.023810 0.048942
0 0.853423 0.177249 0.026786 0.031746
1 0.960565 0.117725 0.031250 0.037037
1 0.712054 0.151455 0.020833 0.041005
0 0.738095 0.231481 0.025298 0.023810
0 0.297991 0.229497 0.020089 0.056878
0 0.258929 0.208995 0.020833 0.050265
0 0.247768 0.156085 0.019345 0.055556
0 0.283110 0.152116 0.018601 0.044974
0 0.329985 0.177910 0.023065 0.046296
0 0.068824 0.703042 0.031994 0.035714
2 0.741815 0.298280 0.063988 0.033069
0 0.595610 0.171958 0.026042 0.042328
0 0.059896 0.671958 0.030506 0.034392
3 0.715774 0.331349 0.011905 0.019841
3 0.319940 0.281746 0.014881 0.039683
3 0.802455 0.205688 0.011161 0.019841
3 0.555432 0.736772 0.011161 0.031746
3 0.282366 0.637566 0.011161 0.015873
3 0.332589 0.194444 0.011905 0.034392
3 0.331101 0.123677 0.008929 0.022487
3 0.781622 0.320767 0.018601 0.019841
0 0.431548 0.422619 0.026786 0.038360
0 0.486235 0.426587 0.024554 0.030423
0 0.325521 0.245370 0.020089 0.048942
0 0.304688 0.152116 0.021577 0.042328
0 0.157366 0.645503 0.031994 0.037037
0 0.243676 0.623677 0.029018 0.033069
1 0.305432 0.590608 0.031994 0.033069
1 0.364211 0.603836 0.029018 0.030423
0 0.536086 0.358466 0.030506 0.037037
0 0.544271 0.398148 0.024554 0.023810
0 0.603795 0.382275 0.029018 0.026455
3 0.601935 0.346561 0.011905 0.018519
0 0.850818 0.331349 0.029018 0.027778
0 0.646205 0.642857 0.027530 0.039683
0 0.653646 0.680556 0.026042 0.043651
0 0.670759 0.604497 0.026042 0.042328
0 0.680432 0.634259 0.027530 0.046296
0 0.695685 0.561508 0.025298 0.041005
0 0.951637 0.306878 0.029762 0.031746
0 0.707961 0.630952 0.024554 0.047619
0 0.037946 0.217593 0.025298 0.038360
