0 0.032826 0.301120 0.034139 0.060691
0 0.036239 0.238562 0.039916 0.055089
0 0.565651 0.828198 0.037815 0.046685
0 0.474790 0.871615 0.028361 0.062558
0 0.427784 0.929972 0.034139 0.070962
0 0.692489 0.097106 0.030987 0.061625
3 0.448529 0.648926 0.012605 0.022409
3 0.393908 0.764706 0.010504 0.022409
3 0.510242 0.356209 0.016282 0.023343
0 0.310137 0.588702 0.040441 0.040149
0 0.328519 0.556022 0.038340 0.045752
0 0.338235 0.517740 0.038866 0.045752
0 0.255777 0.556956 0.039916 0.045752
0 0.283876 0.528945 0.038340 0.042017
0 0.289653 0.483660 0.039391 0.046685
0 0.214811 0.528945 0.037815 0.038282
0 0.233456 0.497199 0.040441 0.045752
0 0.243960 0.453782 0.034139 0.042951
0 0.168330 0.504202 0.041492 0.044818
0 0.185924 0.468721 0.039916 0.048553
0 0.199842 0.429972 0.038340 0.045752
0 0.716912 0.678805 0.040966 0.044818
0 0.740284 0.650327 0.040441 0.047619
0 0.720851 0.586835 0.036239 0.040149
0 0.743172 0.558357 0.040966 0.044818
0 0.750263 0.704949 0.034139 0.037348
0 0.820903 0.698880 0.040966 0.047619
0 0.867384 0.680205 0.043592 0.047619
0 0.801996 0.597572 0.040966 0.046685
0 0.790704 0.729225 0.038340 0.044818
0 0.836922 0.759104 0.040441 0.044818
0 0.881565 0.783380 0.042542 0.046685
0 0.925158 0.806723 0.040441 0.046685
0 0.037815 0.354342 0.042017 0.040149
0 0.111082 0.474323 0.041492 0.048553
0 0.069065 0.442110 0.040441 0.049486
0 0.115546 0.288049 0.038866 0.043884
0 0.169643 0.316527 0.044118 0.050420
0 0.069328 0.281046 0.039916 0.041083
2 0.483718 0.749767 0.055672 0.147526
0 0.678046 0.803455 0.040966 0.040149
0 0.834821 0.854809 0.036239 0.038282
1 0.566176 0.524276 0.029412 0.062558
1 0.422006 0.838002 0.082458 0.213819
0 0.351103 0.974323 0.030987 0.047619
0 0.673582 0.239496 0.026786 0.062558
0 0.601628 0.626517 0.027836 0.072829
0 0.596901 0.514472 0.023634 0.069094
2 0.573792 0.307656 0.069853 0.127918
0 0.722164 0.130719 0.032563 0.065359
0 0.759716 0.042484 0.030987 0.056956
0 0.620798 0.289916 0.029412 0.062558
0 0.628676 0.198413 0.029412 0.062558
0 0.972952 0.834267 0.048845 0.049486
0 0.038866 0.401027 0.025210 0.066293
0 0.014181 0.409430 0.029412 0.043884
