0 0.026261 0.318861 0.031513 0.066293
0 0.026786 0.254902 0.039916 0.061625
0 0.733456 0.096172 0.027836 0.056022
0 0.735032 0.822596 0.042542 0.044818
0 0.638918 0.344538 0.034139 0.065359
0 0.653099 0.765173 0.040441 0.043884
0 0.544905 0.581232 0.027836 0.058824
0 0.509716 0.583100 0.030987 0.066293
2 0.540441 0.418768 0.075630 0.178338
1 0.592174 0.531746 0.033088 0.071895
0 0.764968 0.522876 0.036239 0.044818
0 0.492384 0.741830 0.030987 0.071895
0 0.597426 0.267974 0.028887 0.061625
0 0.441964 0.886088 0.032038 0.069094
3 0.021008 0.132586 0.016807 0.018674
0 0.694328 0.056022 0.026261 0.052288
0 0.307773 0.588702 0.040966 0.040149
0 0.326155 0.554622 0.037815 0.046685
0 0.334821 0.515406 0.039391 0.044818
0 0.253414 0.557423 0.039391 0.046685
0 0.280987 0.528945 0.037815 0.042017
0 0.287553 0.481793 0.039391 0.046685
0 0.212973 0.525677 0.035189 0.039216
0 0.231355 0.498133 0.040441 0.045752
0 0.240021 0.451914 0.034664 0.039216
0 0.165704 0.507003 0.041492 0.044818
0 0.183036 0.467787 0.040441 0.048553
0 0.199842 0.430439 0.038340 0.044818
0 0.716912 0.673203 0.040966 0.044818
0 0.718225 0.631186 0.036239 0.046685
0 0.723477 0.582166 0.036239 0.040149
0 0.742647 0.555556 0.040966 0.044818
0 0.752101 0.700280 0.034664 0.037348
0 0.771796 0.661531 0.040441 0.047619
0 0.775735 0.616713 0.042017 0.047619
0 0.799895 0.586835 0.040966 0.047619
0 0.789653 0.721755 0.039391 0.044818
0 0.928309 0.704015 0.040441 0.044818
0 0.837973 0.752568 0.040441 0.044818
0 0.880777 0.777778 0.043067 0.046685
0 0.926208 0.800654 0.040441 0.047619
1 0.620798 0.295518 0.047269 0.099907
0 0.651261 0.115780 0.027311 0.061625
0 0.151523 0.406162 0.040441 0.044818
0 0.135504 0.440243 0.040966 0.043884
0 0.107931 0.476190 0.041492 0.048553
0 0.081408 0.368814 0.040966 0.039216
0 0.065389 0.442110 0.041492 0.049486
0 0.102153 0.281513 0.038340 0.043884
0 0.164391 0.313725 0.044118 0.050420
0 0.061187 0.285714 0.038340 0.046685
0 0.668067 0.142390 0.030462 0.062558
2 0.314076 0.344538 0.085084 0.098973
0 0.928309 0.902894 0.037290 0.050420
2 0.144433 0.219421 0.088235 0.089636
0 0.434086 0.808123 0.032038 0.071895
0 0.413866 0.783380 0.030462 0.061625
0 0.972426 0.827731 0.048845 0.049486
0 0.038866 0.402428 0.025210 0.067227
0 0.013130 0.409430 0.027311 0.043884
