0 0.969800 0.853408 0.051996 0.067227
0 0.893382 0.724556 0.050420 0.106443
0 0.847164 0.747432 0.040966 0.112979
0 0.799370 0.767507 0.042017 0.117647
0 0.766807 0.670401 0.067227 0.085901
0 0.723214 0.546218 0.038866 0.115780
0 0.710084 0.387488 0.036765 0.104575
0 0.654937 0.660131 0.039916 0.123249
0 0.612132 0.526144 0.062500 0.081232
0 0.624475 0.475257 0.058824 0.076564
0 0.746849 0.324930 0.043067 0.098973
0 0.701681 0.190476 0.034664 0.093371
1 0.623424 0.053221 0.048319 0.108310
0 0.604517 0.203548 0.049370 0.059757
0 0.613183 0.741830 0.062500 0.079365
0 0.591124 0.919234 0.063550 0.071895
0 0.479517 0.947712 0.070378 0.070962
