0 0.026523 0.316993 0.033088 0.066293
0 0.027311 0.253501 0.040966 0.060691
0 0.726628 0.114846 0.027836 0.056022
0 0.723214 0.816060 0.043067 0.044818
0 0.630515 0.366480 0.034139 0.066293
0 0.642069 0.766106 0.040441 0.043884
0 0.538078 0.599907 0.027836 0.060691
0 0.514443 0.570028 0.030987 0.066293
2 0.545431 0.404762 0.075105 0.178338
1 0.583771 0.558824 0.034139 0.073763
0 0.772847 0.527544 0.035189 0.044818
0 0.485557 0.762372 0.030987 0.071895
0 0.602679 0.253035 0.028887 0.061625
0 0.435662 0.902894 0.032038 0.069094
3 0.036239 0.139122 0.016807 0.018674
0 0.697479 0.044818 0.026261 0.052288
0 0.308036 0.588702 0.040441 0.040149
0 0.326418 0.554622 0.038340 0.046685
0 0.335084 0.515406 0.038866 0.044818
0 0.253414 0.557423 0.039391 0.046685
0 0.280987 0.528945 0.037815 0.042017
0 0.287553 0.481793 0.039391 0.046685
0 0.212973 0.525677 0.035189 0.039216
0 0.231880 0.497199 0.040441 0.045752
0 0.240021 0.451914 0.034664 0.039216
0 0.165704 0.507003 0.041492 0.044818
0 0.183036 0.467787 0.040441 0.048553
0 0.199842 0.430439 0.038340 0.044818
0 0.716912 0.673203 0.040966 0.044818
0 0.718225 0.632120 0.036239 0.046685
0 0.722952 0.582166 0.036239 0.040149
0 0.742647 0.556489 0.040966 0.044818
0 0.752101 0.700280 0.034664 0.037348
0 0.771796 0.661531 0.040441 0.047619
0 0.775735 0.616713 0.042017 0.047619
0 0.799632 0.586835 0.041492 0.047619
0 0.789653 0.721755 0.039391 0.044818
0 0.936712 0.707750 0.040441 0.044818
0 0.837973 0.752568 0.040441 0.044818
0 0.880777 0.777778 0.043067 0.046685
0 0.926208 0.800654 0.040441 0.047619
1 0.624212 0.284314 0.046744 0.099907
0 0.654937 0.104575 0.027311 0.061625
0 0.151523 0.406162 0.040441 0.044818
0 0.135504 0.440243 0.040966 0.043884
0 0.107931 0.476190 0.041492 0.048553
0 0.078256 0.366947 0.040966 0.039216
0 0.065389 0.442110 0.041492 0.049486
0 0.102153 0.281513 0.038340 0.043884
0 0.164391 0.313725 0.044118 0.050420
0 0.061450 0.285714 0.037815 0.046685
0 0.671481 0.131186 0.029937 0.062558
3 0.627101 0.052288 0.010504 0.026144
2 0.325630 0.353875 0.085084 0.100840
1 0.754202 0.008870 0.029412 0.019608
0 0.910189 0.892157 0.036765 0.049486
2 0.159401 0.226891 0.086660 0.089636
0 0.442489 0.783847 0.032038 0.068161
0 0.421744 0.760037 0.030462 0.061625
0 0.972426 0.827731 0.048845 0.049486
0 0.038866 0.402428 0.025210 0.067227
0 0.013130 0.409430 0.027311 0.043884
