0 0.032038 0.301120 0.035714 0.060691
0 0.034664 0.239496 0.040966 0.055089
0 0.734244 0.836601 0.038866 0.044818
0 0.546218 0.663866 0.028361 0.061625
0 0.503414 0.861811 0.036239 0.065359
0 0.457983 0.843137 0.034664 0.072829
0 0.626313 0.270308 0.030987 0.066293
3 0.386029 0.860878 0.012605 0.026144
3 0.368697 0.878618 0.010504 0.024276
3 0.401523 0.317927 0.016282 0.023343
0 0.309611 0.588702 0.040441 0.040149
0 0.327731 0.555556 0.037815 0.046685
0 0.337185 0.516807 0.038866 0.045752
0 0.254989 0.556956 0.039391 0.045752
0 0.283088 0.528945 0.037815 0.042017
0 0.289128 0.482726 0.039391 0.046685
0 0.214286 0.527544 0.037815 0.039216
0 0.232405 0.497199 0.040441 0.045752
0 0.241859 0.451914 0.034139 0.041083
0 0.167805 0.503268 0.041492 0.044818
0 0.184874 0.468721 0.039916 0.048553
0 0.200368 0.429972 0.038340 0.045752
0 0.716912 0.676937 0.040966 0.044818
0 0.718225 0.636788 0.036239 0.046685
0 0.720851 0.584967 0.036239 0.040149
0 0.743435 0.554622 0.040441 0.044818
0 0.750525 0.702148 0.034664 0.037348
0 0.778099 0.669001 0.040441 0.047619
0 0.822479 0.648926 0.042017 0.046685
0 0.801471 0.592437 0.040966 0.047619
0 0.790441 0.726424 0.038866 0.044818
0 0.836922 0.756303 0.040441 0.044818
0 0.881303 0.779645 0.043067 0.046685
0 0.925158 0.804388 0.040441 0.047619
0 0.103204 0.375350 0.041492 0.041083
0 0.038603 0.354342 0.041492 0.038282
0 0.110032 0.474323 0.041492 0.048553
0 0.068540 0.442110 0.041492 0.049486
0 0.107143 0.282446 0.038866 0.043884
0 0.168067 0.315593 0.044118 0.050420
0 0.066702 0.281513 0.039916 0.043884
2 0.491597 0.639589 0.026261 0.147526
0 0.926208 0.945845 0.040441 0.052288
1 0.612920 0.390756 0.029412 0.062558
1 0.376838 0.954248 0.049895 0.084034
0 0.721639 0.077498 0.026261 0.061625
0 0.652048 0.730626 0.038340 0.060691
0 0.604517 0.643791 0.026261 0.070028
2 0.490021 0.369748 0.084034 0.076564
0 0.760504 0.026144 0.032563 0.046685
0 0.561450 0.442110 0.028361 0.070028
0 0.578256 0.333333 0.029412 0.061625
0 0.972952 0.831466 0.048845 0.049486
0 0.039916 0.400093 0.025210 0.066293
0 0.013918 0.409430 0.028887 0.043884
