0 0.031513 0.301120 0.036765 0.060691
0 0.033613 0.239496 0.040966 0.055089
0 0.851628 0.892157 0.040441 0.049486
0 0.587710 0.531279 0.028361 0.061625
0 0.547006 0.810458 0.043592 0.054155
0 0.483193 0.767507 0.034664 0.072829
0 0.467962 0.922969 0.032563 0.068161
0 0.424632 0.928105 0.027836 0.059757
0 0.591649 0.363679 0.030987 0.066293
3 0.348214 0.985528 0.012605 0.021475
3 0.352416 0.944911 0.010504 0.026144
3 0.326155 0.268441 0.016807 0.023343
0 0.309086 0.588702 0.040441 0.040149
0 0.327468 0.555556 0.038340 0.046685
0 0.336660 0.516807 0.038866 0.045752
0 0.254727 0.557423 0.039916 0.046685
0 0.282563 0.528945 0.037815 0.042017
0 0.289128 0.481793 0.039391 0.046685
0 0.214286 0.525677 0.037815 0.039216
0 0.232405 0.497199 0.040441 0.045752
0 0.240284 0.450980 0.034139 0.039216
0 0.167279 0.503268 0.041492 0.044818
0 0.184349 0.468721 0.039916 0.048553
0 0.200368 0.429972 0.038340 0.045752
0 0.716912 0.675070 0.040966 0.044818
0 0.718225 0.634921 0.036239 0.046685
0 0.720851 0.583100 0.036239 0.040149
0 0.743435 0.552754 0.040441 0.044818
0 0.750525 0.700280 0.034664 0.037348
0 0.773897 0.665266 0.040441 0.047619
0 0.804622 0.633987 0.042017 0.046685
0 0.800420 0.590570 0.040966 0.047619
0 0.789391 0.726424 0.038866 0.044818
0 0.836922 0.755369 0.040441 0.044818
0 0.881303 0.779645 0.043067 0.046685
0 0.925158 0.801587 0.040441 0.047619
0 0.136292 0.393557 0.040441 0.043884
0 0.069853 0.371615 0.040966 0.052288
0 0.109506 0.475257 0.041492 0.048553
0 0.067489 0.442110 0.041492 0.049486
0 0.103466 0.280579 0.038866 0.043884
0 0.167542 0.315593 0.044118 0.050420
0 0.066439 0.281513 0.040441 0.043884
2 0.475840 0.565359 0.049370 0.146592
1 0.644958 0.299253 0.029412 0.062558
0 0.747374 0.014939 0.026261 0.031746
0 0.716912 0.776377 0.044118 0.049486
0 0.631565 0.705415 0.034139 0.066293
2 0.426996 0.368347 0.085084 0.064426
0 0.540441 0.501867 0.028361 0.070028
0 0.541492 0.425770 0.028361 0.061625
0 0.972426 0.830532 0.048845 0.049486
0 0.039916 0.400560 0.025210 0.067227
0 0.013655 0.409430 0.028361 0.043884
