0 0.762649 0.472222 0.025298 0.042328
0 0.853051 0.710979 0.023065 0.025132
0 0.837426 0.679894 0.024554 0.031746
0 0.872024 0.593915 0.019345 0.044974
0 0.886161 0.658730 0.019345 0.044974
0 0.123140 0.598545 0.027530 0.035714
0 0.198661 0.491402 0.026786 0.035714
0 0.011905 0.619048 0.023810 0.050265
0 0.853423 0.177249 0.026786 0.031746
1 0.960565 0.117725 0.031250 0.037037
1 0.712054 0.151455 0.020833 0.041005
0 0.738839 0.231481 0.025298 0.023810
0 0.297991 0.229497 0.020089 0.056878
0 0.258929 0.208995 0.020833 0.050265
0 0.248512 0.155423 0.019345 0.054233
0 0.283110 0.151455 0.018601 0.043651
0 0.329613 0.179233 0.023810 0.051587
0 0.059524 0.713624 0.029762 0.038360
0 0.123884 0.666667 0.027530 0.037037
2 0.742932 0.294312 0.064732 0.033069
0 0.596354 0.171958 0.026042 0.042328
3 0.674851 0.300265 0.010417 0.018519
3 0.320685 0.281746 0.014881 0.039683
3 0.803943 0.209656 0.011161 0.019841
3 0.539807 0.828704 0.011161 0.033069
3 0.246652 0.657407 0.011161 0.015873
3 0.327381 0.166667 0.011905 0.034392
3 0.344494 0.193122 0.008929 0.021164
3 0.738467 0.317460 0.017113 0.018519
3 0.971726 0.230820 0.017857 0.019841
0 0.344494 0.482804 0.026786 0.039683
0 0.410342 0.462302 0.024554 0.030423
0 0.336682 0.312169 0.018601 0.047619
0 0.321801 0.230159 0.021577 0.042328
0 0.201265 0.617725 0.031994 0.037037
0 0.293155 0.594577 0.026786 0.033069
1 0.354539 0.587302 0.030506 0.029101
1 0.415551 0.650132 0.026042 0.038360
0 0.466890 0.397487 0.030506 0.038360
0 0.493676 0.420635 0.024554 0.023810
0 0.558408 0.396164 0.029018 0.027778
3 0.531622 0.363757 0.012649 0.018519
0 0.751116 0.357143 0.027530 0.021164
0 0.646205 0.641534 0.027530 0.039683
0 0.654018 0.679233 0.026786 0.043651
0 0.671131 0.601190 0.025298 0.041005
0 0.681920 0.633598 0.027530 0.044974
0 0.697545 0.558201 0.024554 0.039683
0 0.867188 0.373016 0.026042 0.034392
0 0.762649 0.529101 0.025298 0.047619
0 0.038318 0.217593 0.026042 0.038360
