0 0.022847 0.335201 0.027836 0.072829
0 0.021534 0.271242 0.034664 0.066293
0 0.937500 0.861345 0.040966 0.043884
0 0.674895 0.206349 0.028361 0.056022
0 0.398109 0.911298 0.031513 0.072829
2 0.437237 0.717087 0.075105 0.184874
1 0.746586 0.065359 0.030987 0.067227
0 0.678571 0.363212 0.022059 0.059757
0 0.629464 0.342204 0.030987 0.062558
0 0.499475 0.541550 0.028361 0.061625
0 0.573004 0.526611 0.031513 0.063492
0 0.662027 0.168534 0.027836 0.056956
0 0.608456 0.215219 0.030987 0.060691
0 0.623424 0.237628 0.027311 0.055089
0 0.306723 0.588702 0.040966 0.040149
0 0.325105 0.554155 0.037815 0.047619
0 0.333246 0.514472 0.039391 0.044818
0 0.252363 0.557890 0.039391 0.047619
0 0.279674 0.528945 0.038340 0.042017
0 0.285977 0.481793 0.039391 0.046685
0 0.212185 0.526144 0.034664 0.040149
0 0.231355 0.498133 0.040441 0.045752
0 0.240021 0.450980 0.034664 0.039216
0 0.164128 0.506069 0.041492 0.044818
0 0.182773 0.467320 0.040966 0.049486
0 0.199317 0.430439 0.038340 0.044818
0 0.716912 0.671335 0.040966 0.044818
0 0.718750 0.628385 0.036239 0.046685
0 0.725578 0.580299 0.036239 0.040149
0 0.744748 0.549953 0.040966 0.044818
0 0.753676 0.700280 0.034664 0.037348
0 0.774947 0.662465 0.040441 0.047619
0 0.778361 0.612979 0.042017 0.047619
0 0.803046 0.584034 0.043067 0.049486
0 0.792279 0.720822 0.039391 0.044818
0 0.831408 0.647993 0.040966 0.044818
0 0.840599 0.751634 0.040441 0.044818
0 0.880777 0.774043 0.043067 0.046685
0 0.926733 0.797852 0.040441 0.047619
1 0.575105 0.432773 0.042017 0.105509
1 0.471901 0.746499 0.027836 0.073763
0 0.556723 0.329132 0.031513 0.060691
0 0.149422 0.403361 0.040441 0.044818
0 0.135504 0.440243 0.040966 0.043884
0 0.105830 0.476190 0.041492 0.048553
0 0.102416 0.380952 0.040966 0.039216
0 0.064338 0.442110 0.041492 0.049486
0 0.095326 0.276844 0.038340 0.043884
0 0.149160 0.306723 0.044118 0.049486
0 0.054622 0.289916 0.035714 0.049486
0 0.600053 0.316527 0.030987 0.067227
1 0.527836 0.721289 0.056723 0.127918
3 0.597164 0.148459 0.010504 0.026144
2 0.079044 0.193277 0.089811 0.084034
0 0.972426 0.824930 0.048845 0.049486
0 0.037290 0.401494 0.025210 0.067227
0 0.009979 0.409430 0.021008 0.043884
