0 0.699777 0.554233 0.024554 0.042328
0 0.772693 0.490079 0.031994 0.043651
0 0.853423 0.708333 0.022321 0.027778
0 0.837426 0.674603 0.027530 0.034392
0 0.871280 0.592593 0.019345 0.047619
0 0.890625 0.658730 0.020833 0.047619
0 0.122768 0.605159 0.031250 0.038360
0 0.196057 0.490741 0.026042 0.034392
0 0.009301 0.622354 0.020089 0.046296
0 0.853051 0.174603 0.027530 0.037037
1 0.959449 0.113757 0.031994 0.042328
0 0.713542 0.148810 0.025298 0.043651
0 0.738839 0.228175 0.031250 0.030423
0 0.293155 0.231481 0.019345 0.055556
0 0.256324 0.208333 0.018601 0.048942
0 0.248884 0.156085 0.018601 0.052910
0 0.281622 0.150794 0.018601 0.044974
0 0.327009 0.180556 0.021577 0.056878
0 0.163318 0.646164 0.027530 0.041005
0 0.207589 0.616402 0.029762 0.037037
0 0.325149 0.078042 0.013393 0.034392
2 0.743304 0.296296 0.063988 0.031746
0 0.593750 0.169974 0.026786 0.041005
3 0.339286 0.241402 0.010417 0.030423
0 0.125000 0.625000 0.026786 0.038360
0 0.209449 0.567460 0.024554 0.042328
0 0.273438 0.577381 0.031994 0.038360
0 0.765253 0.550265 0.024554 0.042328
1 0.834449 0.451058 0.027530 0.042328
1 0.965402 0.339286 0.023065 0.033069
0 0.052455 0.685847 0.033482 0.038360
3 0.168527 0.592593 0.012649 0.021164
0 0.160342 0.621032 0.026042 0.038360
0 0.593006 0.734788 0.023810 0.041005
0 0.609747 0.799603 0.024554 0.046296
0 0.626488 0.673280 0.023810 0.042328
0 0.659226 0.671958 0.025298 0.042328
0 0.667783 0.605820 0.026042 0.039683
0 0.693080 0.620370 0.024554 0.042328
0 0.034598 0.220899 0.029018 0.037037
