0 0.399947 0.053688 0.049895 0.090570
0 0.558298 0.098506 0.031513 0.083100
0 0.317752 0.124183 0.031513 0.087768
0 0.409664 0.135387 0.028361 0.089636
0 0.410189 0.234827 0.028361 0.090570
0 0.580095 0.175070 0.047794 0.088702
0 0.618435 0.182540 0.056197 0.071895
0 0.626050 0.248833 0.054622 0.083100
0 0.566176 0.260504 0.028361 0.095238
0 0.590074 0.332866 0.049895 0.088702
0 0.583508 0.457049 0.031513 0.101774
0 0.378414 0.307656 0.053046 0.086835
0 0.357143 0.399160 0.056723 0.055089
0 0.347164 0.480392 0.059874 0.088702
0 0.309086 0.508403 0.043592 0.111111
0 0.235032 0.556489 0.068803 0.056022
0 0.124212 0.555556 0.068803 0.056022
0 0.646271 0.599907 0.065651 0.070028
0 0.433561 0.670401 0.049895 0.104575
0 0.280462 0.704949 0.074580 0.072829
0 0.192489 0.744631 0.063550 0.112979
0 0.153099 0.754435 0.057248 0.117647
0 0.081145 0.492063 0.069853 0.069094
0 0.599002 0.765640 0.035189 0.121382
0 0.316702 0.797852 0.046218 0.111111
0 0.417542 0.844538 0.035714 0.118581
0 0.709559 0.950514 0.044118 0.095238
3 0.486870 0.311858 0.015756 0.044818
3 0.538603 0.313259 0.016282 0.045752
3 0.475578 0.811391 0.016282 0.054155
3 0.552521 0.761438 0.015756 0.055089
3 0.561450 0.366947 0.017857 0.056022
