0 0.710193 0.539683 0.024554 0.042328
0 0.811384 0.433862 0.033482 0.042328
0 0.853423 0.708333 0.022321 0.027778
0 0.837426 0.674603 0.027530 0.034392
0 0.871280 0.592593 0.019345 0.047619
0 0.890625 0.657407 0.020833 0.047619
0 0.123512 0.603836 0.031250 0.038360
0 0.196801 0.489418 0.026042 0.034392
0 0.009301 0.622354 0.020089 0.046296
0 0.853051 0.173280 0.027530 0.037037
1 0.959449 0.113757 0.031994 0.042328
0 0.713542 0.148810 0.025298 0.043651
0 0.738839 0.228175 0.031250 0.030423
0 0.293155 0.231481 0.019345 0.055556
0 0.256324 0.208333 0.018601 0.048942
0 0.248884 0.156085 0.018601 0.052910
0 0.281622 0.150794 0.018601 0.044974
0 0.327753 0.179894 0.021577 0.055556
0 0.160342 0.648148 0.029018 0.039683
0 0.199777 0.622354 0.031994 0.038360
0 0.315476 0.027778 0.013393 0.034392
2 0.743304 0.296296 0.063988 0.031746
0 0.593750 0.169974 0.026786 0.041005
3 0.339286 0.241402 0.010417 0.030423
0 0.150670 0.609127 0.027530 0.041005
0 0.230655 0.550265 0.023810 0.037037
0 0.257440 0.586640 0.031250 0.038360
0 0.735863 0.595899 0.023810 0.043651
1 0.793899 0.501323 0.026786 0.039683
1 0.928943 0.370370 0.024554 0.039683
0 0.086310 0.664021 0.032738 0.042328
3 0.183036 0.579365 0.013393 0.021164
0 0.178199 0.609788 0.026042 0.037037
0 0.610119 0.701720 0.023810 0.041005
0 0.627232 0.744709 0.023810 0.047619
0 0.643601 0.644180 0.023810 0.042328
0 0.671131 0.649471 0.025298 0.042328
0 0.674479 0.595899 0.026042 0.038360
0 0.700521 0.611111 0.024554 0.042328
0 0.034598 0.219577 0.029018 0.037037
