0 0.726935 0.517196 0.026786 0.039683
0 0.853423 0.708333 0.022321 0.027778
0 0.837798 0.674603 0.026786 0.034392
0 0.871652 0.592593 0.020089 0.047619
0 0.888393 0.644180 0.020833 0.044974
0 0.124256 0.599206 0.028274 0.037037
0 0.198289 0.492063 0.026042 0.037037
0 0.011905 0.619048 0.022321 0.047619
0 0.852679 0.171958 0.025298 0.034392
1 0.959449 0.114418 0.031994 0.041005
0 0.712426 0.149471 0.023065 0.042328
0 0.739211 0.230159 0.030506 0.029101
0 0.296875 0.228836 0.019345 0.055556
0 0.257812 0.208333 0.020089 0.048942
0 0.249256 0.155423 0.019345 0.054233
0 0.282366 0.150794 0.018601 0.044974
0 0.330729 0.178571 0.021577 0.052910
0 0.157366 0.648148 0.029018 0.039683
0 0.193452 0.625000 0.029762 0.033069
2 0.742932 0.296958 0.064732 0.033069
0 0.593750 0.169974 0.026786 0.041005
3 0.341518 0.242725 0.010417 0.030423
0 0.016369 0.707672 0.028274 0.039683
0 0.141369 0.628307 0.023810 0.031746
0 0.305804 0.478836 0.022321 0.044974
0 0.331101 0.406746 0.016369 0.046296
0 0.280134 0.638228 0.030506 0.025132
0 0.248884 0.591270 0.029018 0.034392
0 0.470238 0.684524 0.028274 0.041005
1 0.549107 0.729497 0.034226 0.038360
1 0.609747 0.764550 0.023065 0.029101
0 0.225074 0.566138 0.029018 0.037037
0 0.313988 0.522487 0.023810 0.029101
0 0.368676 0.494709 0.027530 0.037037
3 0.345238 0.478836 0.011905 0.021164
0 0.428199 0.456349 0.027530 0.034392
0 0.641741 0.648810 0.026042 0.041005
0 0.654762 0.680556 0.026786 0.041005
0 0.668899 0.606481 0.023810 0.041005
0 0.681176 0.634921 0.024554 0.042328
0 0.698289 0.561508 0.026042 0.038360
0 0.715402 0.584656 0.024554 0.037037
0 0.970982 0.294974 0.032738 0.037037
0 0.038318 0.218254 0.029018 0.039683
