0 0.853423 0.715608 0.023810 0.023810
0 0.836682 0.683201 0.024554 0.027778
0 0.871652 0.599868 0.018601 0.046296
0 0.880208 0.699735 0.014881 0.047619
0 0.125744 0.598545 0.026786 0.033069
0 0.199405 0.488757 0.026786 0.035714
0 0.013393 0.615079 0.023810 0.050265
0 0.854167 0.181217 0.026786 0.031746
1 0.960565 0.121693 0.031250 0.037037
1 0.714286 0.155423 0.020833 0.041005
0 0.739211 0.232804 0.026042 0.023810
0 0.299107 0.229497 0.019345 0.056878
0 0.259673 0.208995 0.019345 0.050265
0 0.249628 0.156746 0.018601 0.054233
0 0.283854 0.152116 0.018601 0.044974
0 0.324033 0.142196 0.020089 0.056878
2 0.743676 0.302249 0.063244 0.033069
0 0.596354 0.173280 0.026042 0.042328
0 0.217262 0.583333 0.028274 0.034392
0 0.339286 0.585979 0.028274 0.042328
0 0.292039 0.499339 0.024554 0.043651
3 0.930804 0.275794 0.014881 0.019841
3 0.321429 0.281746 0.014881 0.039683
3 0.103423 0.645503 0.014881 0.021164
3 0.802455 0.212963 0.011161 0.021164
3 0.604167 0.671296 0.014881 0.019841
3 0.397693 0.718915 0.011161 0.025132
3 0.332961 0.194444 0.011161 0.034392
0 0.591518 0.346561 0.028274 0.029101
0 0.574405 0.392857 0.025298 0.026455
0 0.207589 0.646164 0.031250 0.038360
1 0.237723 0.625000 0.029018 0.027778
1 0.269717 0.612434 0.031994 0.037037
0 0.662574 0.337963 0.030506 0.027778
0 0.602307 0.381614 0.026042 0.022487
0 0.642485 0.380952 0.029018 0.026455
3 0.965774 0.293651 0.014881 0.018519
0 0.647693 0.645503 0.027530 0.039683
0 0.654018 0.682540 0.026786 0.042328
0 0.673363 0.605820 0.026786 0.042328
0 0.686756 0.628307 0.028274 0.044974
0 0.719866 0.535053 0.026042 0.038360
0 0.529018 0.739418 0.028274 0.037037
0 0.040923 0.216270 0.025298 0.035714
