0 0.748424 0.153595 0.061975 0.070028
0 0.950368 0.209150 0.056197 0.065359
0 0.960609 0.082166 0.040966 0.078431
0 0.971639 0.254902 0.054622 0.072829
0 0.870536 0.342204 0.040441 0.094304
0 0.845851 0.096639 0.040441 0.088702
0 0.654937 0.132586 0.046218 0.087768
0 0.726366 0.229225 0.043067 0.088702
0 0.693277 0.312325 0.040966 0.088702
0 0.866334 0.440243 0.063550 0.071895
0 0.895746 0.479458 0.065651 0.070028
0 0.883666 0.548553 0.068803 0.066293
0 0.824055 0.496265 0.045168 0.094304
0 0.814338 0.573763 0.062500 0.064426
0 0.768645 0.683940 0.044643 0.099907
0 0.609769 0.326331 0.036765 0.094304
0 0.593225 0.394958 0.056197 0.080299
0 0.560924 0.454248 0.047269 0.099907
0 0.517857 0.428571 0.031513 0.106443
0 0.450893 0.406162 0.057248 0.082166
0 0.371849 0.300187 0.056723 0.079365
0 0.771796 0.873016 0.071954 0.087768
0 0.566702 0.819328 0.034664 0.122316
0 0.436975 0.557890 0.057773 0.103641
0 0.356355 0.516807 0.062500 0.077498
0 0.338498 0.469188 0.059349 0.079365
0 0.362658 0.215686 0.055147 0.084034
0 0.289916 0.159664 0.052521 0.078431
1 0.168592 0.158263 0.076681 0.099907
0 0.216649 0.296919 0.050945 0.078431
0 0.668592 0.948179 0.056723 0.096172
0 0.436975 0.669001 0.049370 0.088702
0 0.496586 0.814192 0.051996 0.112045
0 0.436712 0.964519 0.048845 0.065359
3 0.653887 0.565826 0.025210 0.056022
3 0.866597 0.236695 0.018908 0.043884
3 0.742910 0.587302 0.015231 0.042951
3 0.744223 0.665733 0.017857 0.056022
