0 0.792279 0.194678 0.064601 0.064426
0 0.983718 0.277311 0.030462 0.059757
0 0.995273 0.154995 0.008403 0.078431
0 0.908876 0.404762 0.043592 0.092437
0 0.866597 0.207750 0.044118 0.090570
0 0.699580 0.163399 0.047269 0.087768
0 0.768645 0.267507 0.046744 0.086835
0 0.729517 0.347806 0.044118 0.088702
0 0.900735 0.502801 0.067227 0.071895
0 0.929622 0.549953 0.067227 0.067227
0 0.912553 0.613912 0.070903 0.066293
0 0.854517 0.552288 0.047269 0.094304
0 0.840336 0.627451 0.065126 0.059757
0 0.787027 0.729692 0.046744 0.099907
0 0.644958 0.346405 0.032563 0.095238
0 0.626313 0.412698 0.056197 0.080299
0 0.592437 0.467320 0.047269 0.099907
0 0.547794 0.436508 0.037815 0.105509
0 0.481880 0.402894 0.056197 0.084967
0 0.408613 0.288515 0.056723 0.084034
0 0.783088 0.923903 0.072479 0.094304
0 0.563550 0.876751 0.044118 0.123249
0 0.459821 0.554155 0.055147 0.107376
0 0.382616 0.501867 0.062500 0.073763
0 0.367910 0.452848 0.059349 0.076564
0 0.405987 0.200280 0.053571 0.094304
0 0.334559 0.138189 0.048319 0.080299
1 0.217437 0.116713 0.070378 0.106443
0 0.256565 0.262372 0.050945 0.076564
0 0.677521 0.966853 0.056723 0.064426
0 0.453782 0.663866 0.052521 0.082166
0 0.506828 0.819328 0.054622 0.105509
0 0.438550 0.961251 0.054622 0.070028
3 0.658088 0.627451 0.025210 0.056022
3 0.937500 0.233894 0.018908 0.043884
3 0.795956 0.573763 0.019433 0.043884
3 0.756828 0.738562 0.017857 0.056022
