0 0.032563 0.301120 0.034664 0.060691
0 0.035452 0.238562 0.040441 0.055089
0 0.595851 0.817927 0.038340 0.041083
0 0.489496 0.831466 0.028361 0.062558
0 0.434086 0.912232 0.034139 0.072829
0 0.679359 0.133520 0.030987 0.061625
3 0.433824 0.693744 0.012605 0.022409
3 0.388130 0.790850 0.010504 0.022409
3 0.488708 0.355275 0.016282 0.023343
0 0.310137 0.588702 0.040441 0.040149
0 0.328256 0.556022 0.037815 0.045752
0 0.337973 0.517274 0.038340 0.044818
0 0.255515 0.556956 0.039391 0.045752
0 0.283876 0.528945 0.038340 0.042017
0 0.289653 0.483660 0.039391 0.046685
0 0.214811 0.528945 0.037815 0.038282
0 0.233456 0.497199 0.040441 0.045752
0 0.243960 0.454248 0.034139 0.043884
0 0.168330 0.504202 0.041492 0.044818
0 0.185399 0.468721 0.039916 0.048553
0 0.200368 0.429972 0.038340 0.045752
0 0.716912 0.678805 0.040966 0.044818
0 0.733193 0.645191 0.037815 0.046685
0 0.720851 0.586835 0.036239 0.040149
0 0.743172 0.557423 0.040966 0.044818
0 0.750263 0.704949 0.034139 0.037348
0 0.807248 0.690476 0.040966 0.047619
0 0.855305 0.672736 0.043592 0.047619
0 0.801471 0.596639 0.040966 0.046685
0 0.790966 0.728291 0.038866 0.044818
0 0.836922 0.758170 0.040441 0.044818
0 0.881565 0.782446 0.042542 0.046685
0 0.925158 0.806723 0.040441 0.046685
0 0.050420 0.356209 0.042017 0.040149
0 0.111082 0.474323 0.041492 0.048553
0 0.069065 0.442110 0.040441 0.049486
0 0.113971 0.287115 0.038866 0.043884
0 0.169643 0.315593 0.044118 0.050420
0 0.068277 0.281513 0.039916 0.042017
2 0.489233 0.730626 0.051996 0.148459
0 0.723739 0.823996 0.040966 0.043884
0 0.877626 0.877218 0.036765 0.040149
1 0.573004 0.498133 0.029412 0.062558
1 0.408613 0.874416 0.085084 0.211951
0 0.682773 0.209617 0.026261 0.062558
0 0.606880 0.651261 0.027836 0.071895
0 0.596376 0.541550 0.023634 0.069094
2 0.559874 0.324930 0.076681 0.123249
0 0.729517 0.112979 0.032563 0.065359
0 0.766544 0.025677 0.030987 0.047619
0 0.605042 0.326331 0.029412 0.062558
0 0.620273 0.222689 0.029412 0.062558
0 0.972952 0.834267 0.048845 0.049486
0 0.038866 0.401027 0.025210 0.066293
0 0.014181 0.409430 0.029412 0.043884
