0 0.627889 0.500934 0.040441 0.105509
0 0.330357 0.771709 0.056723 0.133520
0 0.575893 0.957516 0.049895 0.083100
0 0.624212 0.785714 0.059349 0.092437
0 0.649947 0.686275 0.047794 0.113912
0 0.678309 0.569561 0.042542 0.123249
0 0.715336 0.433240 0.040966 0.106443
0 0.555935 0.625117 0.046744 0.111111
0 0.790179 0.294118 0.054097 0.065359
0 0.740021 0.280112 0.040966 0.100840
0 0.787553 0.235294 0.058298 0.063492
0 0.769695 0.176004 0.032038 0.090570
0 0.526261 0.392624 0.030462 0.094304
0 0.472164 0.631653 0.045168 0.111111
0 0.594275 0.201214 0.040441 0.096172
0 0.602679 0.113912 0.053046 0.082166
0 0.536239 0.121382 0.056723 0.059757
0 0.397321 0.827264 0.068803 0.069094
0 0.642069 0.024743 0.030987 0.051354
3 0.707983 0.268908 0.015756 0.050420
3 0.560137 0.305322 0.022584 0.041083
3 0.643908 0.081232 0.016807 0.044818
