0 0.033876 0.300187 0.033088 0.058824
0 0.037027 0.238095 0.039391 0.056022
0 0.501313 0.869281 0.036239 0.059757
3 0.484506 0.548086 0.013130 0.022409
3 0.406250 0.704015 0.009979 0.022409
3 0.546744 0.320261 0.014706 0.028011
0 0.310399 0.588702 0.039916 0.040149
0 0.328519 0.556022 0.038340 0.045752
0 0.339023 0.517740 0.038340 0.045752
0 0.255777 0.556956 0.039916 0.045752
0 0.284401 0.528945 0.038340 0.042017
0 0.290179 0.484594 0.039391 0.046685
0 0.215336 0.528478 0.037815 0.037348
0 0.233981 0.497199 0.040441 0.045752
0 0.243960 0.452848 0.034139 0.041083
0 0.168330 0.504669 0.041492 0.045752
0 0.186450 0.468721 0.039916 0.048553
0 0.178309 0.418768 0.038340 0.045752
0 0.716912 0.680672 0.040966 0.044818
0 0.758403 0.665266 0.040966 0.047619
0 0.721376 0.589636 0.036239 0.040149
0 0.742647 0.560224 0.040966 0.044818
0 0.750263 0.706816 0.034139 0.037348
0 0.863183 0.727824 0.040441 0.047619
0 0.899422 0.699813 0.043592 0.047619
0 0.802258 0.597572 0.040441 0.046685
0 0.790179 0.730626 0.038340 0.043884
0 0.836922 0.760037 0.040441 0.044818
0 0.881565 0.784314 0.042542 0.046685
0 0.925158 0.808123 0.040441 0.045752
0 0.020221 0.353408 0.041492 0.040149
0 0.111607 0.473389 0.041492 0.048553
0 0.069328 0.442110 0.039916 0.049486
0 0.117647 0.288982 0.038866 0.043884
0 0.170693 0.316527 0.044118 0.050420
0 0.073004 0.279645 0.039916 0.040149
2 0.469275 0.797852 0.061450 0.146592
0 0.593225 0.801120 0.037290 0.044818
0 0.738708 0.813259 0.035189 0.037348
1 0.548845 0.579365 0.029412 0.062558
1 0.456408 0.739963 0.079832 0.208217
0 0.399422 0.828198 0.030987 0.067227
0 0.657038 0.316993 0.026261 0.062558
0 0.591387 0.553221 0.021008 0.073763
0 0.602416 0.426704 0.024160 0.069094
2 0.598739 0.259570 0.063025 0.140056
0 0.716387 0.146592 0.032563 0.065359
0 0.751313 0.063492 0.030987 0.061625
0 0.655987 0.191410 0.027311 0.063492
0 0.645483 0.150794 0.029412 0.062558
0 0.972952 0.836134 0.048845 0.049486
0 0.039916 0.401027 0.025210 0.066293
0 0.014181 0.409430 0.029412 0.043884
