0 0.031513 0.301120 0.036765 0.060691
0 0.033613 0.239496 0.040966 0.055089
0 0.832195 0.881886 0.040441 0.049486
0 0.580882 0.552754 0.028361 0.061625
0 0.540441 0.815593 0.043067 0.056956
0 0.478466 0.780579 0.034664 0.072829
0 0.461397 0.940243 0.033088 0.069094
0 0.420956 0.936975 0.027836 0.058824
0 0.596901 0.349673 0.030987 0.066293
3 0.354517 0.971055 0.012605 0.029879
3 0.355042 0.934641 0.010504 0.026144
3 0.338761 0.275910 0.016807 0.023343
0 0.309086 0.588702 0.040441 0.040149
0 0.327468 0.555556 0.038340 0.046685
0 0.336922 0.516807 0.038340 0.045752
0 0.254727 0.557423 0.039916 0.046685
0 0.282826 0.528945 0.038340 0.042017
0 0.289128 0.481793 0.039391 0.046685
0 0.214286 0.525677 0.037815 0.039216
0 0.232405 0.497199 0.040441 0.045752
0 0.240809 0.451447 0.034139 0.040149
0 0.167279 0.503268 0.041492 0.044818
0 0.184349 0.468721 0.039916 0.048553
0 0.200368 0.429972 0.038340 0.045752
0 0.716912 0.675070 0.040966 0.044818
0 0.718225 0.635854 0.036239 0.046685
0 0.720851 0.584034 0.036239 0.040149
0 0.743435 0.552754 0.040441 0.044818
0 0.750525 0.700280 0.034664 0.037348
0 0.774947 0.666200 0.040441 0.047619
0 0.807773 0.636788 0.042017 0.046685
0 0.800683 0.590570 0.040441 0.047619
0 0.789391 0.726424 0.038866 0.044818
0 0.836922 0.755369 0.040441 0.044818
0 0.881303 0.779645 0.043067 0.046685
0 0.925158 0.801587 0.040441 0.047619
0 0.131040 0.390289 0.040441 0.042951
0 0.065651 0.367880 0.040966 0.048553
0 0.109506 0.475257 0.041492 0.048553
0 0.067489 0.442110 0.041492 0.049486
0 0.103466 0.280579 0.038866 0.043884
0 0.167542 0.315593 0.044118 0.050420
0 0.066439 0.281513 0.040441 0.043884
2 0.478204 0.577498 0.045693 0.146592
1 0.640756 0.313259 0.029412 0.062558
0 0.746324 0.017274 0.026261 0.036415
0 0.705095 0.768908 0.043592 0.049486
0 0.624475 0.696545 0.033613 0.069094
2 0.437763 0.371615 0.084559 0.059757
0 0.543592 0.492530 0.028361 0.070028
0 0.546744 0.411765 0.029412 0.061625
0 0.972426 0.830532 0.048845 0.049486
0 0.039916 0.400560 0.025210 0.067227
0 0.013655 0.409430 0.028361 0.043884
