0 0.731771 0.516534 0.027530 0.041005
0 0.852307 0.710979 0.023065 0.027778
0 0.837426 0.679894 0.024554 0.031746
0 0.871280 0.591931 0.022321 0.043651
0 0.889881 0.652116 0.022321 0.044974
0 0.125000 0.598545 0.026786 0.038360
0 0.198661 0.491402 0.026786 0.035714
0 0.011905 0.618386 0.023810 0.048942
0 0.853423 0.177249 0.026786 0.031746
1 0.960565 0.117725 0.031250 0.037037
1 0.712054 0.150132 0.020833 0.041005
0 0.738839 0.231481 0.025298 0.023810
0 0.297991 0.229497 0.020089 0.056878
0 0.258929 0.208995 0.020833 0.050265
0 0.248884 0.155423 0.020089 0.054233
0 0.283110 0.151455 0.018601 0.043651
0 0.329985 0.177910 0.023065 0.048942
0 0.123884 0.671958 0.030506 0.034392
0 0.174479 0.638228 0.024554 0.035714
2 0.743304 0.295635 0.063988 0.030423
0 0.596354 0.171958 0.026042 0.042328
3 0.642857 0.280423 0.011905 0.015873
3 0.322173 0.281746 0.014881 0.039683
3 0.808036 0.220899 0.011905 0.021164
3 0.529390 0.972222 0.011161 0.029101
3 0.202753 0.681217 0.011161 0.015873
3 0.320685 0.130952 0.011905 0.034392
3 0.351190 0.248016 0.008929 0.019841
3 0.699777 0.306217 0.015625 0.019841
3 0.937128 0.255952 0.017113 0.019841
0 0.210565 0.578704 0.025298 0.035714
0 0.300967 0.520503 0.024554 0.027778
0 0.333705 0.395503 0.014137 0.050265
0 0.339658 0.313492 0.017113 0.044974
0 0.110491 0.717593 0.027530 0.035714
0 0.231771 0.601852 0.031994 0.037037
0 0.359747 0.580688 0.031994 0.031746
1 0.426711 0.639550 0.030506 0.038360
1 0.488467 0.733466 0.026042 0.038360
0 0.372396 0.467593 0.027530 0.035714
0 0.423363 0.460317 0.023810 0.023810
0 0.480655 0.431878 0.028274 0.030423
3 0.445312 0.412037 0.012649 0.019841
0 0.600818 0.385582 0.027530 0.025132
0 0.646205 0.642857 0.027530 0.039683
0 0.654390 0.680556 0.027530 0.043651
0 0.671875 0.607143 0.025298 0.039683
0 0.682292 0.634921 0.025298 0.042328
0 0.698289 0.560185 0.024554 0.041005
0 0.780506 0.478836 0.025298 0.037037
0 0.830357 0.442460 0.026786 0.048942
0 0.038318 0.217593 0.026042 0.038360
