0 0.684086 0.105976 0.056197 0.077498
0 0.867122 0.108310 0.051471 0.067227
0 0.879202 0.017740 0.031513 0.037348
0 0.809611 0.260504 0.034139 0.093371
0 0.592962 0.102708 0.039916 0.087768
0 0.668855 0.185341 0.037290 0.090570
0 0.642332 0.275910 0.038866 0.088702
0 0.820116 0.360411 0.059349 0.067227
0 0.849790 0.394024 0.060924 0.070962
0 0.832458 0.457516 0.064076 0.069094
0 0.784139 0.436975 0.037815 0.095238
0 0.775998 0.509804 0.056197 0.067227
0 0.717174 0.586835 0.036239 0.099907
0 0.560924 0.303922 0.040966 0.094304
0 0.538603 0.372549 0.056197 0.074697
0 0.521008 0.438842 0.046218 0.095238
0 0.479517 0.425770 0.030462 0.112045
0 0.408351 0.414566 0.060399 0.074697
0 0.323792 0.323996 0.062500 0.076564
0 0.751050 0.791783 0.070378 0.076564
0 0.542279 0.715219 0.042542 0.112045
0 0.405725 0.570028 0.062500 0.099907
0 0.315126 0.553688 0.063025 0.084034
0 0.293330 0.507470 0.059349 0.084967
0 0.307511 0.240896 0.060399 0.076564
0 0.231618 0.202148 0.058824 0.066293
1 0.095851 0.234827 0.081408 0.096172
0 0.155200 0.365079 0.050945 0.078431
0 0.662027 0.915966 0.049895 0.121382
0 0.401261 0.684874 0.049370 0.088702
0 0.476103 0.814192 0.044643 0.117647
3 0.649685 0.460317 0.015756 0.044818
3 0.769433 0.302521 0.015756 0.044818
3 0.498687 0.961251 0.016282 0.053221
3 0.663866 0.685341 0.015756 0.052288
3 0.717962 0.546218 0.017857 0.056022
