0 0.026261 0.315593 0.034664 0.067227
0 0.027836 0.252568 0.040966 0.060691
0 0.719538 0.133520 0.027311 0.056022
0 0.712710 0.812325 0.043067 0.044818
0 0.622637 0.388889 0.034139 0.068161
0 0.631565 0.767974 0.040441 0.043884
0 0.531250 0.619981 0.027836 0.061625
0 0.518120 0.559757 0.030987 0.066293
2 0.550683 0.390756 0.075105 0.178338
1 0.574317 0.584034 0.034139 0.073763
0 0.780987 0.532213 0.034664 0.044818
0 0.478729 0.782913 0.030987 0.071895
0 0.607931 0.239029 0.028887 0.061625
0 0.429359 0.919701 0.032038 0.069094
3 0.051471 0.145658 0.016807 0.018674
0 0.308036 0.588702 0.040441 0.040149
0 0.326418 0.554622 0.038340 0.046685
0 0.335084 0.515406 0.038866 0.044818
0 0.253414 0.557423 0.039391 0.046685
0 0.281250 0.528945 0.038340 0.042017
0 0.287553 0.481793 0.039391 0.046685
0 0.212973 0.525677 0.035189 0.039216
0 0.231880 0.497199 0.040441 0.045752
0 0.240021 0.451914 0.034664 0.039216
0 0.165704 0.507003 0.041492 0.044818
0 0.183036 0.467787 0.040441 0.048553
0 0.199842 0.430439 0.038340 0.044818
0 0.716912 0.673203 0.040966 0.044818
0 0.718225 0.632120 0.036239 0.046685
0 0.722952 0.582166 0.036239 0.040149
0 0.742647 0.556489 0.040966 0.044818
0 0.751576 0.700280 0.034664 0.037348
0 0.771271 0.661531 0.040441 0.047619
0 0.776786 0.617647 0.042017 0.047619
0 0.799632 0.587302 0.041492 0.048553
0 0.789653 0.721755 0.039391 0.044818
0 0.944590 0.712418 0.040441 0.044818
0 0.837973 0.752568 0.040441 0.044818
0 0.880777 0.777778 0.043067 0.046685
0 0.926208 0.800654 0.040441 0.047619
1 0.627889 0.273109 0.046744 0.099907
0 0.151523 0.407096 0.040441 0.044818
0 0.134454 0.439776 0.040966 0.044818
0 0.107931 0.476190 0.041492 0.048553
0 0.073267 0.363679 0.041492 0.038282
0 0.065389 0.442110 0.041492 0.049486
0 0.102153 0.281513 0.038340 0.043884
0 0.164391 0.313725 0.044118 0.050420
0 0.061712 0.284781 0.038340 0.046685
0 0.674632 0.119981 0.029937 0.062558
3 0.628939 0.044818 0.011029 0.026144
2 0.337185 0.362745 0.085084 0.101774
1 0.749475 0.014939 0.029412 0.031746
0 0.993172 0.934174 0.010504 0.049486
0 0.892069 0.881886 0.036239 0.049486
2 0.173582 0.234360 0.086660 0.089636
0 0.450368 0.759104 0.032038 0.065359
0 0.429622 0.737628 0.030462 0.061625
0 0.972426 0.827731 0.048845 0.049486
0 0.038866 0.402428 0.025210 0.067227
0 0.013130 0.409430 0.027311 0.043884
