0 0.035714 0.297386 0.032563 0.055089
0 0.041229 0.233427 0.041492 0.050420
3 0.532563 0.425303 0.014706 0.023343
3 0.353729 0.913165 0.012080 0.026144
3 0.421481 0.632586 0.009979 0.023343
3 0.581145 0.267040 0.014181 0.029879
0 0.310924 0.588702 0.039916 0.040149
0 0.329044 0.556022 0.038340 0.045752
0 0.339548 0.517740 0.038340 0.045752
0 0.256303 0.556956 0.039916 0.045752
0 0.284926 0.528945 0.038340 0.042017
0 0.290179 0.485528 0.039391 0.046685
0 0.216387 0.528478 0.037815 0.037348
0 0.234506 0.497199 0.040441 0.045752
0 0.243960 0.451914 0.034139 0.039216
0 0.168855 0.504669 0.041492 0.045752
0 0.186975 0.468721 0.039916 0.048553
0 0.136292 0.392624 0.038340 0.045752
0 0.716912 0.682540 0.040966 0.044818
0 0.797794 0.688609 0.040966 0.045752
0 0.722426 0.593371 0.036239 0.040149
0 0.742647 0.562092 0.040966 0.044818
0 0.750263 0.708683 0.034139 0.037348
0 0.938288 0.770775 0.040441 0.047619
0 0.955882 0.735761 0.043067 0.046685
0 0.802784 0.597572 0.040441 0.046685
0 0.789653 0.732493 0.038340 0.043884
0 0.836922 0.760971 0.040441 0.044818
0 0.881565 0.786181 0.042542 0.046685
0 0.925158 0.809991 0.040441 0.045752
0 0.015231 0.358077 0.031513 0.038282
0 0.112132 0.473389 0.041492 0.048553
0 0.069853 0.442110 0.038866 0.049486
0 0.120273 0.289916 0.038866 0.043884
0 0.171744 0.316527 0.044118 0.050420
0 0.078782 0.277311 0.039916 0.041083
2 0.448529 0.859944 0.064076 0.149393
0 0.516282 0.846872 0.038866 0.065359
0 0.633141 0.789916 0.035189 0.037348
1 0.524160 0.652194 0.029412 0.062558
1 0.497374 0.619514 0.084034 0.204482
0 0.393645 0.894024 0.030987 0.071895
0 0.464548 0.629318 0.030987 0.063492
0 0.633141 0.411298 0.028887 0.062558
0 0.592437 0.451447 0.025210 0.071895
0 0.626050 0.284781 0.029412 0.065359
2 0.622374 0.206349 0.059874 0.143791
0 0.713761 0.157796 0.032563 0.065359
0 0.743960 0.083100 0.030987 0.061625
0 0.698004 0.084034 0.030462 0.059757
0 0.662815 0.099440 0.029412 0.062558
0 0.972952 0.838002 0.048845 0.049486
0 0.042279 0.400093 0.025735 0.066293
0 0.014443 0.409430 0.029937 0.043884
