0 0.009716 0.323063 0.019433 0.072829
0 0.010767 0.260037 0.022584 0.066293
2 0.350315 0.986928 0.035714 0.024276
0 0.761292 0.041083 0.025735 0.056022
0 0.395221 0.851541 0.030987 0.076564
0 0.694328 0.166200 0.031513 0.063492
0 0.451681 0.828665 0.027311 0.066293
0 0.470063 0.934174 0.035714 0.070028
0 0.602941 0.380019 0.028361 0.067227
0 0.519170 0.451914 0.030987 0.070962
0 0.559349 0.400560 0.028361 0.059757
0 0.596639 0.248833 0.031513 0.064426
0 0.301996 0.588235 0.045168 0.048553
0 0.320903 0.549486 0.037815 0.047619
0 0.330095 0.512605 0.039391 0.044818
0 0.245536 0.558824 0.039391 0.047619
0 0.275210 0.524276 0.037815 0.042017
0 0.279149 0.476190 0.042542 0.048553
0 0.201943 0.522876 0.037290 0.039216
0 0.220326 0.490663 0.040441 0.045752
0 0.231618 0.447246 0.034664 0.039216
0 0.150998 0.498133 0.043592 0.047619
0 0.170431 0.461718 0.042542 0.049486
0 0.188288 0.425303 0.038340 0.045752
0 0.725840 0.675070 0.040966 0.044818
0 0.726628 0.627918 0.038340 0.047619
0 0.731355 0.578431 0.036239 0.040149
0 0.753151 0.550887 0.040966 0.044818
0 0.762605 0.700280 0.034664 0.037348
0 0.781250 0.663399 0.040441 0.047619
0 0.784664 0.612979 0.042017 0.047619
0 0.813288 0.580766 0.044643 0.050420
0 0.802784 0.722689 0.039391 0.044818
0 0.840336 0.643324 0.040966 0.044818
0 0.850840 0.753501 0.042017 0.048553
0 0.893382 0.672736 0.043067 0.047619
0 0.897059 0.778711 0.044118 0.050420
0 0.944853 0.803455 0.042017 0.047619
0 0.640756 0.809991 0.040966 0.049486
1 0.565914 0.562558 0.038340 0.112979
0 0.460347 0.671802 0.022584 0.068161
1 0.453256 0.502334 0.036765 0.067227
0 0.379202 0.382820 0.037815 0.039216
0 0.136817 0.395892 0.040441 0.044818
0 0.122111 0.433707 0.040441 0.045752
0 0.096901 0.472923 0.041492 0.049486
0 0.085609 0.369748 0.040966 0.039216
0 0.050683 0.438375 0.041492 0.049486
0 0.046218 0.246032 0.040966 0.040149
0 0.106355 0.277778 0.046744 0.051354
0 0.038340 0.278711 0.040966 0.049486
0 0.535714 0.493931 0.031513 0.067227
0 0.655462 0.099440 0.032563 0.068161
0 0.654149 0.177404 0.028887 0.061625
0 0.686975 0.103641 0.028361 0.061625
1 0.641282 0.367414 0.055672 0.122316
0 0.984506 0.830532 0.027836 0.049486
0 0.018382 0.393091 0.025210 0.067227
