0 0.843487 0.406629 0.053571 0.088702
0 0.409139 0.656396 0.066176 0.117647
0 0.667017 0.883287 0.066176 0.061625
0 0.707983 0.796452 0.059874 0.104575
0 0.764443 0.707750 0.056197 0.117647
0 0.821166 0.591970 0.054097 0.104575
0 0.493697 0.909897 0.060924 0.111111
0 0.928046 0.497199 0.058824 0.060691
0 0.878939 0.460317 0.056197 0.095238
0 0.948004 0.455649 0.063025 0.056022
0 0.933298 0.372549 0.047269 0.078431
0 0.647059 0.449113 0.044118 0.100840
0 0.549895 0.639589 0.056723 0.098973
0 0.746586 0.301587 0.053046 0.093371
0 0.784664 0.225957 0.059874 0.061625
0 0.719275 0.193744 0.060399 0.060691
0 0.907563 0.183473 0.051471 0.084967
0 0.440914 0.772176 0.068803 0.067227
0 0.842174 0.141457 0.049895 0.088702
0 0.880777 0.073763 0.050420 0.082166
3 0.622899 0.855742 0.019958 0.043884
3 0.920168 0.306256 0.022059 0.041083
3 0.816176 0.293651 0.022059 0.043884
3 0.865284 0.189076 0.019433 0.040149
3 0.690651 0.379085 0.025210 0.041083
3 0.605305 0.562092 0.014181 0.037348
3 0.828519 0.220355 0.024685 0.044818
