0 0.776042 0.456349 0.025298 0.042328
0 0.853051 0.710979 0.023065 0.025132
0 0.837426 0.680556 0.024554 0.030423
0 0.871652 0.595238 0.018601 0.044974
0 0.885417 0.661376 0.019345 0.044974
0 0.122396 0.597884 0.027530 0.034392
0 0.198661 0.491402 0.026786 0.035714
0 0.011905 0.619048 0.023810 0.050265
0 0.853423 0.177249 0.026786 0.031746
1 0.960565 0.117725 0.031250 0.037037
1 0.712054 0.151455 0.020833 0.041005
0 0.738839 0.231481 0.025298 0.023810
0 0.297991 0.229497 0.020089 0.056878
0 0.258929 0.208995 0.020833 0.050265
0 0.248512 0.155423 0.019345 0.054233
0 0.283110 0.151455 0.018601 0.043651
0 0.329613 0.179894 0.023810 0.052910
0 0.040551 0.724868 0.033482 0.042328
0 0.107887 0.675265 0.028274 0.035714
2 0.742188 0.294312 0.064732 0.033069
0 0.596354 0.171958 0.026042 0.042328
3 0.686012 0.308201 0.010417 0.018519
3 0.320685 0.281746 0.014881 0.039683
3 0.803199 0.207011 0.011161 0.019841
3 0.542783 0.796958 0.011161 0.033069
3 0.257812 0.650794 0.011161 0.015873
3 0.328869 0.174603 0.011905 0.034392
3 0.341518 0.173942 0.008929 0.022487
3 0.751860 0.318783 0.017113 0.018519
3 0.980655 0.224868 0.017857 0.018519
0 0.374256 0.460317 0.026786 0.039683
0 0.435640 0.449074 0.024554 0.030423
0 0.334077 0.293651 0.019345 0.055556
0 0.318824 0.205026 0.021577 0.042328
0 0.189360 0.624339 0.031994 0.037037
0 0.278274 0.602513 0.028274 0.033069
1 0.338542 0.583333 0.031250 0.026455
1 0.398810 0.631614 0.026786 0.033069
0 0.489955 0.381614 0.033482 0.038360
0 0.509673 0.414021 0.023810 0.023810
0 0.575149 0.390212 0.029762 0.026455
3 0.553199 0.353175 0.012649 0.018519
0 0.782366 0.349206 0.027530 0.023810
0 0.646205 0.641534 0.027530 0.039683
0 0.654018 0.678571 0.026786 0.042328
0 0.671131 0.602513 0.025298 0.041005
0 0.681176 0.634259 0.027530 0.046296
0 0.697173 0.560847 0.025298 0.039683
0 0.892857 0.349868 0.026786 0.035714
0 0.747396 0.560185 0.023065 0.048942
0 0.038318 0.217593 0.026042 0.038360
