0 0.033351 0.301587 0.034139 0.061625
0 0.036765 0.238095 0.039916 0.056022
0 0.522847 0.842670 0.038340 0.055089
0 0.455357 0.928571 0.028361 0.062558
3 0.469538 0.587302 0.012605 0.022409
3 0.401523 0.728291 0.009979 0.022409
3 0.531513 0.335201 0.015756 0.026144
0 0.310399 0.588702 0.039916 0.040149
0 0.328519 0.556022 0.038340 0.045752
0 0.338498 0.517740 0.038340 0.045752
0 0.255777 0.556956 0.039916 0.045752
0 0.284401 0.528945 0.038340 0.042017
0 0.289653 0.484594 0.039391 0.046685
0 0.215336 0.528945 0.037815 0.038282
0 0.233981 0.497199 0.040441 0.045752
0 0.243960 0.453315 0.034139 0.042017
0 0.168330 0.504669 0.041492 0.045752
0 0.185924 0.468721 0.039916 0.048553
0 0.189338 0.425303 0.038340 0.045752
0 0.716912 0.679739 0.040966 0.044818
0 0.751050 0.658730 0.040966 0.047619
0 0.720851 0.587768 0.036239 0.040149
0 0.742910 0.559290 0.040441 0.044818
0 0.750263 0.705882 0.034139 0.037348
0 0.844013 0.711018 0.040966 0.047619
0 0.884716 0.691410 0.043592 0.047619
0 0.801996 0.597572 0.040966 0.046685
0 0.790441 0.730159 0.038866 0.044818
0 0.836922 0.759104 0.040441 0.044818
0 0.881565 0.784314 0.042542 0.046685
0 0.925158 0.807656 0.040441 0.046685
0 0.027311 0.353408 0.042017 0.040149
0 0.111082 0.473389 0.041492 0.048553
0 0.069328 0.442110 0.039916 0.049486
0 0.116597 0.288049 0.038866 0.043884
0 0.170168 0.316527 0.044118 0.050420
0 0.071429 0.280579 0.039916 0.040149
2 0.476103 0.778245 0.060399 0.144725
0 0.623950 0.795518 0.037815 0.041083
0 0.775998 0.827264 0.035189 0.037348
1 0.555147 0.557890 0.029412 0.062558
1 0.441964 0.780579 0.080357 0.211018
0 0.377363 0.890756 0.030987 0.067227
0 0.663340 0.285247 0.026261 0.062558
0 0.594538 0.583567 0.021008 0.072829
0 0.599265 0.465920 0.024160 0.069094
2 0.589286 0.277778 0.066176 0.135387
0 0.717437 0.143791 0.032563 0.065359
0 0.753939 0.056956 0.030987 0.061625
0 0.641807 0.232493 0.028361 0.063492
0 0.638655 0.169468 0.029412 0.062558
0 0.972952 0.835201 0.048845 0.049486
0 0.039391 0.401027 0.025210 0.066293
0 0.014181 0.409430 0.029412 0.043884
