0 0.026786 0.311858 0.037815 0.067227
0 0.028887 0.250700 0.040966 0.060691
0 0.703519 0.178805 0.027836 0.056956
0 0.688025 0.803922 0.043067 0.044818
0 0.603992 0.440710 0.034664 0.070962
0 0.607405 0.772642 0.040441 0.043884
0 0.514968 0.666667 0.027836 0.061625
0 0.526523 0.536415 0.030987 0.066293
2 0.562237 0.358077 0.075105 0.178338
1 0.553834 0.642857 0.034139 0.073763
0 0.805672 0.548086 0.034664 0.044818
0 0.464023 0.826797 0.030987 0.071895
0 0.620536 0.205415 0.028887 0.061625
3 0.086660 0.160598 0.016807 0.018674
0 0.308036 0.588702 0.040441 0.040149
0 0.326681 0.554622 0.037815 0.046685
0 0.335084 0.515873 0.038866 0.045752
0 0.253676 0.557423 0.039916 0.046685
0 0.281513 0.528945 0.037815 0.042017
0 0.288078 0.481793 0.039391 0.046685
0 0.213235 0.525677 0.035714 0.039216
0 0.231880 0.497199 0.040441 0.045752
0 0.240021 0.451914 0.034664 0.039216
0 0.165704 0.507003 0.041492 0.044818
0 0.183036 0.467787 0.040441 0.048553
0 0.199842 0.430439 0.038340 0.044818
0 0.716912 0.673203 0.040966 0.044818
0 0.718225 0.632120 0.036239 0.046685
0 0.722952 0.582166 0.036239 0.040149
0 0.743172 0.556489 0.040966 0.044818
0 0.751576 0.700280 0.034664 0.037348
0 0.771271 0.661531 0.040441 0.047619
0 0.779937 0.619514 0.042017 0.047619
0 0.799370 0.587768 0.040966 0.047619
0 0.789653 0.722689 0.039391 0.044818
0 0.966124 0.727358 0.040441 0.044818
0 0.837973 0.752568 0.040441 0.044818
0 0.880777 0.777778 0.043067 0.046685
0 0.925683 0.800654 0.040441 0.047619
1 0.636292 0.246965 0.046744 0.099907
0 0.152048 0.407096 0.040441 0.044818
0 0.130515 0.436975 0.040441 0.050420
0 0.107931 0.476190 0.041492 0.048553
0 0.062237 0.358077 0.043592 0.036415
0 0.065389 0.442110 0.041492 0.049486
0 0.102416 0.281513 0.038866 0.043884
0 0.164916 0.313725 0.044118 0.050420
0 0.062500 0.284314 0.038866 0.045752
2 0.362920 0.383287 0.084034 0.105509
1 0.734769 0.038749 0.029412 0.062558
0 0.975840 0.926704 0.042017 0.049486
0 0.851103 0.856676 0.036239 0.049486
2 0.207458 0.253035 0.087185 0.089636
0 0.467437 0.708217 0.030462 0.064426
0 0.446954 0.686741 0.030462 0.060691
0 0.972426 0.827731 0.048845 0.049486
0 0.039391 0.402428 0.025210 0.067227
0 0.013393 0.409430 0.027836 0.043884
