0 0.035189 0.239496 0.040966 0.055089
3 0.377626 0.894958 0.012605 0.028945
3 0.359769 0.917834 0.010504 0.026144
3 0.373424 0.296452 0.016807 0.023343
0 0.424895 0.545285 0.028361 0.069094
0 0.522847 0.825397 0.041492 0.070962
0 0.580882 0.842670 0.042017 0.047619
0 0.627626 0.613912 0.029412 0.073763
0 0.469275 0.614846 0.030987 0.070028
0 0.503151 0.594771 0.027311 0.069094
0 0.480042 0.354809 0.039916 0.048553
0 0.318277 0.606443 0.043067 0.051354
0 0.336660 0.559290 0.039916 0.042951
0 0.350053 0.520075 0.041492 0.046685
0 0.227153 0.551354 0.043592 0.051354
0 0.263393 0.521942 0.041492 0.046685
0 0.263655 0.466853 0.042017 0.048553
0 0.178834 0.517274 0.038340 0.042951
0 0.199842 0.483660 0.044643 0.048553
0 0.210084 0.432306 0.035714 0.044818
0 0.124212 0.493464 0.044643 0.045752
0 0.146008 0.452381 0.043067 0.042017
0 0.162815 0.409897 0.040966 0.046685
0 0.747111 0.681139 0.042542 0.047619
0 0.738971 0.623716 0.040966 0.044818
0 0.735819 0.565826 0.037815 0.042951
0 0.768645 0.538749 0.041492 0.044818
0 0.788078 0.707750 0.033088 0.039216
0 0.809086 0.662465 0.042542 0.047619
0 0.812763 0.612979 0.042542 0.049486
0 0.840074 0.577498 0.045693 0.049486
0 0.831933 0.731559 0.040966 0.047619
0 0.872111 0.643324 0.042542 0.042951
0 0.886555 0.764706 0.044118 0.050420
0 0.931197 0.678338 0.044118 0.047619
0 0.936187 0.791783 0.045693 0.050420
0 0.981618 0.816993 0.034664 0.054155
0 0.926208 0.943044 0.045693 0.054155
1 0.654937 0.690009 0.063025 0.080299
0 0.370798 0.415966 0.037815 0.064426
1 0.264968 0.292717 0.042542 0.056956
0 0.128151 0.226891 0.042017 0.048553
0 0.109244 0.380952 0.045168 0.050420
0 0.095063 0.422969 0.040966 0.052288
0 0.065651 0.464052 0.043067 0.048553
0 0.054097 0.358543 0.038866 0.044818
0 0.018382 0.424837 0.036765 0.054155
0 0.014181 0.217554 0.029412 0.033613
0 0.068277 0.248366 0.045168 0.050420
0 0.008929 0.252101 0.018908 0.054155
0 0.959559 0.645191 0.046218 0.054155
0 0.470326 0.703548 0.033088 0.077498
0 0.586922 0.267040 0.036239 0.076564
0 0.649947 0.202148 0.026786 0.068161
0 0.678046 0.135387 0.030462 0.067227
0 0.661765 0.070962 0.032563 0.070962
0 0.705357 0.047619 0.031513 0.067227
1 0.749475 0.054155 0.051471 0.089636
3 0.558561 0.235761 0.009979 0.023343
3 0.551996 0.234827 0.014706 0.021475
0 0.743172 0.025210 0.026261 0.052288
0 0.040441 0.400093 0.025210 0.066293
