0 0.644717 0.646164 0.024554 0.041005
0 0.636161 0.717593 0.026786 0.043651
0 0.853423 0.708333 0.022321 0.027778
0 0.837426 0.675265 0.027530 0.033069
0 0.870536 0.592593 0.019345 0.047619
0 0.889509 0.656746 0.021577 0.048942
0 0.665179 0.821429 0.020833 0.047619
0 0.641741 0.923280 0.015625 0.044974
0 0.123140 0.603175 0.031994 0.037037
0 0.196057 0.490079 0.026042 0.035714
0 0.009301 0.621693 0.020089 0.044974
0 0.853051 0.174603 0.027530 0.037037
1 0.959449 0.113757 0.031994 0.042328
0 0.713542 0.148810 0.025298 0.043651
0 0.738839 0.229497 0.031250 0.030423
0 0.294643 0.231481 0.019345 0.055556
0 0.255580 0.208333 0.017113 0.048942
0 0.248884 0.156085 0.018601 0.052910
0 0.281622 0.150794 0.018601 0.044974
0 0.327009 0.179894 0.020089 0.052910
0 0.276042 0.574735 0.026786 0.038360
0 0.340402 0.508598 0.027530 0.046296
0 0.354167 0.216931 0.013393 0.037037
2 0.743304 0.296296 0.063988 0.031746
0 0.593750 0.169974 0.026786 0.041005
3 0.338542 0.240741 0.010417 0.031746
0 0.108631 0.650794 0.022321 0.034392
0 0.379836 0.381614 0.020089 0.054233
0 0.956101 0.348545 0.028274 0.041005
3 0.054315 0.673942 0.011905 0.019841
0 0.520461 0.931878 0.023065 0.043651
0 0.572173 0.884921 0.023810 0.047619
0 0.567708 0.784392 0.023810 0.042328
0 0.602307 0.803571 0.020089 0.041005
0 0.034970 0.221561 0.028274 0.035714
