0 0.701265 0.554233 0.024554 0.042328
0 0.777902 0.482143 0.031994 0.043651
0 0.853423 0.708333 0.022321 0.027778
0 0.837426 0.674603 0.027530 0.034392
0 0.871280 0.592593 0.019345 0.047619
0 0.890625 0.658730 0.020833 0.047619
0 0.122768 0.605159 0.031250 0.038360
0 0.196057 0.490741 0.026042 0.034392
0 0.009301 0.622354 0.020089 0.046296
0 0.853051 0.174603 0.027530 0.037037
1 0.959449 0.113757 0.031994 0.042328
0 0.713542 0.148810 0.025298 0.043651
0 0.738839 0.228175 0.031250 0.030423
0 0.293155 0.231481 0.019345 0.055556
0 0.256324 0.208333 0.018601 0.048942
0 0.248884 0.156085 0.018601 0.052910
0 0.281622 0.150794 0.018601 0.044974
0 0.327009 0.180556 0.021577 0.056878
0 0.162574 0.646164 0.027530 0.041005
0 0.206101 0.618386 0.032738 0.038360
0 0.322545 0.072090 0.012649 0.035714
2 0.743304 0.296296 0.063988 0.031746
0 0.593750 0.169974 0.026786 0.041005
3 0.339286 0.241402 0.010417 0.030423
0 0.129092 0.622354 0.027530 0.041005
0 0.212426 0.565476 0.024554 0.041005
0 0.270461 0.580026 0.031994 0.038360
0 0.760789 0.556878 0.024554 0.042328
1 0.828497 0.457672 0.026042 0.039683
1 0.959821 0.343915 0.023810 0.039683
0 0.057664 0.682540 0.033482 0.037037
3 0.171875 0.592593 0.013393 0.021164
0 0.161830 0.621693 0.026042 0.037037
0 0.595982 0.728175 0.023810 0.041005
0 0.612351 0.790344 0.023810 0.046296
0 0.628720 0.669312 0.023810 0.042328
0 0.660714 0.669312 0.025298 0.042328
0 0.670015 0.603175 0.026042 0.039683
0 0.694568 0.617725 0.024554 0.042328
0 0.034598 0.220899 0.029018 0.037037
