0 0.452206 0.668067 0.023109 0.070028
0 0.468750 0.914099 0.036239 0.069094
0 0.525998 0.862745 0.040441 0.063492
0 0.602941 0.529879 0.024160 0.070028
0 0.492384 0.541550 0.030987 0.072829
0 0.528361 0.499066 0.028361 0.062558
0 0.545693 0.330532 0.036765 0.063492
0 0.306985 0.595705 0.047794 0.052288
0 0.316176 0.547619 0.037815 0.047619
0 0.327994 0.507003 0.039391 0.044818
0 0.236607 0.556022 0.040441 0.047619
0 0.268120 0.521475 0.039391 0.042017
0 0.271271 0.470121 0.044643 0.049486
0 0.189601 0.521475 0.039916 0.043884
0 0.210084 0.488329 0.044118 0.048553
0 0.221113 0.441643 0.034664 0.039216
0 0.138130 0.497666 0.044118 0.048553
0 0.157300 0.456583 0.044643 0.050420
0 0.176208 0.416433 0.040441 0.044818
0 0.737920 0.678338 0.043067 0.049486
0 0.736082 0.628852 0.039391 0.047619
0 0.739233 0.575163 0.038340 0.041083
0 0.762342 0.545752 0.042542 0.043884
0 0.774685 0.704949 0.034664 0.037348
0 0.795431 0.663399 0.042542 0.047619
0 0.798582 0.614379 0.043592 0.046685
0 0.828519 0.578898 0.046744 0.052288
0 0.815389 0.728291 0.039391 0.044818
0 0.855830 0.646125 0.041492 0.044818
0 0.869223 0.760037 0.045168 0.050420
0 0.912815 0.675070 0.046218 0.050420
0 0.917017 0.786648 0.045168 0.055089
0 0.965861 0.815126 0.043067 0.052288
0 0.781775 0.866013 0.044643 0.049486
1 0.599790 0.639589 0.058824 0.100840
0 0.427521 0.535014 0.031513 0.067227
1 0.363183 0.383754 0.040441 0.057890
0 0.250525 0.307656 0.037815 0.045752
0 0.123687 0.391223 0.040441 0.044818
0 0.106618 0.425770 0.044118 0.048553
0 0.079569 0.465453 0.044643 0.051354
0 0.069853 0.362278 0.040966 0.039216
0 0.034139 0.434641 0.043067 0.055089
0 0.024422 0.231092 0.040441 0.040149
0 0.082458 0.257703 0.048319 0.054155
0 0.020746 0.262838 0.036239 0.049486
0 0.500788 0.599907 0.033088 0.073763
0 0.622899 0.190943 0.031513 0.068161
0 0.645746 0.208683 0.028887 0.062558
0 0.676996 0.133987 0.029412 0.066293
0 0.704569 0.038282 0.032038 0.072829
1 0.700630 0.191410 0.056723 0.123249
3 0.537815 0.285714 0.012605 0.026144
3 0.562500 0.226424 0.011555 0.025210
0 0.995798 0.838936 0.005252 0.049486
0 0.006828 0.385621 0.014706 0.067227
