0 0.032038 0.301120 0.035714 0.060691
0 0.034664 0.239496 0.040966 0.055089
0 0.717174 0.831933 0.038340 0.042951
0 0.539916 0.684407 0.028361 0.061625
0 0.496324 0.870682 0.034664 0.066293
0 0.455357 0.851541 0.034664 0.072829
0 0.632616 0.253968 0.030987 0.065359
3 0.390756 0.840803 0.012605 0.025210
3 0.370798 0.867880 0.010504 0.023343
3 0.412290 0.325397 0.016807 0.023343
0 0.309611 0.588702 0.040441 0.040149
0 0.327994 0.555556 0.038340 0.046685
0 0.337447 0.516807 0.038340 0.045752
0 0.254989 0.556956 0.039391 0.045752
0 0.283351 0.528945 0.038340 0.042017
0 0.289128 0.482726 0.039391 0.046685
0 0.214286 0.528478 0.037815 0.039216
0 0.232931 0.497199 0.040441 0.045752
0 0.241859 0.452381 0.034139 0.042017
0 0.167805 0.503735 0.041492 0.045752
0 0.184874 0.468721 0.039916 0.048553
0 0.200368 0.429972 0.038340 0.045752
0 0.716912 0.676937 0.040966 0.044818
0 0.719275 0.636788 0.036239 0.046685
0 0.720851 0.584967 0.036239 0.040149
0 0.743435 0.554622 0.040441 0.044818
0 0.750525 0.702148 0.034664 0.037348
0 0.780200 0.670868 0.040441 0.047619
0 0.825630 0.651727 0.042017 0.046685
0 0.801471 0.592904 0.040966 0.046685
0 0.790966 0.726424 0.038866 0.044818
0 0.836922 0.757236 0.040441 0.044818
0 0.881828 0.780579 0.043067 0.046685
0 0.925158 0.805322 0.040441 0.047619
0 0.098477 0.373016 0.041492 0.040149
0 0.032826 0.353408 0.041492 0.038282
0 0.110032 0.474323 0.041492 0.048553
0 0.068540 0.442110 0.041492 0.049486
0 0.107668 0.282446 0.038866 0.043884
0 0.168592 0.315593 0.044118 0.050420
0 0.066702 0.281513 0.039916 0.043884
2 0.494485 0.651727 0.022584 0.147526
0 0.899422 0.929038 0.040441 0.052288
1 0.608193 0.402894 0.029412 0.062558
1 0.380515 0.945845 0.055147 0.098973
0 0.716912 0.093371 0.026261 0.061625
0 0.643645 0.723156 0.037290 0.064426
0 0.603204 0.632586 0.025735 0.070028
2 0.498950 0.367414 0.084034 0.083100
0 0.755777 0.033613 0.032563 0.057890
0 0.565389 0.431839 0.028887 0.070028
0 0.584559 0.318861 0.029412 0.062558
0 0.972952 0.831466 0.048845 0.049486
0 0.039916 0.400093 0.025210 0.066293
0 0.013918 0.409430 0.028887 0.043884
