0 0.029674 0.303922 0.037290 0.062558
0 0.032038 0.242764 0.040966 0.057890
0 0.642332 0.365079 0.028361 0.061625
0 0.603992 0.785247 0.043067 0.042951
0 0.533088 0.630252 0.034664 0.072829
0 0.528887 0.819328 0.036765 0.055089
0 0.457195 0.833333 0.027836 0.060691
0 0.558036 0.455182 0.030987 0.066293
2 0.607931 0.231559 0.073004 0.173669
1 0.479779 0.852474 0.034139 0.074697
0 0.931723 0.620915 0.035714 0.044818
0 0.659401 0.100840 0.028887 0.061625
3 0.217962 0.213819 0.016807 0.018674
0 0.308561 0.588702 0.040441 0.040149
0 0.326943 0.554622 0.038340 0.046685
0 0.336134 0.516340 0.038866 0.044818
0 0.254202 0.557423 0.039916 0.046685
0 0.282038 0.528945 0.037815 0.042017
0 0.288603 0.481793 0.039391 0.046685
0 0.213761 0.525677 0.036765 0.039216
0 0.231880 0.497199 0.040441 0.045752
0 0.240021 0.450980 0.034664 0.039216
0 0.166754 0.503268 0.041492 0.044818
0 0.183298 0.468721 0.039916 0.048553
0 0.199842 0.429972 0.038340 0.045752
0 0.716912 0.674136 0.040966 0.044818
0 0.718225 0.633987 0.036239 0.046685
0 0.721376 0.583100 0.036239 0.040149
0 0.743435 0.554622 0.040441 0.044818
0 0.751050 0.700280 0.034664 0.037348
0 0.769695 0.661531 0.040441 0.047619
0 0.789391 0.626050 0.042017 0.047619
0 0.799107 0.588702 0.040441 0.047619
0 0.789391 0.724556 0.038866 0.044818
0 0.836922 0.754435 0.040441 0.044818
0 0.881303 0.778711 0.043067 0.046685
0 0.925158 0.800654 0.040441 0.047619
1 0.672006 0.141923 0.046744 0.104575
0 0.150473 0.404295 0.040441 0.044818
0 0.100578 0.410831 0.040441 0.056022
0 0.108981 0.475257 0.041492 0.048553
0 0.065914 0.442110 0.041492 0.049486
0 0.102941 0.280579 0.038866 0.043884
0 0.165966 0.314659 0.044118 0.050420
0 0.065389 0.281979 0.040441 0.044818
2 0.437237 0.474790 0.070903 0.131653
1 0.687500 0.176937 0.029412 0.062558
0 0.830882 0.845472 0.042017 0.049486
0 0.712447 0.772642 0.036239 0.049486
2 0.329832 0.328198 0.087185 0.086835
0 0.513918 0.568627 0.027836 0.067227
0 0.503414 0.530345 0.030987 0.057890
0 0.972426 0.829599 0.048845 0.049486
0 0.039391 0.401494 0.025210 0.067227
0 0.013393 0.409430 0.027836 0.043884
