0 0.703497 0.551587 0.024554 0.042328
0 0.788318 0.467593 0.031994 0.043651
0 0.853423 0.708333 0.022321 0.027778
0 0.837426 0.674603 0.027530 0.034392
0 0.871280 0.592593 0.019345 0.047619
0 0.891369 0.658730 0.020833 0.047619
0 0.123512 0.605159 0.031250 0.038360
0 0.196801 0.490741 0.026042 0.034392
0 0.009301 0.622354 0.020089 0.046296
0 0.853051 0.174603 0.027530 0.037037
1 0.959449 0.113757 0.031994 0.042328
0 0.713542 0.148810 0.025298 0.043651
0 0.738839 0.228175 0.031250 0.030423
0 0.293155 0.231481 0.019345 0.055556
0 0.256324 0.208333 0.018601 0.048942
0 0.248884 0.156085 0.018601 0.052910
0 0.281622 0.150794 0.018601 0.044974
0 0.327009 0.180556 0.021577 0.056878
0 0.161458 0.646825 0.028274 0.039683
0 0.203497 0.621032 0.033482 0.038360
0 0.321057 0.060847 0.012649 0.034392
2 0.743304 0.296296 0.063988 0.031746
0 0.593750 0.169974 0.026786 0.041005
3 0.339286 0.241402 0.010417 0.030423
0 0.136533 0.617063 0.027530 0.041005
0 0.216146 0.564153 0.024554 0.041005
0 0.266741 0.582672 0.031994 0.038360
0 0.755208 0.570767 0.023810 0.043651
1 0.818824 0.470899 0.026042 0.039683
1 0.949777 0.350529 0.024554 0.039683
0 0.065104 0.679894 0.033482 0.037037
3 0.175595 0.587302 0.013393 0.021164
0 0.166295 0.617725 0.026042 0.037037
0 0.599702 0.721561 0.023810 0.041005
0 0.618304 0.777116 0.023810 0.046296
0 0.634673 0.657407 0.023810 0.042328
0 0.664435 0.664021 0.025298 0.042328
0 0.672991 0.604497 0.026042 0.039683
0 0.698289 0.616402 0.024554 0.042328
0 0.034598 0.220899 0.029018 0.037037
