0 0.449580 0.642390 0.028361 0.069094
0 0.480042 0.891690 0.036765 0.070962
0 0.538340 0.854809 0.042017 0.058824
0 0.609244 0.553688 0.026261 0.070962
0 0.487920 0.557890 0.030462 0.071895
0 0.522847 0.521475 0.027836 0.064426
0 0.531250 0.339402 0.038340 0.056956
0 0.307773 0.597106 0.046218 0.051354
0 0.319590 0.549486 0.038340 0.045752
0 0.331933 0.509804 0.039916 0.044818
0 0.234244 0.554622 0.040966 0.048553
0 0.266282 0.521008 0.039916 0.042951
0 0.269433 0.469655 0.043067 0.048553
0 0.187500 0.520542 0.039916 0.043884
0 0.207458 0.487395 0.044118 0.048553
0 0.218750 0.439776 0.035189 0.041083
0 0.132616 0.495331 0.042542 0.043884
0 0.154149 0.454715 0.043592 0.044818
0 0.171744 0.415966 0.039916 0.045752
0 0.740809 0.679272 0.042542 0.047619
0 0.740809 0.628852 0.039391 0.042017
0 0.743960 0.574697 0.038340 0.038282
0 0.766282 0.541550 0.040966 0.044818
0 0.779412 0.704949 0.033613 0.039216
0 0.798319 0.661064 0.040966 0.044818
0 0.804097 0.613445 0.042017 0.050420
0 0.833508 0.577498 0.045168 0.051354
0 0.820378 0.731092 0.040966 0.046685
0 0.860557 0.644725 0.041492 0.042017
0 0.874475 0.761905 0.042017 0.050420
0 0.917805 0.676471 0.043592 0.047619
0 0.920956 0.786181 0.045693 0.050420
0 0.974002 0.813725 0.044643 0.053221
0 0.813025 0.880486 0.045168 0.050420
1 0.609506 0.649860 0.058298 0.095238
0 0.418592 0.504202 0.030462 0.067227
1 0.342174 0.359477 0.040441 0.056022
0 0.221901 0.286648 0.041492 0.048553
0 0.120536 0.388889 0.044643 0.049486
0 0.103729 0.424370 0.041492 0.051354
0 0.075630 0.465453 0.043067 0.049486
0 0.066176 0.362745 0.038866 0.043884
0 0.029412 0.433240 0.043067 0.054155
0 0.020483 0.226891 0.038866 0.035481
0 0.075630 0.252568 0.046218 0.051354
0 0.016019 0.257703 0.030987 0.052288
0 0.494223 0.623249 0.032563 0.073763
0 0.614496 0.208683 0.031513 0.071895
0 0.646534 0.206816 0.028361 0.064426
0 0.676208 0.136321 0.029937 0.067227
0 0.704569 0.042484 0.032038 0.070028
1 0.712185 0.154062 0.054622 0.123249
3 0.542542 0.273109 0.011555 0.025210
3 0.559874 0.228291 0.012605 0.023343
0 0.004202 0.382820 0.009454 0.067227
