0 0.355830 0.976190 0.030987 0.045752
0 0.737920 0.047619 0.031513 0.059757
0 0.457983 0.715686 0.022059 0.070028
0 0.450630 0.954248 0.033613 0.070962
0 0.507090 0.877218 0.037290 0.066293
0 0.595063 0.492997 0.022059 0.067227
0 0.500263 0.517274 0.030987 0.072829
0 0.537815 0.464986 0.028361 0.059757
0 0.564338 0.307190 0.035189 0.065359
0 0.303571 0.591970 0.047269 0.052288
0 0.317227 0.548553 0.037815 0.047619
0 0.327994 0.508870 0.039391 0.044818
0 0.239758 0.557890 0.039391 0.047619
0 0.270221 0.521475 0.038340 0.042017
0 0.272847 0.471055 0.044643 0.049486
0 0.193803 0.521475 0.038866 0.042017
0 0.213235 0.488796 0.043067 0.047619
0 0.224790 0.444444 0.034664 0.039216
0 0.142332 0.497666 0.044118 0.048553
0 0.161502 0.457049 0.044643 0.049486
0 0.180672 0.421102 0.038866 0.044818
0 0.733981 0.676937 0.042542 0.048553
0 0.732931 0.628852 0.039391 0.047619
0 0.737132 0.576097 0.037290 0.041083
0 0.758929 0.547619 0.040966 0.043884
0 0.770483 0.703081 0.034664 0.037348
0 0.790179 0.663399 0.040441 0.047619
0 0.793592 0.614379 0.042017 0.046685
0 0.823529 0.579365 0.046218 0.051354
0 0.811187 0.726424 0.039391 0.044818
0 0.850315 0.646125 0.040966 0.044818
0 0.862132 0.757236 0.043592 0.050420
0 0.905725 0.673669 0.044643 0.049486
0 0.909664 0.781979 0.045168 0.055089
0 0.959034 0.810458 0.043067 0.050420
0 0.730830 0.844538 0.041492 0.049486
1 0.586660 0.614379 0.051471 0.106443
0 0.442227 0.580766 0.027311 0.067227
1 0.398109 0.422035 0.040966 0.059757
0 0.293592 0.334734 0.037815 0.045752
0 0.127889 0.392157 0.040441 0.044818
0 0.111870 0.428105 0.043067 0.047619
0 0.084559 0.467320 0.043067 0.051354
0 0.075105 0.366013 0.040966 0.039216
0 0.041229 0.437908 0.042542 0.054155
0 0.030462 0.235761 0.040966 0.040149
0 0.088761 0.262838 0.048319 0.053221
0 0.025210 0.267507 0.038866 0.049486
0 0.511292 0.566293 0.032038 0.071895
0 0.632878 0.161998 0.031513 0.068161
0 0.647321 0.202614 0.028887 0.061625
0 0.679359 0.126984 0.028887 0.063492
1 0.680147 0.253035 0.056723 0.123249
0 0.992122 0.836134 0.012605 0.049486
0 0.011029 0.389356 0.023109 0.067227
