0 0.853423 0.718254 0.023810 0.026455
0 0.836682 0.687169 0.024554 0.027778
0 0.872768 0.602513 0.019345 0.046296
0 0.883185 0.681217 0.013393 0.044974
0 0.126488 0.597884 0.028274 0.034392
0 0.200149 0.487434 0.026786 0.035714
0 0.013021 0.612434 0.023065 0.050265
0 0.855655 0.183862 0.026786 0.031746
1 0.961310 0.125661 0.031250 0.037037
1 0.715774 0.156746 0.020833 0.041005
0 0.740699 0.235450 0.026042 0.023810
0 0.300223 0.229497 0.018601 0.056878
0 0.260417 0.207672 0.019345 0.047619
0 0.251488 0.156746 0.017857 0.054233
0 0.284970 0.151455 0.017857 0.046296
0 0.299479 0.015212 0.018601 0.030423
2 0.747024 0.303571 0.063988 0.030423
0 0.597470 0.175926 0.025298 0.042328
0 0.338542 0.036376 0.019345 0.043651
0 0.358631 0.136905 0.014881 0.041005
0 0.071429 0.663360 0.026786 0.033069
0 0.389881 0.608466 0.026786 0.047619
0 0.444568 0.722222 0.023065 0.050265
0 0.334821 0.269841 0.022321 0.050265
3 0.322917 0.281746 0.014881 0.039683
3 0.226562 0.574074 0.014137 0.021164
3 0.807292 0.220899 0.011905 0.021164
3 0.614583 0.663360 0.014881 0.019841
3 0.441220 0.826058 0.010417 0.025132
0 0.690848 0.347884 0.029018 0.026455
0 0.575149 0.394180 0.025298 0.026455
0 0.207589 0.644841 0.031250 0.038360
1 0.238467 0.623016 0.029018 0.029101
1 0.269717 0.609127 0.031994 0.038360
0 0.780878 0.351190 0.031994 0.027778
0 0.604539 0.383598 0.024554 0.023810
0 0.644717 0.382275 0.029018 0.026455
0 0.646949 0.645503 0.027530 0.039683
0 0.654390 0.685185 0.027530 0.042328
0 0.673735 0.607143 0.027530 0.039683
0 0.689732 0.629630 0.026786 0.042328
0 0.805432 0.442460 0.026042 0.038360
0 0.450149 0.634259 0.023810 0.048942
0 0.041667 0.213624 0.025298 0.033069
