0 0.453256 0.673203 0.023109 0.070962
0 0.466387 0.918768 0.035714 0.069094
0 0.523372 0.864146 0.040441 0.064426
0 0.601628 0.524743 0.023634 0.069094
0 0.492910 0.537815 0.030987 0.072829
0 0.529412 0.494398 0.028361 0.062558
0 0.548845 0.329132 0.036765 0.064426
0 0.306460 0.594771 0.047794 0.052288
0 0.316176 0.547619 0.037815 0.047619
0 0.327994 0.507003 0.039391 0.044818
0 0.236607 0.556022 0.040441 0.047619
0 0.268120 0.521475 0.039391 0.042017
0 0.271271 0.470121 0.044643 0.049486
0 0.189863 0.521008 0.039391 0.042951
0 0.210084 0.488329 0.044118 0.048553
0 0.221639 0.441643 0.034664 0.039216
0 0.138655 0.497666 0.044118 0.048553
0 0.157826 0.456583 0.044643 0.050420
0 0.176471 0.416433 0.039916 0.044818
0 0.737395 0.677404 0.043067 0.049486
0 0.735557 0.628852 0.039391 0.047619
0 0.738708 0.575163 0.038340 0.041083
0 0.761817 0.545752 0.042542 0.043884
0 0.774160 0.704949 0.034664 0.037348
0 0.794643 0.663399 0.042017 0.047619
0 0.797794 0.614379 0.043067 0.046685
0 0.827468 0.578898 0.046744 0.052288
0 0.814863 0.728291 0.039391 0.044818
0 0.854779 0.646125 0.041492 0.044818
0 0.868172 0.759104 0.045168 0.050420
0 0.912290 0.675070 0.046218 0.050420
0 0.915966 0.785714 0.045168 0.055089
0 0.964811 0.814192 0.043067 0.052288
0 0.775210 0.863212 0.044118 0.049486
1 0.597952 0.636321 0.058298 0.101774
0 0.429359 0.540616 0.030987 0.067227
1 0.367384 0.388422 0.040441 0.057890
0 0.256303 0.311391 0.037815 0.045752
0 0.124212 0.391223 0.040441 0.044818
0 0.107143 0.425770 0.044118 0.048553
0 0.080095 0.465453 0.044643 0.051354
0 0.070378 0.363212 0.040966 0.039216
0 0.035189 0.434641 0.043067 0.055089
0 0.024947 0.231092 0.040441 0.040149
0 0.082983 0.257703 0.048319 0.054155
0 0.021008 0.262838 0.036765 0.049486
0 0.501838 0.595238 0.033088 0.073763
0 0.623950 0.187208 0.031513 0.068161
0 0.645483 0.208683 0.028361 0.062558
0 0.676996 0.132586 0.029412 0.065359
0 0.704569 0.037348 0.032038 0.072829
1 0.698004 0.198880 0.056723 0.123249
3 0.562763 0.226424 0.011029 0.025210
0 0.995273 0.838936 0.006303 0.049486
0 0.007353 0.385621 0.015756 0.067227
