0 0.751488 0.488095 0.025298 0.042328
0 0.853051 0.710979 0.023065 0.025132
0 0.837426 0.679894 0.024554 0.031746
0 0.872024 0.593915 0.019345 0.044974
0 0.887277 0.657407 0.020089 0.044974
0 0.123884 0.599206 0.027530 0.037037
0 0.198661 0.491402 0.026786 0.035714
0 0.011905 0.619048 0.023810 0.050265
0 0.853423 0.177249 0.026786 0.031746
1 0.960565 0.117725 0.031250 0.037037
1 0.712054 0.150132 0.020833 0.041005
0 0.738839 0.231481 0.025298 0.023810
0 0.297991 0.229497 0.020089 0.056878
0 0.258929 0.208995 0.020833 0.050265
0 0.248884 0.155423 0.020089 0.054233
0 0.283110 0.151455 0.018601 0.043651
0 0.329613 0.179233 0.023810 0.051587
0 0.072173 0.708333 0.028274 0.038360
0 0.135789 0.664683 0.029018 0.041005
2 0.742932 0.294312 0.064732 0.033069
0 0.596354 0.171958 0.026042 0.042328
3 0.665923 0.296296 0.010417 0.018519
3 0.321429 0.281746 0.014881 0.039683
3 0.804688 0.212302 0.011161 0.019841
3 0.537574 0.852513 0.011161 0.033069
3 0.238467 0.661376 0.011161 0.015873
3 0.325893 0.160053 0.011905 0.034392
3 0.345982 0.205026 0.008929 0.021164
3 0.728423 0.317460 0.016369 0.018519
3 0.965030 0.235450 0.017857 0.018519
0 0.320685 0.500661 0.025298 0.038360
0 0.390997 0.472884 0.024554 0.030423
0 0.336310 0.327381 0.014881 0.046296
0 0.326637 0.247354 0.020833 0.044974
0 0.010417 0.771164 0.020833 0.037037
0 0.208705 0.616402 0.031994 0.037037
0 0.304315 0.587302 0.028274 0.031746
1 0.366815 0.591931 0.029762 0.030423
1 0.427455 0.666005 0.026042 0.038360
0 0.450521 0.409392 0.029018 0.038360
0 0.481399 0.427249 0.023810 0.023810
0 0.545387 0.402116 0.028274 0.029101
3 0.516741 0.374339 0.012649 0.018519
0 0.726562 0.363757 0.029018 0.026455
0 0.646205 0.641534 0.027530 0.039683
0 0.654018 0.679894 0.026786 0.044974
0 0.671131 0.603836 0.025298 0.041005
0 0.682664 0.633598 0.027530 0.044974
0 0.699405 0.562169 0.023810 0.039683
0 0.848958 0.391534 0.025298 0.037037
0 0.776414 0.509259 0.026042 0.044974
0 0.038318 0.217593 0.026042 0.038360
