0 0.020746 0.333333 0.027836 0.072829
0 0.017857 0.268441 0.031513 0.066293
0 0.720063 0.071895 0.025210 0.056022
2 0.396796 0.844538 0.075105 0.189542
0 0.695116 0.266573 0.022584 0.058824
0 0.678309 0.192810 0.030987 0.062558
0 0.463761 0.648459 0.028361 0.064426
0 0.616597 0.401494 0.031513 0.063492
0 0.642332 0.224556 0.027311 0.058824
0 0.572479 0.307190 0.031513 0.063492
0 0.601103 0.289916 0.026786 0.058824
0 0.643120 0.135854 0.027836 0.062558
0 0.306197 0.588702 0.040966 0.040149
0 0.325105 0.554155 0.037815 0.047619
0 0.332721 0.514472 0.039391 0.044818
0 0.251838 0.557890 0.039391 0.047619
0 0.279149 0.528945 0.038340 0.042017
0 0.285452 0.481793 0.039391 0.046685
0 0.210347 0.526144 0.035189 0.040149
0 0.229779 0.498133 0.040441 0.045752
0 0.240021 0.450980 0.034664 0.039216
0 0.164391 0.505135 0.040966 0.044818
0 0.182773 0.467320 0.040966 0.049486
0 0.199317 0.430439 0.038340 0.044818
0 0.716912 0.671335 0.040966 0.044818
0 0.720326 0.627451 0.036239 0.046685
0 0.726628 0.579365 0.036239 0.040149
0 0.747374 0.550887 0.040966 0.044818
0 0.754202 0.700280 0.034664 0.037348
0 0.776523 0.662465 0.040441 0.047619
0 0.780462 0.612979 0.042017 0.047619
0 0.804097 0.583100 0.044118 0.049486
0 0.793330 0.720822 0.039391 0.044818
0 0.829307 0.645191 0.040966 0.044818
0 0.841649 0.751634 0.040441 0.044818
0 0.929884 0.700747 0.043592 0.045752
0 0.883403 0.774977 0.043067 0.046685
0 0.927784 0.797852 0.040441 0.047619
0 0.507353 0.859010 0.036765 0.065359
1 0.565651 0.476190 0.040966 0.106443
0 0.445378 0.835668 0.031513 0.070962
1 0.486345 0.661064 0.025210 0.070962
0 0.504989 0.390756 0.035189 0.049486
0 0.148897 0.402428 0.040441 0.044818
0 0.132353 0.439309 0.040966 0.043884
0 0.105305 0.476190 0.041492 0.048553
0 0.097689 0.380019 0.040966 0.039216
0 0.062237 0.442110 0.041492 0.049486
0 0.080095 0.263305 0.040441 0.050420
0 0.139968 0.302988 0.045693 0.049486
0 0.050945 0.289916 0.035714 0.049486
0 0.573529 0.378151 0.031513 0.067227
0 0.674895 0.116246 0.026261 0.062558
1 0.570116 0.590103 0.056197 0.112045
2 0.017069 0.150327 0.035189 0.084034
0 0.974265 0.824930 0.046218 0.049486
0 0.035714 0.400560 0.025210 0.067227
0 0.008403 0.409430 0.017857 0.043884
