0 0.031513 0.301120 0.036765 0.060691
0 0.033613 0.239496 0.040966 0.055089
0 0.864758 0.899627 0.040441 0.049486
0 0.591912 0.516340 0.028361 0.061625
0 0.551733 0.808123 0.043592 0.053221
0 0.486345 0.758170 0.034664 0.072829
0 0.472164 0.911765 0.032563 0.068161
0 0.426733 0.921569 0.027836 0.059757
0 0.588498 0.373016 0.030987 0.066293
3 0.350315 0.951447 0.010504 0.026144
3 0.317752 0.263305 0.016807 0.022409
0 0.309086 0.588702 0.040441 0.040149
0 0.327468 0.555556 0.038340 0.046685
0 0.336660 0.516807 0.038866 0.045752
0 0.254464 0.557423 0.039391 0.046685
0 0.282563 0.528945 0.037815 0.042017
0 0.289128 0.481793 0.039391 0.046685
0 0.214286 0.525677 0.037815 0.039216
0 0.231880 0.497199 0.040441 0.045752
0 0.240284 0.450980 0.034139 0.039216
0 0.167279 0.503268 0.041492 0.044818
0 0.184349 0.468721 0.039916 0.048553
0 0.200368 0.429972 0.038340 0.045752
0 0.716912 0.675070 0.040966 0.044818
0 0.718225 0.634921 0.036239 0.046685
0 0.720851 0.583100 0.036239 0.040149
0 0.743435 0.552754 0.040441 0.044818
0 0.750525 0.700280 0.034664 0.037348
0 0.773897 0.665266 0.040441 0.047619
0 0.803046 0.633053 0.042017 0.046685
0 0.800420 0.590570 0.040966 0.047619
0 0.789391 0.726424 0.038866 0.044818
0 0.836922 0.754435 0.040441 0.044818
0 0.881303 0.779645 0.043067 0.046685
0 0.925158 0.801587 0.040441 0.047619
0 0.137342 0.394491 0.040441 0.043884
0 0.072742 0.373950 0.040441 0.055089
0 0.109506 0.475257 0.041492 0.048553
0 0.066964 0.442110 0.041492 0.049486
0 0.103466 0.280579 0.038866 0.043884
0 0.167542 0.315593 0.044118 0.050420
0 0.066439 0.281513 0.040441 0.043884
2 0.474002 0.557890 0.051996 0.146592
1 0.648109 0.289916 0.029412 0.062558
0 0.747374 0.014939 0.026261 0.031746
0 0.724790 0.781513 0.044118 0.050420
0 0.637342 0.711018 0.034139 0.064426
2 0.419380 0.366013 0.085609 0.065359
0 0.538340 0.508403 0.028361 0.070028
0 0.538340 0.435574 0.027311 0.060691
0 0.972426 0.830532 0.048845 0.049486
0 0.039916 0.400560 0.025210 0.067227
0 0.013655 0.409430 0.028361 0.043884
