0 0.408613 0.496732 0.029412 0.069094
0 0.546218 0.797386 0.044118 0.074697
0 0.604779 0.842204 0.043592 0.041083
0 0.636817 0.637722 0.030987 0.074697
0 0.456145 0.652194 0.032038 0.071895
0 0.491334 0.634921 0.027836 0.070962
0 0.450105 0.351074 0.040966 0.048553
0 0.331145 0.613912 0.043592 0.051354
0 0.353729 0.569561 0.039391 0.044818
0 0.366334 0.528945 0.041492 0.047619
0 0.225578 0.551354 0.045693 0.051354
0 0.264706 0.521942 0.039916 0.046685
0 0.259716 0.462652 0.042542 0.053221
0 0.172006 0.514006 0.038340 0.043884
0 0.196429 0.480859 0.044118 0.048553
0 0.204569 0.427638 0.036239 0.044818
0 0.117122 0.491130 0.045168 0.046685
0 0.142332 0.451447 0.043067 0.042017
0 0.158351 0.406162 0.041492 0.046685
0 0.751313 0.681139 0.042542 0.047619
0 0.733718 0.619981 0.040966 0.044818
0 0.726103 0.554155 0.038340 0.042017
0 0.766019 0.531279 0.041492 0.044818
0 0.793330 0.707750 0.033088 0.039216
0 0.814601 0.666200 0.043067 0.047619
0 0.814863 0.609244 0.042542 0.049486
0 0.841912 0.570495 0.045168 0.050420
0 0.838235 0.734360 0.040966 0.047619
0 0.876313 0.642857 0.042542 0.042017
0 0.893382 0.767974 0.044118 0.051354
0 0.938288 0.677404 0.044643 0.047619
0 0.943540 0.791783 0.045693 0.050420
0 0.986870 0.816993 0.024160 0.054155
0 0.981880 0.974323 0.028887 0.045752
1 0.681723 0.708217 0.065126 0.075630
0 0.340074 0.375817 0.039391 0.064426
1 0.221901 0.261905 0.042542 0.056956
0 0.077731 0.194211 0.042017 0.048553
0 0.098739 0.366947 0.045168 0.050420
0 0.086660 0.416433 0.040966 0.052288
0 0.057773 0.460317 0.043067 0.048553
0 0.047006 0.351074 0.040441 0.044818
0 0.013130 0.421102 0.027311 0.054155
0 0.009454 0.210084 0.019958 0.033613
0 0.061450 0.243697 0.045168 0.050420
0 0.952731 0.637722 0.046218 0.054155
0 0.455620 0.746499 0.034139 0.081232
0 0.569590 0.293184 0.040441 0.072829
0 0.651786 0.198880 0.026261 0.069094
0 0.680147 0.130719 0.030462 0.067227
0 0.655462 0.087768 0.032563 0.070962
0 0.706408 0.045752 0.031513 0.067227
3 0.565389 0.217554 0.009979 0.022409
3 0.547269 0.240896 0.014706 0.022409
