0 0.014706 0.327731 0.024160 0.072829
0 0.013655 0.264706 0.028361 0.066293
2 0.358981 0.951447 0.045693 0.091503
0 0.736870 0.121382 0.025210 0.056022
0 0.735819 0.036415 0.029412 0.048553
0 0.418067 0.782446 0.030462 0.069094
0 0.668592 0.242764 0.031513 0.063492
0 0.433561 0.898693 0.027836 0.066293
0 0.617647 0.319795 0.028361 0.062558
0 0.533351 0.412698 0.030987 0.065359
0 0.571691 0.366947 0.027836 0.059757
0 0.613445 0.215686 0.030462 0.061625
0 0.304359 0.588702 0.042542 0.042017
0 0.323004 0.550420 0.037815 0.047619
0 0.332195 0.514472 0.039391 0.044818
0 0.248687 0.558824 0.039391 0.047619
0 0.277836 0.528011 0.037815 0.042017
0 0.283351 0.479925 0.040441 0.046685
0 0.206670 0.525677 0.037290 0.039216
0 0.225053 0.494398 0.040441 0.045752
0 0.235294 0.449113 0.034664 0.039216
0 0.156775 0.501867 0.042542 0.045752
0 0.176208 0.466853 0.040441 0.050420
0 0.192489 0.428105 0.038340 0.045752
0 0.722426 0.674136 0.040441 0.044818
0 0.722952 0.627451 0.036239 0.046685
0 0.727679 0.578431 0.036239 0.040149
0 0.750000 0.551821 0.040966 0.044818
0 0.757353 0.700280 0.034664 0.037348
0 0.777574 0.662465 0.040441 0.047619
0 0.783088 0.612979 0.042017 0.047619
0 0.807511 0.581699 0.044643 0.050420
0 0.797006 0.720822 0.039391 0.044818
0 0.835084 0.643324 0.040966 0.044818
0 0.845588 0.752101 0.040966 0.045752
0 0.888393 0.673203 0.043592 0.046685
0 0.891282 0.777778 0.043067 0.046685
0 0.936975 0.799720 0.040966 0.047619
0 0.595588 0.813725 0.040966 0.049486
1 0.560924 0.533613 0.033613 0.107376
0 0.463235 0.726891 0.023109 0.068161
1 0.472164 0.556489 0.030462 0.070962
0 0.422269 0.407096 0.037815 0.039216
0 0.142069 0.398693 0.040441 0.044818
0 0.127101 0.436041 0.040966 0.044818
0 0.104779 0.476190 0.041492 0.048553
0 0.091912 0.377218 0.040966 0.039216
0 0.058561 0.441176 0.041492 0.049486
0 0.057248 0.251634 0.040966 0.040149
0 0.119485 0.288515 0.046744 0.050420
0 0.045168 0.284314 0.039916 0.049486
0 0.547794 0.453782 0.031513 0.067227
0 0.658351 0.160598 0.028887 0.061625
0 0.692752 0.084034 0.028361 0.061625
1 0.617384 0.437908 0.053046 0.115780
0 0.980305 0.826797 0.036239 0.049486
0 0.027311 0.398693 0.025210 0.067227
