0 0.810924 0.213819 0.066176 0.061625
0 0.994748 0.308123 0.009454 0.059757
0 0.924895 0.432306 0.045168 0.091503
0 0.874212 0.255836 0.046744 0.091503
0 0.716649 0.176004 0.047794 0.086835
0 0.786765 0.284314 0.048319 0.086835
0 0.744485 0.364146 0.044643 0.089636
0 0.914391 0.529412 0.067227 0.072829
0 0.942752 0.578431 0.067227 0.066293
0 0.924632 0.642857 0.071954 0.066293
0 0.866597 0.577498 0.047269 0.094304
0 0.849790 0.650794 0.065126 0.059757
0 0.795431 0.749300 0.047794 0.099907
0 0.659139 0.357610 0.031513 0.095238
0 0.637868 0.422502 0.055147 0.083100
0 0.604254 0.472923 0.046744 0.099907
0 0.559086 0.442110 0.039391 0.105509
0 0.493172 0.404295 0.055672 0.085901
0 0.423845 0.285714 0.056723 0.085901
0 0.786239 0.946312 0.072479 0.094304
0 0.561450 0.901027 0.049370 0.123249
0 0.469800 0.553688 0.054097 0.108310
0 0.393382 0.494865 0.063025 0.070962
0 0.380515 0.446312 0.059349 0.076564
0 0.421218 0.198413 0.052521 0.094304
0 0.352941 0.130252 0.046218 0.081232
1 0.237395 0.102708 0.070378 0.106443
0 0.272321 0.249767 0.050945 0.073763
0 0.679097 0.973856 0.056723 0.050420
0 0.461660 0.661064 0.054622 0.078431
0 0.511555 0.821662 0.055672 0.102708
0 0.439601 0.960317 0.057773 0.073763
3 0.659139 0.653128 0.025210 0.053221
3 0.967962 0.239496 0.018908 0.043884
3 0.821166 0.568161 0.019433 0.043884
3 0.759979 0.768441 0.017857 0.056022
