0 0.708771 0.466853 0.050945 0.100840
0 0.364233 0.716620 0.062500 0.124183
0 0.586922 0.976657 0.049895 0.042951
0 0.648897 0.828198 0.065651 0.072829
0 0.681197 0.728758 0.055672 0.107376
0 0.723214 0.627918 0.047269 0.122316
0 0.768382 0.499066 0.051471 0.105509
0 0.558824 0.723623 0.053571 0.110177
0 0.862395 0.380019 0.052521 0.056022
0 0.806723 0.353875 0.050420 0.098973
0 0.868697 0.333333 0.063025 0.056022
0 0.848739 0.259570 0.044118 0.082166
0 0.589286 0.411765 0.040966 0.098973
0 0.509454 0.627451 0.054622 0.102708
0 0.669643 0.240896 0.047269 0.095238
0 0.698529 0.157796 0.057773 0.072829
0 0.631828 0.141923 0.056723 0.056022
0 0.418855 0.791317 0.068803 0.062558
0 0.742647 0.055556 0.040966 0.090570
3 0.553571 0.954715 0.019958 0.043884
3 0.793067 0.283847 0.017857 0.050420
3 0.771008 0.110644 0.019958 0.043884
3 0.627101 0.332866 0.025210 0.040149
3 0.739496 0.133520 0.016807 0.044818
