0 0.847689 0.400093 0.053571 0.088702
0 0.409664 0.655462 0.066176 0.117647
0 0.667017 0.883287 0.066176 0.061625
0 0.707458 0.796452 0.059874 0.104575
0 0.764443 0.707750 0.056197 0.117647
0 0.821166 0.592904 0.054097 0.104575
0 0.487920 0.917834 0.060924 0.108310
0 0.927521 0.496732 0.058824 0.059757
0 0.878939 0.462185 0.056197 0.095238
0 0.948004 0.454715 0.063025 0.056022
0 0.932773 0.372549 0.047269 0.078431
0 0.647059 0.449113 0.044118 0.100840
0 0.549895 0.639589 0.056723 0.098973
0 0.746061 0.301587 0.053046 0.093371
0 0.784139 0.225957 0.059874 0.061625
0 0.718750 0.193744 0.060399 0.060691
0 0.903887 0.190009 0.051471 0.084967
0 0.440914 0.772176 0.068803 0.067227
0 0.841649 0.140523 0.049895 0.088702
0 0.880252 0.072829 0.050420 0.082166
3 0.626576 0.848273 0.019958 0.043884
3 0.922269 0.302521 0.022059 0.041083
3 0.813025 0.298319 0.022059 0.043884
3 0.863183 0.192810 0.019433 0.040149
3 0.690651 0.379085 0.025210 0.041083
3 0.604779 0.564893 0.014181 0.037348
3 0.828519 0.219421 0.024685 0.044818
