0 0.635767 0.081699 0.056197 0.077498
0 0.827994 0.070962 0.049895 0.072829
0 0.774160 0.224090 0.032563 0.089636
0 0.547794 0.091036 0.034664 0.088702
0 0.625263 0.164332 0.036239 0.089636
0 0.605042 0.257703 0.034664 0.089636
0 0.779937 0.316060 0.056723 0.073763
0 0.811975 0.347339 0.060924 0.070962
0 0.803046 0.415500 0.061975 0.070962
0 0.748950 0.394024 0.034664 0.095238
0 0.745798 0.469655 0.054622 0.072829
0 0.704569 0.568627 0.034139 0.100840
0 0.522584 0.303455 0.043067 0.093371
0 0.515756 0.370682 0.055672 0.070962
0 0.490021 0.441176 0.049370 0.094304
0 0.448267 0.436041 0.033088 0.110177
0 0.377101 0.429505 0.063025 0.070962
0 0.287027 0.358077 0.063550 0.073763
0 0.739758 0.767507 0.069853 0.074697
0 0.532826 0.702614 0.044643 0.112979
0 0.381828 0.590570 0.064076 0.094304
0 0.293067 0.578431 0.063025 0.090570
0 0.271534 0.526611 0.059874 0.085901
0 0.270483 0.270775 0.061975 0.076564
0 0.186712 0.239496 0.059349 0.066293
1 0.061187 0.275910 0.081408 0.096172
0 0.127889 0.403361 0.050945 0.078431
0 0.654149 0.887488 0.046744 0.122316
0 0.389706 0.694211 0.049370 0.088702
0 0.473477 0.816060 0.043592 0.117647
3 0.630777 0.436041 0.015756 0.044818
3 0.727416 0.286648 0.015756 0.044818
3 0.499212 0.940243 0.016282 0.054155
3 0.644958 0.690009 0.015756 0.054155
3 0.695903 0.513539 0.017857 0.056022
