0 0.025998 0.322596 0.027836 0.066293
0 0.025473 0.257703 0.038340 0.063492
0 0.746586 0.058824 0.027836 0.056022
0 0.759979 0.838002 0.042017 0.047619
0 0.654674 0.298786 0.033088 0.065359
0 0.678309 0.766106 0.040441 0.043884
0 0.558561 0.543417 0.027836 0.056022
0 0.501313 0.608310 0.030987 0.066293
2 0.529937 0.448646 0.075630 0.178338
1 0.609506 0.478525 0.032038 0.070028
0 0.748687 0.513539 0.037290 0.044818
0 0.506565 0.700747 0.030987 0.071895
0 0.586660 0.295985 0.028361 0.061625
0 0.454569 0.851541 0.032038 0.069094
0 0.687763 0.077498 0.025735 0.052288
0 0.307773 0.588702 0.040966 0.040149
0 0.326155 0.554622 0.037815 0.046685
0 0.334559 0.515406 0.038866 0.044818
0 0.253151 0.557890 0.039916 0.047619
0 0.280987 0.528945 0.037815 0.042017
0 0.287553 0.481793 0.039391 0.046685
0 0.212710 0.525677 0.034664 0.039216
0 0.231355 0.498133 0.040441 0.045752
0 0.240021 0.451914 0.034664 0.039216
0 0.165179 0.507003 0.041492 0.044818
0 0.183036 0.467787 0.040441 0.048553
0 0.199842 0.430439 0.038340 0.044818
0 0.716912 0.672269 0.040966 0.044818
0 0.718225 0.631186 0.036239 0.046685
0 0.723477 0.581232 0.036239 0.040149
0 0.742647 0.554622 0.040966 0.044818
0 0.752101 0.700280 0.034664 0.037348
0 0.772321 0.661531 0.040441 0.047619
0 0.775210 0.615780 0.042017 0.047619
0 0.800158 0.586368 0.041492 0.048553
0 0.789653 0.720822 0.039391 0.044818
0 0.912027 0.694678 0.040441 0.044818
0 0.837973 0.752568 0.040441 0.044818
0 0.880777 0.776844 0.043067 0.046685
0 0.926208 0.800654 0.040441 0.047619
1 0.613708 0.313259 0.046744 0.101774
0 0.643908 0.138189 0.027311 0.061625
0 0.151523 0.406162 0.040441 0.044818
0 0.136029 0.440243 0.040966 0.043884
0 0.107405 0.476190 0.041492 0.048553
0 0.087710 0.372549 0.040966 0.039216
0 0.065389 0.442110 0.041492 0.049486
0 0.102153 0.282446 0.038340 0.043884
0 0.163866 0.313725 0.044118 0.050420
0 0.060662 0.286181 0.037290 0.047619
0 0.660714 0.163866 0.030462 0.062558
2 0.290966 0.326331 0.085084 0.096172
0 0.964811 0.924370 0.038866 0.052288
2 0.115284 0.204482 0.090861 0.089636
0 0.417805 0.858543 0.032038 0.077498
0 0.397584 0.832400 0.030462 0.064426
0 0.972426 0.826797 0.048845 0.049486
0 0.038866 0.402428 0.025210 0.067227
0 0.013130 0.409430 0.027311 0.043884
