0 0.032563 0.301120 0.034664 0.060691
0 0.035977 0.238562 0.040441 0.055089
0 0.578519 0.823996 0.038340 0.043884
0 0.481092 0.854809 0.028361 0.062558
0 0.430410 0.922035 0.034139 0.071895
0 0.686712 0.112979 0.030987 0.061625
3 0.442227 0.668534 0.012605 0.022409
3 0.391282 0.775910 0.010504 0.022409
3 0.501313 0.357143 0.016282 0.023343
0 0.310137 0.588702 0.040441 0.040149
0 0.328519 0.556022 0.038340 0.045752
0 0.338235 0.517740 0.038866 0.045752
0 0.255515 0.556956 0.039391 0.045752
0 0.283876 0.528945 0.038340 0.042017
0 0.289653 0.483660 0.039391 0.046685
0 0.214811 0.528945 0.037815 0.038282
0 0.233456 0.497199 0.040441 0.045752
0 0.243960 0.453782 0.034139 0.042951
0 0.168330 0.504202 0.041492 0.044818
0 0.185399 0.468721 0.039916 0.048553
0 0.200368 0.429972 0.038340 0.045752
0 0.716912 0.678805 0.040966 0.044818
0 0.737132 0.648459 0.039391 0.047619
0 0.720851 0.586835 0.036239 0.040149
0 0.743172 0.557423 0.040966 0.044818
0 0.750263 0.704949 0.034139 0.037348
0 0.814601 0.695145 0.040966 0.047619
0 0.862132 0.676471 0.043592 0.047619
0 0.801996 0.597572 0.040966 0.046685
0 0.790704 0.728758 0.038340 0.043884
0 0.836922 0.758170 0.040441 0.044818
0 0.881565 0.782446 0.042542 0.046685
0 0.925158 0.806723 0.040441 0.046685
0 0.043067 0.355275 0.042017 0.040149
0 0.111082 0.474323 0.041492 0.048553
0 0.069065 0.442110 0.040441 0.049486
0 0.115546 0.288049 0.038866 0.043884
0 0.169643 0.315593 0.044118 0.050420
0 0.068803 0.281046 0.039916 0.041083
2 0.486082 0.741830 0.054097 0.148459
0 0.695903 0.809057 0.040966 0.042017
0 0.852416 0.863212 0.036765 0.038282
1 0.568803 0.513072 0.029412 0.062558
1 0.416229 0.853875 0.082458 0.213819
0 0.348477 0.988796 0.030987 0.020542
0 0.677521 0.226424 0.026261 0.062558
0 0.603729 0.637255 0.027836 0.071895
0 0.596376 0.525677 0.023634 0.069094
2 0.568277 0.315126 0.072479 0.126050
0 0.725315 0.122316 0.032563 0.065359
0 0.762342 0.035481 0.030987 0.052288
0 0.613971 0.305789 0.029412 0.062558
0 0.625000 0.208683 0.029412 0.062558
0 0.972952 0.834267 0.048845 0.049486
0 0.038866 0.401027 0.025210 0.066293
0 0.014181 0.409430 0.029412 0.043884
