0 0.765625 0.470899 0.025298 0.042328
0 0.853051 0.710979 0.023065 0.025132
0 0.837426 0.679894 0.024554 0.031746
0 0.872396 0.595238 0.018601 0.044974
0 0.886161 0.660053 0.019345 0.044974
0 0.123140 0.598545 0.027530 0.035714
0 0.198661 0.491402 0.026786 0.035714
0 0.011905 0.619048 0.023810 0.050265
0 0.853423 0.177249 0.026786 0.031746
1 0.960565 0.117725 0.031250 0.037037
1 0.712054 0.151455 0.020833 0.041005
0 0.738839 0.231481 0.025298 0.023810
0 0.297991 0.229497 0.020089 0.056878
0 0.258929 0.208995 0.020833 0.050265
0 0.248512 0.155423 0.019345 0.054233
0 0.283110 0.151455 0.018601 0.043651
0 0.329613 0.179894 0.023810 0.052910
0 0.056920 0.718254 0.033482 0.042328
0 0.120536 0.667328 0.028274 0.035714
2 0.742932 0.294312 0.064732 0.033069
0 0.596354 0.171958 0.026042 0.042328
3 0.677827 0.301587 0.010417 0.018519
3 0.320685 0.281746 0.014881 0.039683
3 0.803943 0.209656 0.011161 0.019841
3 0.540551 0.820767 0.011161 0.033069
3 0.249628 0.654762 0.011161 0.015873
3 0.327381 0.167989 0.011905 0.034392
3 0.343750 0.189153 0.008929 0.021164
3 0.741443 0.318122 0.017113 0.019841
3 0.973958 0.228836 0.017857 0.018519
0 0.351935 0.478175 0.026786 0.038360
0 0.416295 0.458333 0.024554 0.030423
0 0.336310 0.308201 0.019345 0.055556
0 0.321057 0.224868 0.021577 0.042328
0 0.199033 0.619048 0.031994 0.037037
0 0.289435 0.597222 0.026786 0.033069
1 0.350446 0.586640 0.031250 0.027778
1 0.411086 0.645503 0.026042 0.037037
0 0.474330 0.394841 0.033482 0.038360
0 0.497768 0.419312 0.023810 0.023810
0 0.562872 0.394841 0.029018 0.027778
3 0.535342 0.361111 0.012649 0.018519
0 0.760045 0.355820 0.027530 0.021164
0 0.646205 0.641534 0.027530 0.039683
0 0.654018 0.678571 0.026786 0.042328
0 0.671131 0.601190 0.025298 0.041005
0 0.681920 0.633598 0.027530 0.044974
0 0.698661 0.560847 0.025298 0.039683
0 0.874628 0.371032 0.026042 0.035714
0 0.758929 0.536376 0.025298 0.048942
0 0.038318 0.217593 0.026042 0.038360
