0 0.853051 0.721561 0.023065 0.027778
0 0.836682 0.688492 0.024554 0.027778
0 0.873140 0.605820 0.018601 0.047619
0 0.881696 0.673942 0.013393 0.043651
0 0.126860 0.597222 0.027530 0.033069
0 0.200893 0.487434 0.026786 0.035714
0 0.012277 0.612434 0.023065 0.050265
0 0.856771 0.185847 0.027530 0.030423
1 0.962798 0.129630 0.031250 0.037037
1 0.716518 0.159392 0.020833 0.041005
0 0.740699 0.239418 0.026042 0.023810
0 0.300967 0.229497 0.018601 0.056878
0 0.260417 0.206349 0.019345 0.044974
0 0.252604 0.156746 0.018601 0.054233
0 0.285342 0.151455 0.017113 0.046296
2 0.750372 0.306878 0.064732 0.031746
0 0.597098 0.179894 0.024554 0.039683
0 0.357515 0.120370 0.018601 0.039683
0 0.374256 0.208333 0.019345 0.046296
0 0.397693 0.327381 0.015625 0.038360
0 0.151786 0.607143 0.026786 0.034392
0 0.451637 0.718915 0.025298 0.051587
0 0.480283 0.815476 0.023065 0.054233
0 0.296503 0.080026 0.020089 0.046296
3 0.323661 0.281746 0.014881 0.039683
3 0.309152 0.548942 0.014137 0.021164
3 0.810640 0.227513 0.012649 0.021164
3 0.616071 0.663360 0.014881 0.019841
3 0.468006 0.900132 0.010417 0.019841
0 0.795015 0.350529 0.029018 0.029101
0 0.575149 0.396825 0.025298 0.026455
0 0.207589 0.644841 0.031250 0.038360
1 0.237723 0.623016 0.029018 0.029101
1 0.269717 0.609788 0.030506 0.039683
0 0.866815 0.336640 0.031250 0.030423
0 0.604539 0.384921 0.024554 0.023810
0 0.644717 0.383598 0.029018 0.026455
0 0.646949 0.648148 0.027530 0.039683
0 0.654390 0.687169 0.027530 0.041005
0 0.674479 0.608466 0.027530 0.039683
0 0.691220 0.629630 0.026786 0.042328
0 0.918155 0.342593 0.028274 0.034392
0 0.423363 0.548280 0.020833 0.054233
0 0.043527 0.212302 0.026042 0.033069
