0 0.628414 0.830532 0.060399 0.107376
0 0.928046 0.311858 0.048319 0.084034
0 0.422794 0.688142 0.066176 0.117647
0 0.665966 0.943978 0.066176 0.061625
0 0.708508 0.856209 0.059874 0.104575
0 0.763393 0.762838 0.056197 0.117647
0 0.822742 0.647059 0.054097 0.106443
0 0.929359 0.553688 0.059349 0.059757
0 0.878939 0.510738 0.057248 0.095238
0 0.946954 0.504202 0.063025 0.056022
0 0.932773 0.419234 0.047269 0.078431
0 0.645483 0.496732 0.044118 0.100840
0 0.546744 0.700747 0.056723 0.099907
0 0.743960 0.346405 0.053046 0.093371
0 0.784139 0.270775 0.059874 0.061625
0 0.716649 0.239496 0.060399 0.060691
0 0.811975 0.398693 0.053571 0.091503
0 0.436712 0.837535 0.068803 0.070962
0 0.839548 0.183473 0.049895 0.088702
0 0.879464 0.116713 0.049895 0.089636
0 0.915179 0.054155 0.049895 0.078431
3 0.708508 0.771242 0.018908 0.033613
3 0.973214 0.270308 0.022059 0.040149
3 0.746324 0.472923 0.022059 0.038282
3 0.808824 0.318861 0.018908 0.040149
3 0.689338 0.425770 0.028887 0.037348
3 0.585872 0.697479 0.014181 0.037348
3 0.924895 0.140056 0.018908 0.037348
3 0.827731 0.261438 0.023109 0.037348
