0 0.019170 0.332400 0.027836 0.072829
0 0.016019 0.266573 0.029937 0.066293
0 0.743172 0.011671 0.025210 0.025210
2 0.375525 0.909897 0.073529 0.176471
0 0.709559 0.205882 0.023109 0.056956
0 0.705620 0.117180 0.030987 0.062558
0 0.443015 0.708683 0.027836 0.069094
0 0.640231 0.326797 0.031513 0.063492
0 0.631565 0.262372 0.027836 0.061625
0 0.553046 0.359477 0.031513 0.063492
0 0.587185 0.325864 0.027311 0.059757
0 0.628939 0.173203 0.028887 0.062558
0 0.306197 0.588702 0.040966 0.040149
0 0.324055 0.552288 0.037815 0.047619
0 0.332195 0.514472 0.039391 0.044818
0 0.251838 0.557890 0.039391 0.047619
0 0.278887 0.528945 0.037815 0.042017
0 0.284926 0.481793 0.039391 0.046685
0 0.208246 0.525677 0.036239 0.039216
0 0.228729 0.497199 0.040441 0.045752
0 0.240021 0.450980 0.034664 0.039216
0 0.161765 0.504202 0.040966 0.044818
0 0.179884 0.467320 0.040441 0.049486
0 0.196166 0.429505 0.038340 0.044818
0 0.719275 0.673203 0.040441 0.044818
0 0.721376 0.627451 0.036239 0.046685
0 0.727153 0.579365 0.036239 0.040149
0 0.748424 0.551821 0.040966 0.044818
0 0.754202 0.700280 0.034664 0.037348
0 0.777048 0.662465 0.040441 0.047619
0 0.782038 0.612979 0.042017 0.047619
0 0.804622 0.582633 0.044118 0.050420
0 0.793855 0.720822 0.039391 0.044818
0 0.830357 0.645191 0.040966 0.044818
0 0.842700 0.751634 0.040441 0.044818
0 0.901523 0.681139 0.043592 0.045752
0 0.887080 0.775910 0.043067 0.046685
0 0.930935 0.797852 0.040441 0.047619
0 0.547269 0.831933 0.038866 0.056022
1 0.562500 0.502801 0.036765 0.105509
0 0.458508 0.781046 0.029412 0.070028
1 0.482931 0.612979 0.026786 0.071895
0 0.470063 0.412232 0.037815 0.040149
0 0.148372 0.401494 0.040441 0.044818
0 0.130777 0.438375 0.040966 0.043884
0 0.104779 0.476190 0.041492 0.048553
0 0.095063 0.379085 0.040966 0.039216
0 0.061187 0.442110 0.041492 0.049486
0 0.069328 0.257236 0.040966 0.045752
0 0.134454 0.301120 0.046218 0.049486
0 0.048582 0.287115 0.037290 0.049486
0 0.560924 0.411765 0.031513 0.067227
0 0.665704 0.140523 0.026786 0.062558
0 0.701681 0.054155 0.028361 0.061625
1 0.593225 0.519141 0.056197 0.112045
0 0.976366 0.824930 0.043067 0.049486
0 0.034139 0.400560 0.025210 0.067227
0 0.007616 0.409430 0.016282 0.043884
