0 0.024160 0.336134 0.027311 0.072829
0 0.022321 0.268441 0.035189 0.066293
0 0.951943 0.951914 0.041492 0.051354
0 0.743960 0.042017 0.028887 0.052288
0 0.855567 0.821195 0.040966 0.043884
0 0.642332 0.304388 0.028361 0.056022
0 0.430672 0.815126 0.031513 0.072829
2 0.465336 0.635387 0.075630 0.180205
1 0.711660 0.168067 0.030462 0.067227
0 0.681460 0.416900 0.024685 0.058824
0 0.594800 0.447712 0.030987 0.062558
0 0.523109 0.474323 0.028361 0.061625
0 0.540179 0.615780 0.032038 0.068161
0 0.677258 0.123716 0.027836 0.056956
0 0.631040 0.161064 0.030987 0.056956
0 0.638655 0.197479 0.029412 0.055089
0 0.306985 0.588702 0.040441 0.040149
0 0.325630 0.554155 0.037815 0.047619
0 0.333771 0.514939 0.039391 0.045752
0 0.252363 0.557890 0.039391 0.047619
0 0.279937 0.528945 0.037815 0.042017
0 0.286502 0.481793 0.039391 0.046685
0 0.212185 0.526144 0.034664 0.040149
0 0.231355 0.498133 0.040441 0.045752
0 0.240021 0.451914 0.034664 0.039216
0 0.164128 0.507003 0.041492 0.044818
0 0.182773 0.467320 0.040966 0.049486
0 0.199317 0.430439 0.038340 0.044818
0 0.716912 0.671335 0.040966 0.044818
0 0.718225 0.629318 0.036239 0.046685
0 0.725053 0.580299 0.036239 0.040149
0 0.743172 0.549953 0.040966 0.044818
0 0.753151 0.700280 0.034664 0.037348
0 0.774422 0.662465 0.040441 0.047619
0 0.776786 0.612979 0.042017 0.047619
0 0.802258 0.584967 0.042542 0.049486
0 0.791229 0.720822 0.039391 0.044818
0 0.843487 0.654528 0.040966 0.044818
0 0.839548 0.751634 0.040441 0.044818
0 0.880777 0.774977 0.043067 0.046685
0 0.926733 0.798786 0.040441 0.047619
1 0.582195 0.408964 0.044643 0.104575
1 0.457721 0.814192 0.032038 0.078431
0 0.584296 0.273576 0.029937 0.061625
0 0.149947 0.404295 0.040441 0.044818
0 0.137080 0.440243 0.040966 0.043884
0 0.106355 0.476190 0.041492 0.048553
0 0.102416 0.378151 0.040966 0.039216
0 0.064338 0.442110 0.041492 0.049486
0 0.099527 0.281513 0.038340 0.043884
0 0.155462 0.309524 0.044118 0.049486
0 0.056723 0.289916 0.035714 0.049486
0 0.615809 0.277311 0.030987 0.067227
1 0.497899 0.806723 0.054622 0.125117
2 0.140494 0.227824 0.088761 0.084034
0 0.972426 0.825864 0.048845 0.049486
0 0.037815 0.401494 0.025210 0.067227
0 0.011029 0.409430 0.023109 0.043884
