0 0.031775 0.301120 0.036239 0.060691
0 0.034139 0.239496 0.040966 0.055089
0 0.745798 0.840803 0.038866 0.045752
0 0.550420 0.650794 0.028361 0.061625
0 0.507878 0.856209 0.036765 0.063492
0 0.460084 0.836601 0.034664 0.072829
0 0.622111 0.280579 0.030987 0.066293
3 0.382353 0.874416 0.012605 0.027077
3 0.367122 0.886088 0.010504 0.024276
3 0.394433 0.312325 0.016807 0.023343
0 0.309611 0.588702 0.040441 0.040149
0 0.327731 0.555556 0.037815 0.046685
0 0.337185 0.516807 0.038866 0.045752
0 0.254989 0.556956 0.039391 0.045752
0 0.283088 0.528945 0.037815 0.042017
0 0.289128 0.482726 0.039391 0.046685
0 0.214286 0.527544 0.037815 0.039216
0 0.232405 0.497199 0.040441 0.045752
0 0.241859 0.451914 0.034139 0.041083
0 0.167805 0.503268 0.041492 0.044818
0 0.184874 0.468721 0.039916 0.048553
0 0.200368 0.429972 0.038340 0.045752
0 0.716912 0.676004 0.040966 0.044818
0 0.718225 0.635854 0.036239 0.046685
0 0.720851 0.584967 0.036239 0.040149
0 0.743435 0.553688 0.040441 0.044818
0 0.750525 0.702148 0.034664 0.037348
0 0.777574 0.668067 0.040441 0.047619
0 0.820903 0.647059 0.042017 0.046685
0 0.801471 0.591970 0.040966 0.046685
0 0.790441 0.726424 0.038866 0.044818
0 0.836922 0.756303 0.040441 0.044818
0 0.881303 0.779645 0.043067 0.046685
0 0.925158 0.804388 0.040441 0.047619
0 0.106880 0.377218 0.041492 0.041083
0 0.042805 0.355275 0.041492 0.038282
0 0.110032 0.474323 0.041492 0.048553
0 0.068540 0.442110 0.041492 0.049486
0 0.106618 0.281513 0.038866 0.043884
0 0.168067 0.315593 0.044118 0.050420
0 0.066702 0.281513 0.039916 0.043884
2 0.490021 0.632120 0.028361 0.147526
0 0.944590 0.957983 0.040441 0.052288
1 0.616071 0.380486 0.029412 0.062558
1 0.374475 0.960317 0.046218 0.070028
0 0.724790 0.068161 0.026261 0.061625
0 0.657563 0.734827 0.038866 0.057890
0 0.605830 0.652194 0.026786 0.070028
2 0.483718 0.370682 0.084034 0.072829
0 0.763130 0.021008 0.032563 0.040149
0 0.559349 0.448646 0.028361 0.070028
0 0.574317 0.343137 0.029937 0.062558
0 0.972952 0.831466 0.048845 0.049486
0 0.039916 0.400093 0.025210 0.066293
0 0.013918 0.409430 0.028887 0.043884
