0 0.727679 0.517196 0.026786 0.039683
0 0.853423 0.708333 0.022321 0.027778
0 0.837426 0.674603 0.027530 0.034392
0 0.871652 0.592593 0.020089 0.047619
0 0.887277 0.643519 0.021577 0.048942
0 0.124256 0.599868 0.029762 0.035714
0 0.197545 0.489418 0.026042 0.034392
0 0.010789 0.619048 0.021577 0.047619
0 0.853051 0.171958 0.027530 0.034392
1 0.959449 0.113757 0.031994 0.042328
0 0.712798 0.148810 0.023810 0.043651
0 0.738839 0.228175 0.031250 0.030423
0 0.296131 0.230159 0.019345 0.055556
0 0.257812 0.208333 0.020089 0.048942
0 0.249256 0.155423 0.019345 0.054233
0 0.282366 0.150794 0.018601 0.044974
0 0.331845 0.178571 0.023810 0.050265
0 0.158110 0.646825 0.029018 0.039683
0 0.193452 0.625000 0.028274 0.033069
2 0.743304 0.296296 0.063988 0.031746
0 0.593750 0.169974 0.026786 0.041005
3 0.340774 0.242725 0.010417 0.030423
0 0.051339 0.683201 0.023810 0.030423
0 0.275670 0.507937 0.027530 0.039683
0 0.317336 0.450397 0.018601 0.043651
0 0.363467 0.667989 0.029018 0.037037
0 0.248884 0.589286 0.030506 0.035714
0 0.537946 0.731481 0.028274 0.037037
1 0.610491 0.741402 0.030506 0.027778
1 0.677827 0.703042 0.025298 0.038360
0 0.140253 0.622354 0.029018 0.035714
0 0.248884 0.560847 0.024554 0.031746
0 0.313616 0.525132 0.029018 0.037037
3 0.308036 0.500661 0.013393 0.019841
0 0.367188 0.495370 0.027530 0.038360
0 0.639509 0.652116 0.026042 0.042328
0 0.655506 0.679233 0.026786 0.041005
0 0.668155 0.606481 0.023810 0.041005
0 0.681176 0.635582 0.024554 0.041005
0 0.698289 0.561508 0.026042 0.038360
0 0.707961 0.595238 0.024554 0.037037
0 0.037574 0.218254 0.029018 0.039683
