0 0.728729 0.140056 0.060399 0.070962
0 0.926471 0.178338 0.054622 0.065359
0 0.934349 0.053221 0.040966 0.078431
0 0.953256 0.221755 0.058824 0.071895
0 0.853204 0.316993 0.039391 0.094304
0 0.635504 0.124183 0.044118 0.087768
0 0.708508 0.212885 0.040966 0.089636
0 0.679359 0.302054 0.040441 0.088702
0 0.851366 0.413165 0.061975 0.071895
0 0.881040 0.449580 0.064601 0.071895
0 0.871061 0.522409 0.067752 0.066293
0 0.810399 0.472923 0.044118 0.094304
0 0.802521 0.551354 0.060924 0.066293
0 0.760767 0.665266 0.043592 0.099907
0 0.594538 0.317927 0.038866 0.094304
0 0.578782 0.387488 0.055672 0.080299
0 0.547794 0.448646 0.047269 0.099907
0 0.505252 0.427171 0.031513 0.107376
0 0.436712 0.408497 0.057248 0.081232
0 0.357143 0.307190 0.057773 0.078431
0 0.766544 0.851541 0.070903 0.084034
0 0.562763 0.791317 0.036239 0.120448
0 0.427258 0.560691 0.060399 0.101774
0 0.344275 0.523343 0.062500 0.077498
0 0.325893 0.476657 0.059349 0.079365
0 0.344275 0.221755 0.056197 0.079365
0 0.271271 0.170401 0.054097 0.075630
1 0.147321 0.178338 0.081408 0.095238
0 0.199317 0.311858 0.050945 0.078431
0 0.666754 0.940243 0.055147 0.104575
0 0.430672 0.669935 0.049370 0.088702
0 0.491859 0.811858 0.050945 0.114846
0 0.435662 0.966387 0.046744 0.063492
3 0.649422 0.538749 0.021534 0.056022
3 0.836660 0.233894 0.018908 0.043884
3 0.721639 0.599907 0.014706 0.045752
3 0.737920 0.638655 0.017857 0.056022
