0 0.805147 0.911298 0.068277 0.065359
0 0.971376 0.526144 0.053046 0.068161
0 0.941702 0.731559 0.061975 0.066293
0 0.858193 0.641457 0.044118 0.106443
0 0.817489 0.683473 0.043592 0.106443
0 0.764706 0.684874 0.036765 0.109244
0 0.734506 0.612512 0.062500 0.093371
0 0.686975 0.514006 0.045168 0.109244
0 0.662027 0.348739 0.042542 0.099907
0 0.620536 0.619981 0.038340 0.117647
0 0.574317 0.501867 0.062500 0.075630
0 0.576681 0.445845 0.059874 0.066293
0 0.686975 0.266106 0.043067 0.095238
0 0.643120 0.151727 0.037290 0.088702
1 0.551471 0.047152 0.050420 0.096172
0 0.542805 0.185808 0.049895 0.056022
0 0.583246 0.702614 0.062500 0.068161
0 0.578782 0.891223 0.064076 0.079365
0 0.468487 0.950514 0.067227 0.076564
