0 0.852679 0.722884 0.022321 0.027778
0 0.836682 0.691138 0.024554 0.030423
0 0.872396 0.608466 0.017113 0.047619
0 0.881696 0.673942 0.013393 0.043651
0 0.124628 0.597222 0.027530 0.033069
0 0.200893 0.487434 0.026786 0.035714
0 0.011533 0.610450 0.023065 0.051587
0 0.857143 0.187169 0.028274 0.030423
1 0.962798 0.130952 0.031250 0.037037
1 0.717262 0.160714 0.020833 0.041005
0 0.740699 0.240741 0.026042 0.023810
0 0.300967 0.229497 0.018601 0.056878
0 0.260417 0.205688 0.019345 0.043651
0 0.252976 0.156746 0.017857 0.054233
0 0.285342 0.151455 0.017113 0.046296
2 0.751488 0.307540 0.065476 0.030423
0 0.597842 0.179894 0.024554 0.039683
0 0.357515 0.110450 0.018601 0.046296
0 0.379092 0.224868 0.018601 0.039683
0 0.398438 0.319444 0.018601 0.046296
0 0.419643 0.434524 0.014881 0.038360
0 0.185640 0.570767 0.026042 0.035714
0 0.463914 0.751984 0.024554 0.051587
0 0.488839 0.856481 0.019345 0.051587
3 0.347098 0.023810 0.011161 0.018519
3 0.327381 0.302249 0.014881 0.038360
3 0.358259 0.560847 0.014137 0.021164
3 0.615327 0.663360 0.014881 0.019841
3 0.481399 0.939153 0.010417 0.021164
0 0.857515 0.339286 0.030506 0.033069
0 0.575149 0.398148 0.025298 0.026455
0 0.207217 0.643519 0.030506 0.038360
1 0.236979 0.623016 0.029018 0.029101
1 0.268973 0.607143 0.030506 0.031746
0 0.921875 0.322090 0.032738 0.030423
0 0.604539 0.386243 0.024554 0.023810
0 0.644717 0.384921 0.029018 0.026455
0 0.646949 0.648148 0.027530 0.039683
0 0.654390 0.689153 0.027530 0.039683
0 0.679688 0.604497 0.027530 0.039683
0 0.692708 0.626984 0.026786 0.042328
0 0.991071 0.296958 0.016369 0.030423
0 0.408854 0.486111 0.018601 0.054233
0 0.041667 0.210979 0.026786 0.033069
