0 0.602307 0.726852 0.026042 0.041005
0 0.590774 0.813492 0.025298 0.044974
0 0.853423 0.708333 0.022321 0.027778
0 0.837426 0.675265 0.027530 0.033069
0 0.870536 0.592593 0.019345 0.047619
0 0.889509 0.657407 0.021577 0.047619
0 0.710938 0.677910 0.023065 0.048942
0 0.681176 0.751323 0.021577 0.047619
0 0.123140 0.605159 0.031994 0.038360
0 0.196429 0.490741 0.025298 0.037037
0 0.009301 0.622354 0.020089 0.048942
0 0.853051 0.174603 0.027530 0.037037
1 0.959449 0.113757 0.031994 0.042328
0 0.713542 0.148810 0.025298 0.043651
0 0.738839 0.229497 0.031250 0.030423
0 0.296131 0.231481 0.019345 0.055556
0 0.255580 0.208995 0.017113 0.047619
0 0.248884 0.156085 0.018601 0.052910
0 0.280878 0.150794 0.018601 0.044974
0 0.328497 0.181878 0.021577 0.048942
0 0.309152 0.103175 0.021577 0.047619
0 0.347842 0.500000 0.026042 0.042328
0 0.380952 0.388889 0.019345 0.047619
0 0.353795 0.218915 0.012649 0.035714
2 0.743304 0.296296 0.063988 0.031746
0 0.593750 0.169974 0.026786 0.041005
3 0.338542 0.243386 0.010417 0.031746
0 0.037202 0.698413 0.026786 0.037037
0 0.377604 0.244709 0.023065 0.055556
0 0.542783 0.980159 0.021577 0.034392
0 0.525670 0.914683 0.020089 0.041005
0 0.569568 0.912698 0.023065 0.039683
0 0.034970 0.221561 0.028274 0.035714
