0 0.750000 0.488095 0.025298 0.042328
0 0.853051 0.710979 0.023065 0.025132
0 0.837426 0.679894 0.024554 0.031746
0 0.871652 0.593915 0.020089 0.044974
0 0.887277 0.656085 0.020089 0.044974
0 0.123884 0.599206 0.027530 0.037037
0 0.198661 0.491402 0.026786 0.035714
0 0.011905 0.619048 0.023810 0.050265
0 0.853423 0.177249 0.026786 0.031746
1 0.960565 0.117725 0.031250 0.037037
1 0.712054 0.150132 0.020833 0.041005
0 0.738839 0.231481 0.025298 0.023810
0 0.297991 0.229497 0.020089 0.056878
0 0.258929 0.208995 0.020833 0.050265
0 0.248884 0.155423 0.020089 0.054233
0 0.283110 0.151455 0.018601 0.043651
0 0.329613 0.179233 0.023810 0.051587
0 0.073661 0.703042 0.028274 0.038360
0 0.137277 0.660053 0.030506 0.039683
2 0.742932 0.294974 0.064732 0.031746
0 0.596354 0.171958 0.026042 0.042328
3 0.664435 0.294974 0.010417 0.018519
3 0.321429 0.281746 0.014881 0.039683
3 0.805060 0.212302 0.011905 0.019841
3 0.536830 0.856481 0.011161 0.033069
3 0.236979 0.662698 0.011161 0.015873
3 0.325893 0.158730 0.011905 0.034392
3 0.345982 0.206349 0.008929 0.021164
3 0.726935 0.316799 0.016369 0.019841
3 0.964286 0.236111 0.017857 0.019841
0 0.316964 0.503307 0.025298 0.038360
0 0.388021 0.474206 0.024554 0.030423
0 0.336310 0.330026 0.014881 0.046296
0 0.327381 0.250000 0.020833 0.042328
0 0.012277 0.771825 0.024554 0.038360
0 0.209449 0.615079 0.031994 0.037037
0 0.306548 0.585979 0.028274 0.031746
1 0.369048 0.593915 0.029762 0.031746
1 0.429688 0.668651 0.026042 0.038360
0 0.446801 0.411376 0.029018 0.039683
0 0.479911 0.428571 0.023810 0.023810
0 0.543155 0.403439 0.028274 0.029101
3 0.513021 0.374339 0.012649 0.018519
0 0.722098 0.363757 0.029018 0.026455
0 0.646205 0.641534 0.027530 0.039683
0 0.654018 0.679894 0.026786 0.044974
0 0.671131 0.603836 0.025298 0.041005
0 0.682664 0.633598 0.027530 0.044974
0 0.699405 0.560847 0.023810 0.039683
0 0.845982 0.392857 0.025298 0.037037
0 0.778646 0.506614 0.026042 0.044974
0 0.038318 0.217593 0.026042 0.038360
