0 0.023897 0.336134 0.027836 0.072829
0 0.022321 0.270308 0.035189 0.066293
0 0.976103 0.964986 0.035189 0.051354
0 0.752363 0.019608 0.028887 0.041083
0 0.879202 0.832400 0.040966 0.043884
0 0.651786 0.275444 0.028361 0.056022
0 0.421744 0.841270 0.031513 0.072829
2 0.457195 0.658730 0.075105 0.182073
1 0.722164 0.138189 0.030462 0.067227
0 0.677258 0.402428 0.022584 0.059757
0 0.604254 0.418768 0.030987 0.062558
0 0.516282 0.493931 0.028361 0.061625
0 0.549632 0.590103 0.032038 0.067227
0 0.672532 0.136788 0.027836 0.056956
0 0.624737 0.174603 0.030987 0.056022
0 0.634454 0.211485 0.029412 0.055089
0 0.306723 0.588702 0.040966 0.040149
0 0.325630 0.554155 0.037815 0.047619
0 0.333508 0.514939 0.038866 0.045752
0 0.252363 0.557890 0.039391 0.047619
0 0.279937 0.528945 0.037815 0.042017
0 0.285977 0.481793 0.039391 0.046685
0 0.212185 0.526144 0.034664 0.040149
0 0.231355 0.498133 0.040441 0.045752
0 0.240021 0.451914 0.034664 0.039216
0 0.164128 0.507003 0.041492 0.044818
0 0.182773 0.467320 0.040966 0.049486
0 0.199317 0.430439 0.038340 0.044818
0 0.716912 0.671335 0.040966 0.044818
0 0.718225 0.629318 0.036239 0.046685
0 0.725053 0.580299 0.036239 0.040149
0 0.743697 0.549953 0.040966 0.044818
0 0.753151 0.700280 0.034664 0.037348
0 0.774422 0.662465 0.040441 0.047619
0 0.777311 0.612979 0.042017 0.047619
0 0.802521 0.584500 0.043067 0.048553
0 0.791754 0.720822 0.039391 0.044818
0 0.839286 0.651727 0.040966 0.044818
0 0.839548 0.751634 0.040441 0.044818
0 0.880777 0.774977 0.043067 0.046685
0 0.926733 0.798786 0.040441 0.047619
1 0.580095 0.415500 0.043592 0.104575
1 0.462973 0.795518 0.032038 0.078431
0 0.576681 0.289916 0.030462 0.060691
0 0.149947 0.404295 0.040441 0.044818
0 0.136555 0.440243 0.040966 0.043884
0 0.106355 0.476190 0.041492 0.048553
0 0.102416 0.379085 0.040966 0.039216
0 0.064338 0.442110 0.041492 0.049486
0 0.098477 0.279645 0.038340 0.043884
0 0.153887 0.308590 0.044118 0.049486
0 0.056197 0.289916 0.035714 0.049486
0 0.611082 0.288515 0.030987 0.067227
1 0.505252 0.782913 0.053571 0.124183
3 0.601891 0.133520 0.010504 0.026144
2 0.122637 0.218487 0.089811 0.084034
0 0.972426 0.824930 0.048845 0.049486
0 0.037815 0.401494 0.025210 0.067227
0 0.010767 0.409430 0.022584 0.043884
