0 0.606771 0.718915 0.026042 0.041005
0 0.595238 0.806878 0.026786 0.044974
0 0.853423 0.708333 0.022321 0.027778
0 0.837426 0.675265 0.027530 0.033069
0 0.870536 0.592593 0.019345 0.047619
0 0.889509 0.656746 0.021577 0.048942
0 0.707961 0.680556 0.021577 0.048942
0 0.677455 0.761905 0.021577 0.047619
0 0.123140 0.605159 0.031994 0.038360
0 0.196429 0.490741 0.025298 0.037037
0 0.009301 0.622354 0.020089 0.048942
0 0.853051 0.174603 0.027530 0.037037
1 0.959449 0.113757 0.031994 0.042328
0 0.713542 0.148810 0.025298 0.043651
0 0.738839 0.229497 0.031250 0.030423
0 0.296131 0.231481 0.019345 0.055556
0 0.255580 0.208995 0.017113 0.047619
0 0.248884 0.156085 0.018601 0.052910
0 0.280878 0.150794 0.018601 0.044974
0 0.328497 0.181878 0.021577 0.048942
0 0.307292 0.099868 0.022321 0.048942
0 0.344122 0.506614 0.026042 0.042328
0 0.379464 0.402778 0.022321 0.051587
0 0.353795 0.218915 0.012649 0.035714
2 0.743304 0.296296 0.063988 0.031746
0 0.593750 0.169974 0.026786 0.041005
3 0.338542 0.242063 0.010417 0.031746
0 0.042783 0.695106 0.023065 0.038360
0 0.378720 0.255291 0.020833 0.055556
0 0.544271 0.976190 0.021577 0.042328
0 0.526786 0.904762 0.019345 0.042328
0 0.571057 0.902116 0.023065 0.039683
0 0.034970 0.221561 0.028274 0.035714
