0 0.032300 0.301120 0.035189 0.060691
0 0.035189 0.238562 0.040966 0.055089
0 0.621849 0.809524 0.037815 0.035481
0 0.502101 0.797386 0.028361 0.061625
0 0.439338 0.897292 0.034139 0.072829
0 0.667542 0.164332 0.031513 0.061625
3 0.421218 0.731092 0.012605 0.022409
3 0.383929 0.810458 0.010504 0.022409
3 0.469275 0.352474 0.016282 0.023343
0 0.309874 0.588702 0.039916 0.040149
0 0.327994 0.555556 0.038340 0.046685
0 0.337973 0.517274 0.038340 0.044818
0 0.255252 0.556956 0.039916 0.045752
0 0.283613 0.528945 0.037815 0.042017
0 0.289653 0.483660 0.039391 0.046685
0 0.214286 0.528945 0.037815 0.038282
0 0.232931 0.497199 0.040441 0.045752
0 0.243435 0.453315 0.034139 0.043884
0 0.167805 0.503735 0.041492 0.045752
0 0.185399 0.468721 0.039916 0.048553
0 0.200368 0.429972 0.038340 0.045752
0 0.716912 0.677871 0.040966 0.044818
0 0.727153 0.641457 0.036239 0.046685
0 0.720851 0.585901 0.036239 0.040149
0 0.743172 0.556489 0.040966 0.044818
0 0.750525 0.704015 0.034664 0.037348
0 0.797532 0.684874 0.040441 0.047619
0 0.847689 0.667134 0.043067 0.047619
0 0.801471 0.595705 0.040966 0.046685
0 0.790966 0.728291 0.038866 0.044818
0 0.836922 0.758170 0.040441 0.044818
0 0.881565 0.781513 0.042542 0.046685
0 0.925158 0.806256 0.040441 0.047619
0 0.061450 0.358077 0.042017 0.040149
0 0.110557 0.474323 0.041492 0.048553
0 0.068803 0.442110 0.040966 0.049486
0 0.112395 0.286181 0.038866 0.043884
0 0.169118 0.315593 0.044118 0.050420
0 0.067752 0.281979 0.039916 0.042951
2 0.490809 0.710551 0.044643 0.149393
0 0.765494 0.846872 0.040441 0.048553
0 0.915441 0.898693 0.036765 0.042017
1 0.581933 0.473856 0.029412 0.062558
1 0.396534 0.899627 0.089286 0.195145
0 0.690914 0.180672 0.026786 0.062558
0 0.612395 0.671802 0.029412 0.071895
0 0.596901 0.565826 0.023634 0.069094
2 0.545693 0.338936 0.080882 0.115780
0 0.735819 0.097106 0.032563 0.065359
0 0.773897 0.014472 0.030987 0.030812
0 0.592174 0.357143 0.028887 0.062558
0 0.613445 0.244164 0.029412 0.062558
0 0.972952 0.833333 0.048845 0.049486
0 0.039391 0.400093 0.025210 0.066293
0 0.013918 0.409430 0.028887 0.043884
