0 0.617188 0.696429 0.026042 0.041005
0 0.603423 0.782407 0.025298 0.043651
0 0.853423 0.708333 0.022321 0.027778
0 0.837426 0.675265 0.027530 0.033069
0 0.870536 0.592593 0.019345 0.047619
0 0.889509 0.656746 0.021577 0.048942
0 0.695312 0.715608 0.021577 0.044974
0 0.667411 0.794974 0.022321 0.044974
0 0.123140 0.603836 0.031994 0.038360
0 0.196057 0.490079 0.026042 0.035714
0 0.009301 0.621032 0.020089 0.046296
0 0.853051 0.174603 0.027530 0.037037
1 0.959449 0.113757 0.031994 0.042328
0 0.713542 0.148810 0.025298 0.043651
0 0.738839 0.229497 0.031250 0.030423
0 0.296131 0.231481 0.019345 0.055556
0 0.255580 0.208995 0.017113 0.047619
0 0.248884 0.156085 0.018601 0.052910
0 0.280878 0.150794 0.018601 0.044974
0 0.328497 0.181878 0.021577 0.048942
0 0.304688 0.084656 0.023065 0.047619
0 0.328125 0.528439 0.026786 0.041005
0 0.373140 0.429894 0.024554 0.047619
0 0.353795 0.218915 0.012649 0.035714
2 0.743304 0.296296 0.063988 0.031746
0 0.593750 0.169974 0.026786 0.041005
3 0.338542 0.242063 0.010417 0.031746
0 0.057664 0.687831 0.024554 0.037037
0 0.379464 0.288360 0.013393 0.055556
0 0.552083 0.957011 0.022321 0.046296
0 0.536086 0.875000 0.024554 0.041005
0 0.577753 0.880952 0.023065 0.039683
0 0.034970 0.221561 0.028274 0.035714
