0 0.032563 0.301120 0.034664 0.060691
0 0.035452 0.238562 0.040441 0.055089
0 0.612920 0.812325 0.037815 0.037348
0 0.497899 0.808590 0.028361 0.061625
0 0.437500 0.902894 0.034664 0.072829
0 0.671744 0.154062 0.031513 0.061625
3 0.425420 0.718954 0.012605 0.022409
3 0.384979 0.803922 0.010504 0.022409
3 0.476103 0.353408 0.016282 0.023343
0 0.309874 0.588702 0.039916 0.040149
0 0.328256 0.556022 0.037815 0.045752
0 0.337973 0.517274 0.038340 0.044818
0 0.255252 0.556956 0.039916 0.045752
0 0.283613 0.528945 0.037815 0.042017
0 0.289653 0.483660 0.039391 0.046685
0 0.214286 0.528945 0.037815 0.038282
0 0.233456 0.497199 0.040441 0.045752
0 0.243435 0.453315 0.034139 0.043884
0 0.167805 0.503735 0.041492 0.045752
0 0.185399 0.468721 0.039916 0.048553
0 0.200368 0.429972 0.038340 0.045752
0 0.716912 0.677871 0.040966 0.044818
0 0.728992 0.642390 0.036765 0.046685
0 0.720851 0.585901 0.036239 0.040149
0 0.743172 0.556489 0.040966 0.044818
0 0.750525 0.704949 0.034664 0.037348
0 0.800683 0.686741 0.040441 0.047619
0 0.850053 0.669001 0.043592 0.047619
0 0.801471 0.595705 0.040966 0.046685
0 0.790966 0.728291 0.038866 0.044818
0 0.836922 0.758170 0.040441 0.044818
0 0.881565 0.781513 0.042542 0.046685
0 0.925158 0.806256 0.040441 0.047619
0 0.057773 0.357143 0.042017 0.040149
0 0.110557 0.474323 0.041492 0.048553
0 0.068803 0.442110 0.040966 0.049486
0 0.112920 0.286181 0.038866 0.043884
0 0.169118 0.315593 0.044118 0.050420
0 0.067752 0.281979 0.039916 0.042951
2 0.490284 0.717087 0.047794 0.149393
0 0.751576 0.839402 0.040966 0.046685
0 0.902836 0.891690 0.036765 0.041083
1 0.578256 0.482260 0.029412 0.062558
1 0.400210 0.894024 0.089286 0.206349
0 0.688288 0.190943 0.026786 0.062558
0 0.610032 0.665266 0.027836 0.071895
0 0.596376 0.558357 0.023634 0.069094
2 0.550683 0.334267 0.080357 0.119514
0 0.733718 0.102708 0.032563 0.065359
0 0.771271 0.017740 0.030987 0.037348
0 0.596113 0.347806 0.029412 0.062558
0 0.615546 0.236695 0.029412 0.062558
0 0.972952 0.833333 0.048845 0.049486
0 0.039391 0.401027 0.025210 0.066293
0 0.014181 0.409430 0.029412 0.043884
