0 0.726935 0.516534 0.026786 0.041005
0 0.853423 0.708333 0.022321 0.027778
0 0.837426 0.674603 0.027530 0.034392
0 0.871652 0.592593 0.020089 0.047619
0 0.888021 0.644841 0.021577 0.048942
0 0.124256 0.599868 0.029762 0.035714
0 0.197545 0.489418 0.026042 0.034392
0 0.010789 0.619048 0.021577 0.047619
0 0.853051 0.171958 0.027530 0.034392
1 0.959449 0.113757 0.031994 0.042328
0 0.712798 0.148810 0.023810 0.043651
0 0.738839 0.226852 0.031250 0.030423
0 0.296131 0.230159 0.019345 0.055556
0 0.257440 0.208333 0.019345 0.048942
0 0.249256 0.155423 0.019345 0.054233
0 0.282366 0.150794 0.018601 0.044974
0 0.331845 0.178571 0.023810 0.050265
0 0.158110 0.645503 0.029018 0.039683
0 0.193452 0.625000 0.028274 0.033069
2 0.743304 0.296296 0.063988 0.031746
0 0.593750 0.169974 0.026786 0.041005
3 0.340774 0.242725 0.010417 0.030423
0 0.031622 0.697751 0.026042 0.030423
0 0.269717 0.517196 0.027530 0.039683
0 0.314360 0.460979 0.018601 0.043651
0 0.377976 0.683201 0.028274 0.041005
0 0.248884 0.589286 0.030506 0.035714
0 0.552083 0.740741 0.028274 0.037037
1 0.622024 0.742063 0.031250 0.029101
1 0.691220 0.687169 0.025298 0.038360
0 0.121652 0.632937 0.029018 0.035714
0 0.235491 0.571429 0.024554 0.031746
0 0.300223 0.533730 0.029018 0.035714
3 0.300595 0.504630 0.013393 0.019841
0 0.355283 0.500000 0.027530 0.039683
0 0.639137 0.652778 0.025298 0.041005
0 0.655134 0.679233 0.026042 0.041005
0 0.668155 0.607804 0.023810 0.041005
0 0.681176 0.635582 0.024554 0.041005
0 0.697545 0.561508 0.026042 0.038360
0 0.707961 0.595238 0.024554 0.037037
0 0.037574 0.218254 0.029018 0.039683
