0 0.025735 0.329599 0.027311 0.069094
0 0.022847 0.261905 0.035189 0.066293
0 0.814338 0.870682 0.041492 0.051354
0 0.685399 0.209150 0.031513 0.065359
0 0.731880 0.772642 0.040441 0.043884
0 0.584821 0.468721 0.027836 0.056022
0 0.480042 0.669001 0.031513 0.070028
2 0.508929 0.509337 0.075630 0.178338
1 0.644433 0.371615 0.030462 0.067227
0 0.718225 0.490663 0.036239 0.047619
0 0.536502 0.616246 0.030987 0.070962
0 0.565651 0.354809 0.028361 0.061625
0 0.480830 0.777311 0.032038 0.068161
0 0.670956 0.115780 0.025735 0.052288
0 0.307511 0.588702 0.040441 0.040149
0 0.326155 0.554622 0.037815 0.046685
0 0.334296 0.515406 0.039391 0.044818
0 0.252889 0.557890 0.039391 0.047619
0 0.280462 0.528945 0.037815 0.042017
0 0.287027 0.481793 0.039391 0.046685
0 0.212185 0.525677 0.034664 0.039216
0 0.231355 0.498133 0.040441 0.045752
0 0.240021 0.451914 0.034664 0.039216
0 0.165179 0.507003 0.041492 0.044818
0 0.183036 0.467787 0.040441 0.048553
0 0.199317 0.430439 0.038340 0.044818
0 0.716912 0.672269 0.040966 0.044818
0 0.718225 0.630252 0.036239 0.046685
0 0.724002 0.581232 0.036239 0.040149
0 0.742647 0.552754 0.040966 0.044818
0 0.752626 0.700280 0.034664 0.037348
0 0.772847 0.661531 0.040441 0.047619
0 0.774685 0.613912 0.042017 0.047619
0 0.800945 0.586368 0.042017 0.048553
0 0.790179 0.720822 0.039391 0.044818
0 0.885242 0.679739 0.040441 0.044818
0 0.838498 0.751634 0.040441 0.044818
0 0.880777 0.775910 0.043067 0.046685
0 0.926733 0.800654 0.040441 0.047619
1 0.601103 0.348739 0.046744 0.105509
0 0.627626 0.180205 0.027311 0.061625
0 0.150998 0.405229 0.040441 0.044818
0 0.137080 0.440243 0.040966 0.043884
0 0.107405 0.476190 0.041492 0.048553
0 0.098739 0.378151 0.040966 0.039216
0 0.064863 0.442110 0.041492 0.049486
0 0.101628 0.282446 0.038340 0.043884
0 0.163340 0.313725 0.044118 0.050420
0 0.059349 0.287582 0.036765 0.048553
0 0.644433 0.202148 0.030462 0.062558
2 0.243435 0.293184 0.086660 0.093371
2 0.060662 0.176471 0.084559 0.085901
0 0.379989 0.965453 0.032038 0.067227
0 0.365546 0.930439 0.030462 0.070028
0 0.972426 0.826797 0.048845 0.049486
0 0.038340 0.401494 0.025210 0.067227
0 0.013130 0.409430 0.027311 0.043884
