0 0.726935 0.517196 0.026786 0.039683
0 0.852679 0.708995 0.022321 0.029101
0 0.838170 0.677910 0.026042 0.033069
0 0.870536 0.593254 0.019345 0.048942
0 0.887277 0.647487 0.020089 0.046296
0 0.124628 0.598545 0.027530 0.038360
0 0.198661 0.492063 0.026786 0.037037
0 0.011905 0.618386 0.022321 0.048942
0 0.852307 0.175926 0.026042 0.034392
1 0.959821 0.115079 0.031250 0.039683
0 0.712054 0.149471 0.022321 0.042328
0 0.739211 0.230159 0.027530 0.026455
0 0.297619 0.228836 0.019345 0.055556
0 0.258185 0.208333 0.020833 0.048942
0 0.249256 0.155423 0.019345 0.054233
0 0.282366 0.150794 0.018601 0.044974
0 0.330729 0.179894 0.021577 0.052910
0 0.153274 0.651455 0.029762 0.041005
0 0.190848 0.624339 0.030506 0.034392
2 0.742560 0.296958 0.065476 0.033069
0 0.595238 0.171296 0.026786 0.041005
3 0.341518 0.242725 0.010417 0.030423
0 0.101190 0.650132 0.028274 0.041005
0 0.209821 0.579365 0.025298 0.031746
0 0.319940 0.449074 0.020833 0.048942
0 0.340774 0.369048 0.013393 0.044974
0 0.210938 0.657407 0.027530 0.031746
0 0.244792 0.593915 0.029762 0.034392
0 0.420759 0.630952 0.030506 0.042328
1 0.496652 0.703042 0.031994 0.046296
1 0.556176 0.769180 0.024554 0.030423
0 0.289062 0.527116 0.029018 0.041005
0 0.363467 0.497354 0.023065 0.026455
0 0.415179 0.466931 0.029762 0.034392
3 0.385417 0.452381 0.011905 0.018519
0 0.486235 0.429233 0.029018 0.030423
0 0.643601 0.646825 0.026786 0.039683
0 0.654390 0.681217 0.027530 0.042328
0 0.669643 0.605159 0.023810 0.041005
0 0.681548 0.634921 0.025298 0.042328
0 0.697917 0.562169 0.025298 0.039683
0 0.738095 0.555556 0.025298 0.037037
0 0.895461 0.363757 0.030506 0.039683
0 0.038690 0.218254 0.028274 0.039683
