0 0.021534 0.334267 0.027311 0.072829
0 0.019433 0.269374 0.032563 0.066293
0 0.989758 0.890756 0.019433 0.050420
0 0.700368 0.131653 0.025735 0.056022
0 0.373424 0.979925 0.031513 0.038282
2 0.415179 0.786648 0.075105 0.187675
1 0.768908 0.010738 0.031513 0.023343
0 0.683824 0.316993 0.022059 0.058824
0 0.656250 0.259104 0.030987 0.062558
0 0.480042 0.599440 0.028361 0.061625
0 0.597164 0.459384 0.031513 0.063492
0 0.650998 0.198413 0.027836 0.056956
0 0.589023 0.264239 0.030987 0.063492
0 0.611345 0.264706 0.025210 0.055089
0 0.654149 0.104108 0.027836 0.062558
0 0.306460 0.588702 0.040441 0.040149
0 0.325105 0.554155 0.037815 0.047619
0 0.332721 0.514472 0.039391 0.044818
0 0.251838 0.557890 0.039391 0.047619
0 0.279412 0.528945 0.037815 0.042017
0 0.285452 0.481793 0.039391 0.046685
0 0.211660 0.526144 0.034664 0.040149
0 0.230830 0.498133 0.040441 0.045752
0 0.240021 0.450980 0.034664 0.039216
0 0.164391 0.505135 0.040966 0.044818
0 0.182773 0.467320 0.040966 0.049486
0 0.199317 0.430439 0.038340 0.044818
0 0.716912 0.671335 0.040966 0.044818
0 0.719800 0.628385 0.036239 0.046685
0 0.726103 0.579365 0.036239 0.040149
0 0.746324 0.550887 0.040966 0.044818
0 0.753676 0.700280 0.034664 0.037348
0 0.775998 0.662465 0.040441 0.047619
0 0.779412 0.612979 0.042017 0.047619
0 0.803571 0.583567 0.044118 0.050420
0 0.792805 0.720822 0.039391 0.044818
0 0.828256 0.645191 0.040966 0.044818
0 0.841124 0.751634 0.040441 0.044818
0 0.963498 0.722222 0.043592 0.047619
0 0.880777 0.774043 0.043067 0.046685
0 0.926733 0.797852 0.040441 0.047619
0 0.480567 0.899160 0.036765 0.065359
1 0.569853 0.455649 0.040966 0.106443
0 0.432511 0.881419 0.030987 0.070962
1 0.480567 0.697479 0.025210 0.070962
0 0.530987 0.367880 0.033613 0.056022
0 0.149422 0.403361 0.040441 0.044818
0 0.133929 0.439309 0.040966 0.043884
0 0.105830 0.476190 0.041492 0.048553
0 0.099790 0.380952 0.040966 0.039216
0 0.063288 0.442110 0.041492 0.049486
0 0.087185 0.269374 0.039916 0.047619
0 0.143908 0.304855 0.045168 0.049486
0 0.052521 0.289916 0.035714 0.049486
0 0.585609 0.351074 0.031513 0.067227
0 0.683824 0.090103 0.026261 0.062558
1 0.549632 0.652194 0.054097 0.118581
3 0.590861 0.171802 0.010504 0.026144
2 0.036502 0.166200 0.074055 0.084034
0 0.972689 0.824930 0.048319 0.049486
0 0.036765 0.400560 0.025210 0.067227
0 0.009191 0.409430 0.019433 0.043884
