0 0.297006 0.704949 0.055147 0.102708
0 0.809611 0.896825 0.048845 0.103641
0 0.847689 0.874883 0.040966 0.115780
0 0.957721 0.654528 0.034139 0.095238
0 0.714548 0.979925 0.057248 0.038282
0 0.524422 0.959851 0.062500 0.076564
0 0.470851 0.884687 0.056197 0.112979
0 0.394695 0.732960 0.036239 0.112045
0 0.348739 0.654062 0.053571 0.103641
0 0.303571 0.560224 0.061975 0.091503
0 0.242910 0.460784 0.056197 0.086835
0 0.228466 0.696545 0.054622 0.100840
0 0.193015 0.278711 0.034139 0.084967
0 0.165704 0.349206 0.054097 0.091503
0 0.165966 0.247432 0.030462 0.098973
0 0.118960 0.257236 0.046744 0.077498
0 0.137080 0.739963 0.064076 0.079365
0 0.249475 0.933240 0.060924 0.114846
0 0.047532 0.549486 0.058298 0.098039
3 0.179359 0.452381 0.024685 0.042017
3 0.097164 0.654528 0.018908 0.052288
