0 0.852679 0.713624 0.023810 0.025132
0 0.836682 0.681878 0.024554 0.027778
0 0.871652 0.599206 0.018601 0.044974
0 0.879464 0.692460 0.016369 0.046296
0 0.125000 0.599868 0.026786 0.033069
0 0.198661 0.490079 0.026786 0.035714
0 0.012649 0.618386 0.023810 0.048942
0 0.854167 0.179894 0.026786 0.031746
1 0.960565 0.120370 0.031250 0.037037
1 0.712798 0.154101 0.020833 0.041005
0 0.738839 0.232804 0.025298 0.023810
0 0.298363 0.229497 0.019345 0.056878
0 0.259301 0.208995 0.020089 0.050265
0 0.248884 0.156746 0.018601 0.054233
0 0.283482 0.152116 0.017857 0.044974
0 0.329985 0.175926 0.023065 0.055556
2 0.741443 0.300926 0.063244 0.033069
0 0.595610 0.171958 0.026042 0.042328
0 0.113839 0.646164 0.028274 0.035714
0 0.275670 0.564153 0.027530 0.033069
0 0.208705 0.578704 0.026042 0.035714
3 0.866071 0.301587 0.013393 0.018519
3 0.320685 0.281746 0.014881 0.039683
3 0.041667 0.679894 0.014881 0.021164
3 0.802455 0.210979 0.011161 0.019841
3 0.598958 0.676587 0.014881 0.019841
3 0.370908 0.671958 0.011161 0.021164
3 0.338914 0.224868 0.011161 0.034392
3 0.950149 0.256614 0.017857 0.018519
0 0.570685 0.351190 0.028274 0.030423
0 0.572917 0.392857 0.025298 0.026455
0 0.207589 0.646164 0.031250 0.038360
1 0.236607 0.627646 0.028274 0.027778
1 0.269717 0.613095 0.031994 0.035714
0 0.623140 0.339286 0.030506 0.030423
0 0.598958 0.381614 0.028274 0.022487
0 0.640253 0.380952 0.029018 0.026455
3 0.840402 0.336640 0.018601 0.017196
0 0.647693 0.645503 0.027530 0.039683
0 0.654018 0.682540 0.026786 0.042328
0 0.671875 0.605820 0.026786 0.042328
0 0.684896 0.631614 0.027530 0.046296
0 0.704985 0.554894 0.026042 0.038360
0 0.579985 0.755291 0.027530 0.029101
0 0.039435 0.216931 0.025298 0.037037
