0 0.382090 0.443044 0.032038 0.064426
0 0.580620 0.775910 0.043592 0.056022
0 0.641807 0.843137 0.044118 0.041083
0 0.652836 0.668534 0.036765 0.074697
0 0.434611 0.721755 0.033088 0.076564
0 0.471639 0.699346 0.029412 0.070962
0 0.403099 0.332400 0.043592 0.048553
0 0.351366 0.625584 0.044118 0.050420
0 0.388655 0.591970 0.038866 0.046685
0 0.405200 0.554155 0.041492 0.047619
0 0.240809 0.561625 0.046744 0.051354
0 0.283088 0.533147 0.044118 0.050420
0 0.258141 0.462185 0.043592 0.050420
0 0.168592 0.512138 0.037815 0.043884
0 0.200630 0.483193 0.044118 0.047619
0 0.202206 0.430439 0.037815 0.044818
0 0.111870 0.486461 0.047269 0.048553
0 0.136555 0.450047 0.043067 0.041083
0 0.155462 0.401494 0.042017 0.046685
0 0.753414 0.681139 0.042542 0.047619
0 0.715336 0.608777 0.040966 0.044818
0 0.699580 0.538282 0.037815 0.042017
0 0.752626 0.521008 0.040966 0.044818
0 0.795431 0.707750 0.033088 0.039216
0 0.811450 0.662465 0.043067 0.047619
0 0.805410 0.602708 0.042542 0.049486
0 0.829832 0.563959 0.045168 0.050420
0 0.840861 0.734360 0.040966 0.047619
0 0.874212 0.640990 0.042542 0.042017
0 0.896796 0.768441 0.045693 0.050420
0 0.941702 0.676937 0.045168 0.048553
0 0.946691 0.794585 0.045693 0.050420
0 0.989233 0.817460 0.019433 0.053221
1 0.719013 0.732493 0.067227 0.071895
0 0.294380 0.328665 0.043592 0.061625
1 0.165704 0.224556 0.042542 0.056956
0 0.016282 0.163399 0.033613 0.048553
0 0.098214 0.379085 0.045168 0.050420
0 0.083508 0.413632 0.040966 0.052288
0 0.054097 0.458450 0.043067 0.048553
0 0.043592 0.350140 0.040966 0.044818
0 0.011555 0.420168 0.024160 0.054155
0 0.053834 0.237162 0.046744 0.050420
0 0.936975 0.628385 0.046218 0.054155
0 0.432248 0.814192 0.034664 0.082166
0 0.541754 0.323996 0.045693 0.065359
0 0.653887 0.195145 0.026261 0.069094
0 0.683298 0.126050 0.030462 0.067227
0 0.645483 0.114846 0.032563 0.070962
0 0.707458 0.043884 0.031513 0.067227
3 0.574317 0.192344 0.009979 0.022409
3 0.541492 0.262838 0.012605 0.025210
