0 0.366334 0.943044 0.030987 0.074697
0 0.725840 0.079832 0.031513 0.062558
0 0.459559 0.746499 0.022059 0.066293
0 0.496061 0.893091 0.037290 0.068161
0 0.596901 0.459384 0.023634 0.067227
0 0.505515 0.498599 0.030987 0.072829
0 0.544118 0.445378 0.028361 0.059757
0 0.574580 0.289916 0.033613 0.066293
0 0.301733 0.589169 0.047794 0.052288
0 0.318277 0.549486 0.037815 0.047619
0 0.327994 0.510738 0.039391 0.044818
0 0.241334 0.558824 0.039391 0.047619
0 0.271796 0.521475 0.038340 0.042017
0 0.274422 0.471989 0.044643 0.049486
0 0.196429 0.521475 0.037815 0.040149
0 0.215336 0.489262 0.042017 0.046685
0 0.226891 0.445378 0.034664 0.039216
0 0.144958 0.497666 0.044118 0.048553
0 0.164128 0.457516 0.044643 0.048553
0 0.183036 0.423436 0.038340 0.045752
0 0.731618 0.676471 0.042017 0.047619
0 0.731355 0.628852 0.039391 0.047619
0 0.736082 0.577498 0.036239 0.040149
0 0.757090 0.549020 0.040441 0.044818
0 0.768382 0.702148 0.034664 0.037348
0 0.787553 0.663399 0.040441 0.047619
0 0.790966 0.614379 0.042017 0.046685
0 0.820378 0.579832 0.045168 0.050420
0 0.809086 0.725490 0.039391 0.044818
0 0.847164 0.645191 0.040966 0.044818
0 0.857668 0.755369 0.043067 0.050420
0 0.900998 0.672736 0.043592 0.049486
0 0.905462 0.780112 0.045168 0.055089
0 0.954832 0.808123 0.043067 0.049486
0 0.702731 0.833333 0.040966 0.049486
1 0.578519 0.598973 0.046744 0.111111
0 0.448792 0.607376 0.025735 0.068161
1 0.415441 0.445845 0.039916 0.062558
0 0.319853 0.351541 0.037815 0.045752
0 0.130515 0.393091 0.040441 0.044818
0 0.115021 0.429972 0.042017 0.047619
0 0.087447 0.468721 0.042542 0.050420
0 0.078256 0.366013 0.040966 0.039216
0 0.043855 0.437442 0.042542 0.053221
0 0.034139 0.238562 0.040966 0.040149
0 0.092700 0.266106 0.047794 0.052288
0 0.028624 0.270308 0.040441 0.049486
0 0.518382 0.545752 0.031513 0.070028
0 0.640494 0.142390 0.032038 0.068161
0 0.649422 0.195145 0.028887 0.061625
0 0.680935 0.122782 0.028887 0.062558
1 0.668592 0.288515 0.056723 0.123249
0 0.989758 0.835201 0.017332 0.049486
0 0.012342 0.390289 0.024685 0.067227
