0 0.356880 0.971055 0.030987 0.056022
0 0.735294 0.054622 0.031513 0.060691
0 0.458508 0.721755 0.022059 0.069094
0 0.504989 0.879552 0.037290 0.067227
0 0.595326 0.485528 0.022584 0.067227
0 0.501313 0.514472 0.030987 0.072829
0 0.539391 0.460784 0.028361 0.060691
0 0.566176 0.303922 0.034664 0.066293
0 0.303309 0.591036 0.047794 0.052288
0 0.317227 0.548553 0.037815 0.047619
0 0.327994 0.508870 0.039391 0.044818
0 0.240284 0.558824 0.039391 0.047619
0 0.270746 0.521475 0.038340 0.042017
0 0.273372 0.471055 0.044643 0.049486
0 0.194328 0.521475 0.038866 0.042017
0 0.213498 0.488796 0.042542 0.047619
0 0.225315 0.444444 0.034664 0.039216
0 0.142857 0.497666 0.044118 0.048553
0 0.162027 0.457049 0.044643 0.049486
0 0.181197 0.421569 0.038866 0.045752
0 0.733456 0.676937 0.042542 0.048553
0 0.732931 0.628852 0.039391 0.047619
0 0.736870 0.576564 0.036765 0.040149
0 0.758666 0.548086 0.040441 0.044818
0 0.769958 0.703081 0.034664 0.037348
0 0.789653 0.663399 0.040441 0.047619
0 0.793067 0.614379 0.042017 0.046685
0 0.822742 0.579365 0.045693 0.051354
0 0.810662 0.726424 0.039391 0.044818
0 0.849790 0.646125 0.040966 0.044818
0 0.861082 0.756303 0.043592 0.050420
0 0.904674 0.673669 0.044643 0.049486
0 0.909139 0.781979 0.045168 0.055089
0 0.957983 0.810458 0.043067 0.050420
0 0.724527 0.841737 0.041492 0.049486
1 0.585084 0.611111 0.050420 0.107376
0 0.443540 0.585901 0.026786 0.068161
1 0.402836 0.427171 0.040966 0.060691
0 0.298845 0.337535 0.037815 0.045752
0 0.128414 0.392157 0.040441 0.044818
0 0.112395 0.428105 0.043067 0.047619
0 0.085084 0.467320 0.043067 0.051354
0 0.075630 0.366013 0.040966 0.039216
0 0.041754 0.437908 0.042542 0.054155
0 0.030987 0.236695 0.040966 0.040149
0 0.089548 0.263772 0.047794 0.053221
0 0.025998 0.268441 0.039391 0.049486
0 0.512868 0.562558 0.032038 0.071895
0 0.634454 0.159197 0.031513 0.068161
0 0.647584 0.200747 0.028361 0.061625
0 0.679884 0.126050 0.028887 0.063492
1 0.677521 0.260504 0.056723 0.123249
0 0.991597 0.836134 0.013655 0.049486
0 0.011555 0.390289 0.024160 0.067227
