0 0.853051 0.709656 0.026042 0.030423
0 0.837798 0.675926 0.026786 0.031746
0 0.869792 0.593254 0.020833 0.051587
0 0.887649 0.656746 0.020833 0.048942
0 0.905506 0.388889 0.032738 0.039683
0 0.874256 0.398810 0.026786 0.043651
0 0.123512 0.605159 0.031250 0.035714
0 0.196057 0.493386 0.029018 0.037037
0 0.009673 0.621693 0.020833 0.050265
0 0.851562 0.174603 0.029018 0.034392
1 0.956101 0.114418 0.035714 0.041005
0 0.712054 0.150794 0.026786 0.044974
0 0.736979 0.230820 0.030506 0.030423
0 0.296131 0.232143 0.020833 0.056878
0 0.255952 0.208995 0.017857 0.050265
0 0.247396 0.158069 0.020089 0.051587
0 0.279762 0.151455 0.019345 0.048942
0 0.329241 0.193122 0.021577 0.055556
0 0.314360 0.133598 0.020089 0.055556
0 0.304688 0.065476 0.021577 0.054233
0 0.353795 0.220238 0.015625 0.038360
0 0.866815 0.318783 0.032738 0.037037
2 0.740699 0.296958 0.066220 0.038360
0 0.592262 0.171958 0.028274 0.042328
0 0.082217 0.751323 0.031994 0.034392
3 0.366443 0.417328 0.011161 0.033069
3 0.109747 0.716931 0.015625 0.018519
3 0.371652 0.698413 0.011161 0.023810
3 0.528274 0.756614 0.010417 0.021164
0 0.559524 0.740741 0.013393 0.021164
0 0.413318 0.170635 0.014137 0.018519
