0 0.033613 0.300654 0.033613 0.059757
0 0.037027 0.238095 0.039391 0.056022
0 0.507090 0.860878 0.037290 0.057890
3 0.480305 0.559290 0.013130 0.022409
3 0.404937 0.711485 0.010504 0.022409
3 0.542279 0.324930 0.015231 0.028011
0 0.310399 0.588702 0.039916 0.040149
0 0.328519 0.556022 0.038340 0.045752
0 0.338761 0.517740 0.038866 0.045752
0 0.255777 0.556956 0.039916 0.045752
0 0.284401 0.528945 0.038340 0.042017
0 0.290179 0.484594 0.039391 0.046685
0 0.215336 0.528478 0.037815 0.037348
0 0.233981 0.497199 0.040441 0.045752
0 0.243960 0.453315 0.034139 0.042017
0 0.168330 0.504669 0.041492 0.045752
0 0.186450 0.468721 0.039916 0.048553
0 0.181460 0.420635 0.038340 0.045752
0 0.716912 0.680672 0.040966 0.044818
0 0.756303 0.663399 0.040966 0.047619
0 0.721113 0.588702 0.036765 0.040149
0 0.742910 0.559290 0.040441 0.044818
0 0.750263 0.706816 0.034139 0.037348
0 0.857143 0.724090 0.040966 0.047619
0 0.894170 0.697012 0.043592 0.047619
0 0.802258 0.597572 0.040441 0.046685
0 0.790179 0.730626 0.038340 0.043884
0 0.836922 0.759104 0.040441 0.044818
0 0.881565 0.784314 0.042542 0.046685
0 0.925158 0.807656 0.040441 0.046685
0 0.022059 0.353408 0.042017 0.040149
0 0.111607 0.473389 0.041492 0.048553
0 0.069328 0.442110 0.039916 0.049486
0 0.117647 0.288982 0.038866 0.043884
0 0.170168 0.316527 0.044118 0.050420
0 0.072479 0.279645 0.039916 0.040149
2 0.471113 0.791783 0.060924 0.145658
0 0.601366 0.798786 0.036765 0.043884
0 0.749212 0.817927 0.035189 0.037348
1 0.550420 0.572829 0.029412 0.062558
1 0.452731 0.751634 0.078782 0.209150
0 0.392595 0.845938 0.030987 0.067227
0 0.659139 0.307656 0.026261 0.062558
0 0.592174 0.561625 0.020483 0.073763
0 0.601366 0.438842 0.024160 0.069094
2 0.596113 0.264706 0.064076 0.139122
0 0.716912 0.145658 0.032563 0.065359
0 0.751838 0.061625 0.030987 0.061625
0 0.652048 0.203081 0.027836 0.064426
0 0.643382 0.155462 0.029412 0.062558
0 0.972952 0.836134 0.048845 0.049486
0 0.039916 0.401027 0.025210 0.066293
0 0.014181 0.409430 0.029412 0.043884
