0 0.596901 0.854342 0.062500 0.110177
0 0.908088 0.323996 0.050420 0.084034
0 0.419118 0.667600 0.066176 0.117647
0 0.664916 0.910364 0.066176 0.061625
0 0.707458 0.821662 0.059874 0.104575
0 0.762868 0.732960 0.056197 0.117647
0 0.821691 0.615780 0.054097 0.105509
0 0.926733 0.523810 0.059349 0.057890
0 0.877889 0.490196 0.057248 0.095238
0 0.945378 0.478992 0.063025 0.056022
0 0.930672 0.396825 0.047269 0.078431
0 0.645483 0.480859 0.044118 0.100840
0 0.546744 0.676004 0.056723 0.098973
0 0.743960 0.324930 0.053046 0.093371
0 0.783088 0.244631 0.059874 0.061625
0 0.715599 0.213352 0.060399 0.060691
0 0.836922 0.329599 0.053046 0.089636
0 0.437763 0.801587 0.068803 0.070028
0 0.839023 0.160131 0.049895 0.088702
0 0.878151 0.091970 0.050420 0.083100
0 0.915441 0.034547 0.050420 0.070962
3 0.686450 0.774977 0.018908 0.033613
3 0.959034 0.262838 0.022059 0.040149
3 0.762080 0.410364 0.022059 0.038282
3 0.822479 0.274977 0.018908 0.040149
3 0.689601 0.399627 0.029412 0.041083
3 0.591649 0.646125 0.014181 0.037348
3 0.941176 0.084034 0.018908 0.037348
3 0.827994 0.239963 0.023634 0.037348
