0 0.852679 0.713624 0.023810 0.025132
0 0.836682 0.681878 0.024554 0.027778
0 0.870908 0.598545 0.018601 0.046296
0 0.879464 0.691138 0.016369 0.046296
0 0.124256 0.599868 0.026786 0.033069
0 0.198661 0.490079 0.026786 0.035714
0 0.012649 0.619709 0.023810 0.048942
0 0.853423 0.179894 0.026786 0.031746
1 0.960565 0.120370 0.031250 0.037037
1 0.712798 0.154101 0.020833 0.041005
0 0.738467 0.231481 0.026042 0.023810
0 0.298363 0.229497 0.019345 0.056878
0 0.259301 0.208995 0.020089 0.050265
0 0.248512 0.156746 0.019345 0.054233
0 0.283482 0.152116 0.017857 0.044974
0 0.329985 0.177910 0.023065 0.054233
2 0.741443 0.300926 0.063244 0.033069
0 0.595610 0.171958 0.026042 0.042328
0 0.093006 0.658730 0.028274 0.034392
0 0.261161 0.566138 0.028274 0.031746
0 0.189360 0.594577 0.026042 0.035714
3 0.853795 0.306878 0.012649 0.015873
3 0.319940 0.281746 0.014881 0.039683
3 0.028274 0.686508 0.014881 0.021164
3 0.802455 0.210317 0.011161 0.021164
3 0.597470 0.676587 0.014881 0.019841
3 0.364955 0.662037 0.011161 0.022487
3 0.339658 0.228836 0.011161 0.034392
3 0.935268 0.263228 0.017857 0.018519
0 0.566592 0.350529 0.029018 0.031746
0 0.572917 0.392857 0.025298 0.026455
0 0.281250 0.017857 0.014881 0.038360
0 0.010045 0.744709 0.021577 0.034392
0 0.207589 0.646164 0.031250 0.038360
1 0.236235 0.628307 0.027530 0.029101
1 0.271577 0.609788 0.029762 0.034392
0 0.617932 0.340608 0.030506 0.030423
0 0.597842 0.381614 0.027530 0.022487
0 0.640253 0.380952 0.029018 0.026455
3 0.815476 0.340608 0.019345 0.017196
0 0.647693 0.645503 0.027530 0.039683
0 0.654018 0.682540 0.026786 0.042328
0 0.671131 0.605820 0.026786 0.042328
0 0.684152 0.632937 0.027530 0.046296
0 0.703497 0.556217 0.026042 0.038360
0 0.592262 0.754630 0.026786 0.030423
0 0.039435 0.216931 0.025298 0.037037
