0 0.914807 0.321429 0.027530 0.037037
0 0.851562 0.712302 0.023065 0.025132
0 0.837426 0.681217 0.024554 0.029101
0 0.870908 0.597884 0.018601 0.044974
0 0.881696 0.677249 0.019345 0.044974
0 0.123884 0.601190 0.027530 0.033069
0 0.198661 0.490079 0.026786 0.035714
0 0.011905 0.620370 0.023810 0.047619
0 0.853423 0.178571 0.026786 0.031746
1 0.960565 0.119048 0.031250 0.037037
1 0.712054 0.154101 0.020833 0.041005
0 0.738095 0.231481 0.025298 0.023810
0 0.297991 0.229497 0.020089 0.056878
0 0.258929 0.208995 0.020833 0.050265
0 0.247768 0.156746 0.019345 0.054233
0 0.283110 0.152116 0.018601 0.044974
0 0.329985 0.180556 0.023065 0.051587
2 0.741443 0.298280 0.063244 0.033069
0 0.595610 0.171958 0.026042 0.042328
0 0.171503 0.607143 0.030506 0.034392
0 0.072545 0.666005 0.026042 0.038360
3 0.785714 0.330026 0.011905 0.019841
3 0.319196 0.281746 0.014881 0.039683
3 0.802455 0.208333 0.011161 0.019841
3 0.583333 0.685185 0.013393 0.023810
3 0.327009 0.641534 0.011161 0.018519
3 0.339286 0.231481 0.011905 0.034392
3 0.854911 0.302249 0.017857 0.019841
0 0.528274 0.364418 0.029762 0.033069
0 0.555804 0.399471 0.025298 0.026455
0 0.305060 0.136905 0.020833 0.046296
0 0.278646 0.024471 0.018601 0.041005
0 0.087426 0.691138 0.033482 0.038360
0 0.205729 0.649471 0.030506 0.034392
1 0.246652 0.621032 0.029018 0.030423
1 0.299479 0.597222 0.029018 0.030423
0 0.592634 0.345899 0.030506 0.030423
0 0.591890 0.382275 0.024554 0.023810
0 0.631324 0.380952 0.029018 0.026455
3 0.699405 0.343915 0.013393 0.015873
0 0.975074 0.275132 0.029018 0.034392
0 0.647693 0.645503 0.027530 0.039683
0 0.654018 0.681217 0.026786 0.042328
0 0.670387 0.605820 0.026786 0.042328
0 0.682664 0.634259 0.027530 0.046296
0 0.696429 0.561508 0.025298 0.041005
0 0.652902 0.722222 0.026042 0.037037
0 0.037946 0.216931 0.025298 0.037037
