0 0.023634 0.336134 0.027311 0.072829
0 0.022321 0.271242 0.035189 0.066293
0 0.989233 0.968721 0.019433 0.051354
0 0.757616 0.009804 0.028887 0.021475
0 0.896534 0.840803 0.040966 0.043884
0 0.658613 0.254902 0.028361 0.056022
0 0.414916 0.860878 0.031513 0.072829
2 0.451155 0.676471 0.075630 0.182073
1 0.729517 0.115780 0.030462 0.067227
0 0.675420 0.391223 0.022059 0.059757
0 0.611607 0.396359 0.030987 0.062558
0 0.511029 0.507937 0.028361 0.061625
0 0.556460 0.570962 0.032038 0.066293
0 0.669380 0.146125 0.027836 0.056956
0 0.619485 0.186275 0.030987 0.056956
0 0.631303 0.221755 0.029412 0.055089
0 0.306723 0.588702 0.040966 0.040149
0 0.325630 0.554155 0.037815 0.047619
0 0.333508 0.514472 0.038866 0.044818
0 0.252363 0.557890 0.039391 0.047619
0 0.279937 0.528945 0.037815 0.042017
0 0.285977 0.481793 0.039391 0.046685
0 0.212185 0.526144 0.034664 0.040149
0 0.231355 0.498133 0.040441 0.045752
0 0.240021 0.451914 0.034664 0.039216
0 0.164128 0.507003 0.041492 0.044818
0 0.182773 0.467320 0.040966 0.049486
0 0.199317 0.430439 0.038340 0.044818
0 0.716912 0.671335 0.040966 0.044818
0 0.718225 0.629318 0.036239 0.046685
0 0.725578 0.580299 0.036239 0.040149
0 0.744223 0.549953 0.040966 0.044818
0 0.753151 0.700280 0.034664 0.037348
0 0.774947 0.662465 0.040441 0.047619
0 0.777311 0.612979 0.042017 0.047619
0 0.802521 0.584034 0.043067 0.049486
0 0.791754 0.720822 0.039391 0.044818
0 0.836660 0.650794 0.040966 0.044818
0 0.840074 0.751634 0.040441 0.044818
0 0.880777 0.774977 0.043067 0.046685
0 0.926733 0.798786 0.040441 0.047619
1 0.578519 0.420635 0.043592 0.105509
1 0.465336 0.780579 0.030462 0.076564
0 0.570903 0.302054 0.030462 0.060691
0 0.149947 0.404295 0.040441 0.044818
0 0.136555 0.440243 0.040966 0.043884
0 0.106355 0.476190 0.041492 0.048553
0 0.102416 0.380019 0.040966 0.039216
0 0.064338 0.442110 0.041492 0.049486
0 0.097426 0.278711 0.038340 0.043884
0 0.152311 0.308590 0.044118 0.049486
0 0.055672 0.289916 0.035714 0.049486
0 0.607931 0.296919 0.030987 0.067227
1 0.511029 0.765173 0.052521 0.122316
3 0.600315 0.136321 0.010504 0.026144
2 0.109506 0.211018 0.090861 0.084034
0 0.972426 0.824930 0.048845 0.049486
0 0.037290 0.401494 0.025210 0.067227
0 0.010504 0.409430 0.022059 0.043884
