0 0.515997 0.947090 0.021577 0.047619
0 0.533482 0.984788 0.022321 0.025132
0 0.853051 0.708995 0.023065 0.029101
0 0.837426 0.675926 0.027530 0.031746
0 0.870164 0.591931 0.020089 0.048942
0 0.887649 0.657407 0.020833 0.047619
0 0.807292 0.490741 0.026786 0.042328
0 0.777530 0.537037 0.026786 0.044974
0 0.123512 0.605159 0.031250 0.035714
0 0.196429 0.495370 0.026786 0.035714
0 0.009301 0.621693 0.020089 0.050265
0 0.852679 0.174603 0.028274 0.034392
1 0.958705 0.114418 0.031994 0.041005
0 0.712798 0.150132 0.025298 0.043651
0 0.738095 0.230820 0.031250 0.030423
0 0.296875 0.231481 0.019345 0.055556
0 0.255952 0.208333 0.017857 0.048942
0 0.248140 0.156746 0.018601 0.051587
0 0.279762 0.152116 0.019345 0.047619
0 0.328497 0.183862 0.021577 0.052910
0 0.314360 0.129630 0.020089 0.047619
0 0.301711 0.062831 0.021577 0.048942
0 0.382812 0.255291 0.018601 0.052910
0 0.352679 0.117063 0.020833 0.054233
0 0.353423 0.218915 0.013393 0.035714
2 0.742932 0.296296 0.064732 0.034392
0 0.593006 0.171296 0.026786 0.041005
3 0.348586 0.293651 0.011161 0.029101
3 0.016741 0.775794 0.017113 0.022487
3 0.386533 0.734127 0.011161 0.023810
3 0.535714 0.797619 0.010417 0.021164
0 0.609747 0.668651 0.014137 0.019841
0 0.514137 0.253307 0.014881 0.017196
0 0.035342 0.222222 0.027530 0.034392
