0 0.025735 0.336601 0.027311 0.071895
0 0.022847 0.264706 0.035189 0.066293
0 0.873162 0.904295 0.041492 0.051354
0 0.712710 0.127918 0.031513 0.067227
0 0.786502 0.789449 0.040441 0.043884
0 0.611345 0.394958 0.028361 0.056022
0 0.458508 0.732026 0.031513 0.072829
2 0.489496 0.564426 0.075630 0.178338
1 0.677521 0.275444 0.030462 0.067227
0 0.694853 0.463119 0.031513 0.056022
0 0.563813 0.538749 0.030987 0.063492
0 0.546218 0.408030 0.028361 0.061625
0 0.506565 0.702614 0.032038 0.068161
0 0.694590 0.081699 0.027836 0.056956
0 0.649685 0.112979 0.030462 0.057890
0 0.655725 0.154528 0.026786 0.053221
0 0.307248 0.588702 0.040966 0.040149
0 0.325630 0.554155 0.037815 0.047619
0 0.334034 0.515406 0.038866 0.044818
0 0.252889 0.557890 0.039391 0.047619
0 0.280462 0.528945 0.037815 0.042017
0 0.286502 0.481793 0.039391 0.046685
0 0.212185 0.525677 0.034664 0.039216
0 0.231355 0.498133 0.040441 0.045752
0 0.240021 0.451914 0.034664 0.039216
0 0.164653 0.507003 0.041492 0.044818
0 0.182773 0.467320 0.040966 0.049486
0 0.199317 0.430439 0.038340 0.044818
0 0.716912 0.671335 0.040966 0.044818
0 0.718225 0.630252 0.036239 0.046685
0 0.724527 0.581232 0.036239 0.040149
0 0.742647 0.550887 0.040966 0.044818
0 0.752626 0.700280 0.034664 0.037348
0 0.773372 0.661531 0.040441 0.047619
0 0.775210 0.612979 0.042017 0.047619
0 0.801471 0.585434 0.042017 0.048553
0 0.790704 0.720822 0.039391 0.044818
0 0.862132 0.665733 0.040441 0.044818
0 0.838498 0.751634 0.040441 0.044818
0 0.880777 0.775910 0.043067 0.046685
0 0.926733 0.799720 0.040441 0.047619
1 0.591649 0.381419 0.046744 0.105509
1 0.440389 0.876751 0.032038 0.078431
0 0.609769 0.221289 0.028361 0.061625
0 0.150473 0.405229 0.040441 0.044818
0 0.137605 0.440243 0.040966 0.043884
0 0.106880 0.476190 0.041492 0.048553
0 0.100840 0.378151 0.040966 0.039216
0 0.064863 0.442110 0.041492 0.049486
0 0.101628 0.282446 0.038340 0.043884
0 0.160714 0.311858 0.044118 0.050420
0 0.058036 0.288515 0.036239 0.048553
0 0.630777 0.239029 0.030462 0.063492
1 0.472689 0.882820 0.056723 0.127918
2 0.199580 0.263772 0.088235 0.092437
2 0.024160 0.155462 0.049370 0.079365
0 0.339286 0.990663 0.030462 0.014939
0 0.972426 0.825864 0.048845 0.049486
0 0.037815 0.401494 0.025210 0.067227
0 0.012080 0.409430 0.025210 0.043884
