0 0.725074 0.516534 0.026042 0.041005
0 0.940848 0.300265 0.033482 0.037037
0 0.853423 0.708333 0.022321 0.027778
0 0.837426 0.674603 0.027530 0.034392
0 0.871652 0.592593 0.020089 0.047619
0 0.889509 0.655423 0.021577 0.048942
0 0.123884 0.601852 0.030506 0.037037
0 0.196801 0.489418 0.026042 0.034392
0 0.009673 0.621693 0.020833 0.047619
0 0.853051 0.172619 0.027530 0.035714
1 0.959449 0.113757 0.031994 0.042328
0 0.713542 0.148810 0.025298 0.043651
0 0.738839 0.226852 0.031250 0.030423
0 0.294643 0.231481 0.019345 0.055556
0 0.257068 0.208333 0.018601 0.048942
0 0.249256 0.155423 0.019345 0.054233
0 0.282366 0.150794 0.018601 0.044974
0 0.328869 0.177249 0.022321 0.050265
0 0.156622 0.646825 0.029018 0.039683
0 0.194196 0.623677 0.029762 0.030423
2 0.743304 0.296296 0.063988 0.031746
0 0.593750 0.169974 0.026786 0.041005
3 0.340030 0.242725 0.010417 0.030423
0 0.197545 0.564153 0.026042 0.038360
0 0.275670 0.517196 0.024554 0.039683
0 0.472470 0.973545 0.022321 0.047619
0 0.248140 0.589286 0.030506 0.035714
0 0.672991 0.698413 0.026042 0.042328
1 0.716518 0.634921 0.025298 0.042328
1 0.829985 0.471561 0.023065 0.041005
0 0.103423 0.649471 0.023810 0.034392
0 0.164062 0.613095 0.027530 0.038360
3 0.226190 0.554894 0.013393 0.019841
0 0.247396 0.564815 0.026042 0.039683
0 0.630208 0.667989 0.023810 0.042328
0 0.652530 0.680556 0.025298 0.041005
0 0.657738 0.623016 0.023810 0.042328
0 0.680804 0.636243 0.023810 0.039683
0 0.692336 0.572090 0.026042 0.038360
0 0.706473 0.597884 0.024554 0.037037
0 0.035342 0.219577 0.029018 0.037037
