0 0.803571 0.423280 0.026786 0.039683
0 0.852307 0.710979 0.023065 0.025132
0 0.837426 0.680556 0.024554 0.030423
0 0.871652 0.595238 0.018601 0.044974
0 0.884673 0.664021 0.019345 0.044974
0 0.123512 0.599868 0.028274 0.033069
0 0.198661 0.491402 0.026786 0.035714
0 0.011905 0.619709 0.023810 0.048942
0 0.853423 0.177249 0.026786 0.031746
1 0.960565 0.117725 0.031250 0.037037
1 0.712054 0.151455 0.020833 0.041005
0 0.738095 0.231481 0.025298 0.023810
0 0.297991 0.229497 0.020089 0.056878
0 0.258929 0.208995 0.020833 0.050265
0 0.248140 0.156085 0.020089 0.055556
0 0.283110 0.152116 0.018601 0.044974
0 0.329613 0.179233 0.023810 0.056878
0 0.012277 0.750661 0.026042 0.038360
0 0.081101 0.695767 0.031250 0.037037
2 0.742188 0.298280 0.064732 0.033069
0 0.595610 0.171958 0.026042 0.042328
0 0.041295 0.685185 0.030506 0.039683
3 0.705729 0.328042 0.009673 0.018519
3 0.319940 0.281746 0.014881 0.039683
3 0.802455 0.205688 0.011161 0.019841
3 0.551711 0.752646 0.011161 0.031746
3 0.275670 0.641534 0.011161 0.015873
3 0.331473 0.189153 0.011161 0.034392
3 0.334077 0.136905 0.008929 0.022487
3 0.773438 0.320767 0.018601 0.019841
0 0.417411 0.427910 0.026786 0.038360
0 0.472842 0.431878 0.024554 0.030423
0 0.328497 0.260582 0.020089 0.050265
0 0.309896 0.169312 0.021577 0.042328
0 0.167039 0.639550 0.031994 0.038360
0 0.252976 0.617063 0.028274 0.033069
1 0.315104 0.587302 0.031994 0.031746
1 0.373512 0.609127 0.026786 0.033069
0 0.525670 0.367725 0.033482 0.037037
0 0.535342 0.402116 0.024554 0.023810
0 0.597098 0.383598 0.029018 0.026455
3 0.588170 0.348545 0.011161 0.019841
0 0.830729 0.337963 0.027530 0.027778
0 0.646205 0.641534 0.027530 0.039683
0 0.653646 0.680556 0.026042 0.043651
0 0.671131 0.603175 0.025298 0.042328
0 0.680432 0.634259 0.027530 0.046296
0 0.696429 0.560847 0.025298 0.039683
0 0.935268 0.315476 0.025298 0.033069
0 0.718378 0.611111 0.023065 0.047619
0 0.037946 0.217593 0.025298 0.038360
