0 0.853423 0.719577 0.023810 0.026455
0 0.836682 0.687169 0.024554 0.027778
0 0.872768 0.603175 0.019345 0.047619
0 0.883185 0.679233 0.013393 0.043651
0 0.126488 0.597884 0.028274 0.034392
0 0.200893 0.487434 0.026786 0.035714
0 0.013021 0.612434 0.023065 0.050265
0 0.856027 0.184524 0.027530 0.030423
1 0.961310 0.125661 0.031250 0.037037
1 0.715774 0.158069 0.020833 0.041005
0 0.740699 0.236772 0.026042 0.023810
0 0.300223 0.229497 0.018601 0.056878
0 0.260417 0.207011 0.019345 0.046296
0 0.251488 0.156746 0.017857 0.054233
0 0.284970 0.151455 0.017857 0.046296
2 0.748884 0.304894 0.064732 0.030423
0 0.597098 0.177910 0.024554 0.041005
0 0.345238 0.070767 0.019345 0.046296
0 0.366071 0.175265 0.014881 0.041005
0 0.091518 0.651455 0.026786 0.033069
0 0.407738 0.630952 0.026786 0.050265
0 0.456473 0.744709 0.023065 0.050265
0 0.327381 0.232143 0.022321 0.046296
3 0.322917 0.281746 0.014881 0.039683
3 0.244420 0.567460 0.014137 0.021164
3 0.808036 0.222222 0.011905 0.021164
3 0.616071 0.663360 0.014881 0.019841
3 0.447173 0.842593 0.010417 0.023810
0 0.712426 0.349206 0.029018 0.026455
0 0.575149 0.395503 0.025298 0.026455
0 0.207589 0.644841 0.031250 0.038360
1 0.237723 0.623016 0.029018 0.029101
1 0.269717 0.609127 0.031994 0.038360
0 0.798363 0.349868 0.031250 0.030423
0 0.604539 0.383598 0.024554 0.023810
0 0.644717 0.382275 0.029018 0.026455
0 0.646949 0.646825 0.027530 0.039683
0 0.654390 0.685847 0.027530 0.041005
0 0.674479 0.608466 0.027530 0.039683
0 0.689732 0.629630 0.026786 0.042328
0 0.824405 0.421958 0.028274 0.037037
0 0.443452 0.617063 0.022321 0.048942
0 0.041667 0.213624 0.025298 0.033069
