0 0.965402 0.287698 0.027530 0.035714
0 0.851562 0.713624 0.023065 0.025132
0 0.837426 0.681217 0.024554 0.029101
0 0.870908 0.597884 0.018601 0.044974
0 0.880208 0.683862 0.017857 0.044974
0 0.123884 0.601190 0.027530 0.033069
0 0.198661 0.490079 0.026786 0.035714
0 0.011905 0.620370 0.023810 0.047619
0 0.853423 0.178571 0.026786 0.031746
1 0.960565 0.119048 0.031250 0.037037
1 0.712054 0.154101 0.020833 0.041005
0 0.738095 0.231481 0.025298 0.023810
0 0.297991 0.229497 0.020089 0.056878
0 0.258929 0.208995 0.020833 0.050265
0 0.248140 0.156746 0.018601 0.054233
0 0.283110 0.152116 0.018601 0.044974
0 0.329985 0.181878 0.023065 0.054233
2 0.741443 0.299603 0.063244 0.033069
0 0.595610 0.171958 0.026042 0.042328
0 0.043527 0.687831 0.029018 0.037037
0 0.218006 0.580688 0.028274 0.034392
0 0.131324 0.632937 0.026042 0.038360
3 0.819940 0.320767 0.011905 0.019841
3 0.319940 0.281746 0.014881 0.039683
3 0.802455 0.209656 0.011161 0.019841
3 0.591146 0.680556 0.014137 0.022487
3 0.347098 0.647487 0.011161 0.019841
3 0.341146 0.239418 0.011161 0.034392
3 0.895089 0.283069 0.017857 0.018519
0 0.553571 0.353175 0.029762 0.031746
0 0.564732 0.395503 0.025298 0.026455
0 0.295015 0.080688 0.020089 0.044974
0 0.047991 0.718915 0.033482 0.038360
0 0.206473 0.648148 0.030506 0.037037
1 0.239583 0.626323 0.028274 0.030423
1 0.279762 0.603836 0.029762 0.033069
0 0.606027 0.341931 0.030506 0.030423
0 0.594866 0.382275 0.026042 0.023810
0 0.635789 0.380952 0.029018 0.026455
3 0.755208 0.345238 0.014881 0.015873
0 0.647693 0.645503 0.027530 0.039683
0 0.654018 0.681217 0.026786 0.042328
0 0.671131 0.605820 0.026786 0.042328
0 0.683408 0.632937 0.027530 0.046296
0 0.700521 0.560185 0.026042 0.038360
0 0.623884 0.744709 0.026042 0.034392
0 0.038690 0.216931 0.025298 0.037037
