0 0.852679 0.713624 0.023810 0.025132
0 0.836682 0.681878 0.024554 0.027778
0 0.871652 0.599206 0.018601 0.044974
0 0.879464 0.693783 0.016369 0.046296
0 0.125744 0.598545 0.026786 0.033069
0 0.199405 0.488757 0.026786 0.035714
0 0.012649 0.618386 0.023810 0.048942
0 0.854167 0.179894 0.026786 0.031746
1 0.960565 0.120370 0.031250 0.037037
1 0.713542 0.154101 0.020833 0.041005
0 0.738839 0.232804 0.025298 0.023810
0 0.298735 0.229497 0.020089 0.056878
0 0.259673 0.208995 0.019345 0.050265
0 0.248884 0.156746 0.018601 0.054233
0 0.283482 0.152116 0.017857 0.044974
0 0.329613 0.169312 0.023810 0.052910
2 0.741815 0.302249 0.063988 0.033069
0 0.596354 0.171958 0.026042 0.042328
0 0.134673 0.632937 0.028274 0.035714
0 0.290551 0.564153 0.027530 0.033069
0 0.228051 0.560185 0.026042 0.035714
3 0.878720 0.297619 0.013393 0.021164
3 0.320685 0.281746 0.014881 0.039683
3 0.054315 0.671958 0.014881 0.021164
3 0.802455 0.211640 0.011161 0.021164
3 0.599702 0.675265 0.014881 0.019841
3 0.376860 0.681878 0.011161 0.022487
3 0.338170 0.220899 0.011161 0.034392
3 0.965774 0.249339 0.017857 0.017196
0 0.574405 0.350529 0.028274 0.029101
0 0.572917 0.392857 0.025298 0.026455
0 0.207589 0.646164 0.031250 0.038360
1 0.236979 0.626323 0.029018 0.027778
1 0.269717 0.613095 0.031994 0.035714
0 0.630208 0.338624 0.029762 0.029101
0 0.599330 0.381614 0.027530 0.022487
0 0.640997 0.380952 0.029018 0.026455
3 0.864211 0.332672 0.015625 0.017196
0 0.647693 0.645503 0.027530 0.039683
0 0.654018 0.682540 0.026786 0.042328
0 0.671875 0.605820 0.026786 0.042328
0 0.684896 0.630291 0.027530 0.046296
0 0.706473 0.550926 0.026042 0.038360
0 0.568452 0.753968 0.026786 0.029101
0 0.039435 0.216931 0.025298 0.037037
