0 0.033351 0.301120 0.034139 0.060691
0 0.037027 0.238095 0.039391 0.056022
0 0.512605 0.852474 0.037815 0.056022
3 0.476103 0.570495 0.013130 0.022409
3 0.403624 0.718021 0.009979 0.022409
3 0.538078 0.329132 0.015231 0.027077
0 0.310399 0.588702 0.039916 0.040149
0 0.328519 0.556022 0.038340 0.045752
0 0.338761 0.517740 0.038866 0.045752
0 0.255777 0.556956 0.039916 0.045752
0 0.284401 0.528945 0.038340 0.042017
0 0.290179 0.484594 0.039391 0.046685
0 0.215336 0.528945 0.037815 0.038282
0 0.233981 0.497199 0.040441 0.045752
0 0.243960 0.453315 0.034139 0.042017
0 0.168330 0.504669 0.041492 0.045752
0 0.185924 0.468721 0.039916 0.048553
0 0.184611 0.422502 0.038340 0.045752
0 0.716912 0.679739 0.040966 0.044818
0 0.754202 0.661531 0.040966 0.047619
0 0.720851 0.588702 0.036239 0.040149
0 0.742910 0.559290 0.040441 0.044818
0 0.750263 0.705882 0.034139 0.037348
0 0.851891 0.718487 0.040966 0.047619
0 0.889968 0.694211 0.043592 0.047619
0 0.801996 0.597572 0.040966 0.046685
0 0.790441 0.730626 0.038866 0.043884
0 0.836922 0.759104 0.040441 0.044818
0 0.881565 0.784314 0.042542 0.046685
0 0.925158 0.807656 0.040441 0.046685
0 0.024160 0.353408 0.042017 0.040149
0 0.111607 0.473389 0.041492 0.048553
0 0.069328 0.442110 0.039916 0.049486
0 0.117122 0.288049 0.038866 0.043884
0 0.170168 0.316527 0.044118 0.050420
0 0.071954 0.280112 0.039916 0.041083
2 0.473214 0.786181 0.060924 0.145658
0 0.609769 0.796452 0.036765 0.042951
0 0.760242 0.821662 0.035189 0.037348
1 0.551996 0.567227 0.029412 0.062558
1 0.448267 0.763305 0.079307 0.210084
0 0.385767 0.863679 0.030987 0.067227
0 0.660714 0.298319 0.026261 0.062558
0 0.592700 0.570495 0.019433 0.072829
0 0.600315 0.450047 0.024160 0.069094
2 0.593487 0.269841 0.065126 0.138189
0 0.716912 0.144725 0.032563 0.065359
0 0.752889 0.059757 0.030987 0.061625
0 0.647847 0.214753 0.027836 0.063492
0 0.641282 0.161064 0.029412 0.062558
0 0.972952 0.836134 0.048845 0.049486
0 0.039653 0.401027 0.025735 0.066293
0 0.014181 0.409430 0.029412 0.043884
