0 0.032826 0.301120 0.034139 0.060691
0 0.036239 0.238095 0.039916 0.056022
0 0.548582 0.834267 0.038340 0.049486
0 0.466912 0.894958 0.028361 0.062558
3 0.456933 0.623716 0.012605 0.022409
3 0.397059 0.749767 0.010504 0.022409
3 0.518645 0.347806 0.016282 0.025210
0 0.310399 0.588702 0.039916 0.040149
0 0.328519 0.556022 0.038340 0.045752
0 0.338498 0.517740 0.038340 0.045752
0 0.255777 0.556956 0.039916 0.045752
0 0.283876 0.528945 0.038340 0.042017
0 0.289653 0.484594 0.039391 0.046685
0 0.214811 0.528945 0.037815 0.038282
0 0.233456 0.497199 0.040441 0.045752
0 0.243960 0.453782 0.034139 0.042951
0 0.168330 0.504202 0.041492 0.044818
0 0.185924 0.468721 0.039916 0.048553
0 0.197742 0.429972 0.038340 0.045752
0 0.716912 0.679739 0.040966 0.044818
0 0.744748 0.653128 0.040966 0.047619
0 0.720851 0.586835 0.036239 0.040149
0 0.742910 0.558357 0.040441 0.044818
0 0.750263 0.705882 0.034139 0.037348
0 0.829307 0.704482 0.040966 0.047619
0 0.874212 0.684874 0.043592 0.047619
0 0.801996 0.597572 0.040966 0.046685
0 0.790441 0.729692 0.038866 0.043884
0 0.836922 0.759104 0.040441 0.044818
0 0.881565 0.783380 0.042542 0.046685
0 0.925158 0.807190 0.040441 0.047619
0 0.033613 0.353408 0.042017 0.040149
0 0.111082 0.474323 0.041492 0.048553
0 0.069065 0.442110 0.040441 0.049486
0 0.116071 0.288049 0.038866 0.043884
0 0.170168 0.316527 0.044118 0.050420
0 0.069853 0.280579 0.039916 0.040149
2 0.480567 0.761438 0.057773 0.146592
0 0.654674 0.796452 0.040441 0.037348
0 0.810924 0.843137 0.035714 0.037348
1 0.562500 0.536415 0.029412 0.062558
1 0.429359 0.816527 0.082458 0.213819
0 0.361082 0.946779 0.030987 0.067227
0 0.669118 0.257236 0.026261 0.062558
0 0.598739 0.609711 0.025210 0.072829
0 0.597689 0.494865 0.024160 0.069094
2 0.579832 0.295985 0.068277 0.130719
0 0.718487 0.140990 0.032563 0.065359
0 0.756040 0.052288 0.030987 0.061625
0 0.629464 0.267507 0.028887 0.062558
0 0.632878 0.186275 0.029412 0.062558
0 0.972952 0.835201 0.048845 0.049486
0 0.038866 0.401027 0.025210 0.066293
0 0.014181 0.409430 0.029412 0.043884
