0 0.853051 0.721561 0.023065 0.027778
0 0.836682 0.688492 0.024554 0.027778
0 0.872768 0.604497 0.019345 0.047619
0 0.882440 0.676587 0.013393 0.043651
0 0.126488 0.598545 0.028274 0.035714
0 0.200893 0.487434 0.026786 0.035714
0 0.012277 0.612434 0.023065 0.050265
0 0.856771 0.185847 0.027530 0.030423
1 0.962054 0.128307 0.031250 0.037037
1 0.716518 0.159392 0.020833 0.041005
0 0.740699 0.238095 0.026042 0.023810
0 0.300595 0.229497 0.019345 0.056878
0 0.260417 0.207011 0.019345 0.046296
0 0.252232 0.156746 0.017857 0.054233
0 0.285342 0.151455 0.017113 0.046296
2 0.749628 0.305556 0.064732 0.031746
0 0.597098 0.179894 0.024554 0.039683
0 0.346354 0.066138 0.018601 0.039683
0 0.362351 0.150132 0.019345 0.046296
0 0.384301 0.265212 0.017113 0.038360
0 0.129836 0.626323 0.026042 0.033069
0 0.436012 0.685847 0.025298 0.051587
0 0.470610 0.786376 0.023065 0.051587
0 0.309152 0.143519 0.021577 0.051587
3 0.323661 0.281746 0.014881 0.039683
3 0.282366 0.554233 0.014137 0.021164
3 0.809524 0.224868 0.011905 0.021164
3 0.616071 0.663360 0.014881 0.019841
3 0.459821 0.876984 0.010417 0.021164
0 0.761533 0.354497 0.029018 0.026455
0 0.575149 0.395503 0.025298 0.026455
0 0.207589 0.644841 0.031250 0.038360
1 0.237723 0.623016 0.029018 0.029101
1 0.268973 0.607143 0.030506 0.034392
0 0.838542 0.343915 0.031250 0.031746
0 0.604539 0.384921 0.024554 0.023810
0 0.644717 0.383598 0.029018 0.026455
0 0.646949 0.646825 0.027530 0.039683
0 0.654390 0.687169 0.027530 0.041005
0 0.674479 0.608466 0.027530 0.039683
0 0.690476 0.629630 0.026786 0.042328
0 0.877232 0.376984 0.028274 0.034392
0 0.431176 0.579365 0.023065 0.055556
0 0.043527 0.213624 0.026042 0.033069
