0 0.669271 0.605820 0.024554 0.039683
0 0.679315 0.645503 0.028274 0.042328
0 0.853423 0.708333 0.022321 0.027778
0 0.837426 0.675265 0.027530 0.033069
0 0.870908 0.592593 0.020089 0.047619
0 0.889509 0.655423 0.021577 0.046296
0 0.639509 0.953042 0.021577 0.046296
0 0.119792 0.606481 0.031250 0.038360
0 0.196057 0.490079 0.026042 0.035714
0 0.009301 0.621693 0.020089 0.044974
0 0.853051 0.174603 0.027530 0.037037
1 0.959449 0.113757 0.031994 0.042328
0 0.713542 0.148810 0.025298 0.043651
0 0.738839 0.228175 0.031250 0.030423
0 0.293899 0.231481 0.019345 0.055556
0 0.255952 0.208333 0.017857 0.048942
0 0.248884 0.156085 0.018601 0.052910
0 0.281622 0.150794 0.018601 0.044974
0 0.327009 0.182540 0.021577 0.058201
0 0.216518 0.613095 0.028274 0.041005
0 0.287202 0.565476 0.031250 0.035714
0 0.348958 0.197751 0.014881 0.033069
2 0.743304 0.296296 0.063988 0.031746
0 0.593750 0.169974 0.026786 0.041005
3 0.339286 0.240079 0.010417 0.030423
0 0.030878 0.686508 0.027530 0.039683
0 0.152902 0.618386 0.026042 0.038360
0 0.352307 0.481481 0.026042 0.047619
0 0.883929 0.406085 0.029762 0.039683
1 0.985491 0.312169 0.026042 0.039683
3 0.104167 0.639550 0.013393 0.019841
0 0.048735 0.704365 0.027530 0.041005
0 0.526786 0.917328 0.020833 0.043651
0 0.552455 0.820767 0.023065 0.043651
0 0.597098 0.800265 0.023065 0.044974
0 0.609375 0.703042 0.023810 0.041005
0 0.636533 0.721561 0.023065 0.041005
0 0.034598 0.220899 0.029018 0.037037
