0 0.853051 0.708995 0.024554 0.029101
0 0.837426 0.675926 0.027530 0.031746
0 0.870164 0.592593 0.020089 0.050265
0 0.887649 0.657407 0.020833 0.047619
0 0.864583 0.427249 0.028274 0.042328
0 0.828125 0.458333 0.026786 0.043651
0 0.123512 0.605159 0.031250 0.035714
0 0.196057 0.494709 0.027530 0.037037
0 0.009301 0.621693 0.020089 0.050265
0 0.852307 0.174603 0.029018 0.034392
1 0.957217 0.114418 0.034970 0.041005
0 0.712426 0.150132 0.026042 0.043651
0 0.737723 0.230820 0.030506 0.030423
0 0.296503 0.231481 0.020089 0.055556
0 0.255952 0.208333 0.017857 0.048942
0 0.247768 0.156746 0.019345 0.051587
0 0.279762 0.152116 0.019345 0.047619
0 0.328497 0.189815 0.021577 0.054233
0 0.314360 0.131614 0.020089 0.051587
0 0.303199 0.064153 0.021577 0.051587
0 0.348958 0.093915 0.020833 0.052910
0 0.353795 0.219577 0.014137 0.037037
0 0.960938 0.275794 0.031994 0.035714
2 0.741443 0.296958 0.066220 0.035714
0 0.592634 0.171296 0.027530 0.041005
0 0.030506 0.771164 0.034226 0.034392
3 0.358259 0.359127 0.011161 0.033069
3 0.073661 0.741402 0.016369 0.019841
3 0.378348 0.715608 0.011161 0.023810
3 0.530506 0.776455 0.010417 0.021164
0 0.578497 0.708333 0.014137 0.019841
0 0.453125 0.221561 0.014881 0.017196
