0 0.023372 0.336134 0.027836 0.072829
0 0.022321 0.271242 0.035189 0.066293
0 0.902311 0.843604 0.040966 0.043884
0 0.661239 0.247432 0.028361 0.056022
0 0.412290 0.868347 0.031513 0.072829
2 0.449317 0.682540 0.075105 0.183007
1 0.731618 0.108310 0.030462 0.067227
0 0.675945 0.387488 0.022059 0.059757
0 0.614233 0.388889 0.030987 0.062558
0 0.509454 0.512605 0.028361 0.061625
0 0.558824 0.564426 0.031513 0.066293
0 0.668330 0.149860 0.027836 0.056956
0 0.617910 0.190476 0.030987 0.057890
0 0.629989 0.223623 0.028887 0.055089
0 0.306723 0.588702 0.040966 0.040149
0 0.325368 0.554155 0.038340 0.047619
0 0.333246 0.514472 0.039391 0.044818
0 0.252363 0.557890 0.039391 0.047619
0 0.279937 0.528945 0.037815 0.042017
0 0.285977 0.481793 0.039391 0.046685
0 0.212185 0.526144 0.034664 0.040149
0 0.231355 0.498133 0.040441 0.045752
0 0.240021 0.451914 0.034664 0.039216
0 0.164128 0.507003 0.041492 0.044818
0 0.182773 0.467320 0.040966 0.049486
0 0.199317 0.430439 0.038340 0.044818
0 0.716912 0.671335 0.040966 0.044818
0 0.718225 0.628385 0.036239 0.046685
0 0.725578 0.580299 0.036239 0.040149
0 0.744223 0.549953 0.040966 0.044818
0 0.753151 0.700280 0.034664 0.037348
0 0.774947 0.662465 0.040441 0.047619
0 0.777836 0.612979 0.042017 0.047619
0 0.802521 0.584034 0.043067 0.049486
0 0.791754 0.720822 0.039391 0.044818
0 0.835609 0.649860 0.040966 0.044818
0 0.840074 0.751634 0.040441 0.044818
0 0.880777 0.774977 0.043067 0.046685
0 0.926733 0.798786 0.040441 0.047619
1 0.578256 0.422502 0.043067 0.105509
1 0.466387 0.775910 0.030462 0.076564
0 0.568803 0.305789 0.030462 0.060691
0 0.149947 0.403361 0.040441 0.044818
0 0.136555 0.440243 0.040966 0.043884
0 0.106355 0.476190 0.041492 0.048553
0 0.102416 0.380019 0.040966 0.039216
0 0.064338 0.442110 0.041492 0.049486
0 0.097426 0.278711 0.038340 0.043884
0 0.152311 0.308590 0.044118 0.049486
0 0.055147 0.289916 0.035714 0.049486
0 0.606880 0.299720 0.030987 0.067227
1 0.512868 0.759104 0.051996 0.121382
3 0.600315 0.137255 0.010504 0.026144
2 0.105042 0.208217 0.091387 0.084034
0 0.972426 0.824930 0.048845 0.049486
0 0.037290 0.401494 0.025210 0.067227
0 0.010504 0.409430 0.022059 0.043884
