0 0.022847 0.335201 0.027836 0.072829
0 0.021534 0.271242 0.034664 0.066293
0 0.931723 0.857610 0.040966 0.043884
0 0.672269 0.213819 0.028361 0.056022
0 0.400735 0.904762 0.031513 0.072829
2 0.439338 0.711485 0.075105 0.184874
1 0.744223 0.070962 0.030462 0.067227
0 0.678046 0.366947 0.022059 0.059757
0 0.626838 0.350607 0.030987 0.062558
0 0.501050 0.535948 0.028361 0.061625
0 0.570378 0.532680 0.031513 0.064426
0 0.663078 0.165733 0.027836 0.056956
0 0.610032 0.211018 0.030987 0.059757
0 0.624475 0.235761 0.027311 0.055089
0 0.306723 0.588702 0.040966 0.040149
0 0.325105 0.554155 0.037815 0.047619
0 0.333246 0.514472 0.039391 0.044818
0 0.252363 0.557890 0.039391 0.047619
0 0.279674 0.528945 0.038340 0.042017
0 0.285977 0.481793 0.039391 0.046685
0 0.212185 0.526144 0.034664 0.040149
0 0.231355 0.498133 0.040441 0.045752
0 0.240021 0.450980 0.034664 0.039216
0 0.164128 0.506069 0.041492 0.044818
0 0.182773 0.467320 0.040966 0.049486
0 0.199317 0.430439 0.038340 0.044818
0 0.716912 0.671335 0.040966 0.044818
0 0.718750 0.628385 0.036239 0.046685
0 0.725578 0.580299 0.036239 0.040149
0 0.744748 0.549953 0.040966 0.044818
0 0.753676 0.700280 0.034664 0.037348
0 0.774947 0.662465 0.040441 0.047619
0 0.778361 0.612979 0.042017 0.047619
0 0.803046 0.584034 0.043067 0.049486
0 0.792279 0.720822 0.039391 0.044818
0 0.831933 0.647993 0.040966 0.044818
0 0.840074 0.751634 0.040441 0.044818
0 0.880777 0.774043 0.043067 0.046685
0 0.926733 0.797852 0.040441 0.047619
1 0.575630 0.430906 0.042017 0.105509
1 0.470851 0.751634 0.027836 0.074697
0 0.559349 0.326331 0.031513 0.060691
0 0.149422 0.403361 0.040441 0.044818
0 0.136029 0.440243 0.040966 0.043884
0 0.105830 0.476190 0.041492 0.048553
0 0.102416 0.380952 0.040966 0.039216
0 0.064338 0.442110 0.041492 0.049486
0 0.095851 0.276844 0.038340 0.043884
0 0.149685 0.306723 0.044118 0.049486
0 0.054622 0.289916 0.035714 0.049486
0 0.601103 0.313725 0.030987 0.067227
1 0.526261 0.728291 0.056723 0.128852
3 0.597689 0.146592 0.010504 0.026144
2 0.083246 0.196078 0.090861 0.084034
0 0.972426 0.824930 0.048845 0.049486
0 0.037290 0.401494 0.025210 0.067227
0 0.009979 0.409430 0.021008 0.043884
