0 0.023634 0.336134 0.027311 0.072829
0 0.022321 0.270308 0.035189 0.066293
0 0.982668 0.968721 0.033613 0.051354
0 0.753939 0.016340 0.028887 0.034547
0 0.884979 0.835201 0.040966 0.043884
0 0.654412 0.268908 0.028361 0.056022
0 0.419643 0.847806 0.031513 0.072829
2 0.455095 0.664332 0.075105 0.182073
1 0.724265 0.130719 0.030462 0.067227
0 0.676208 0.398693 0.022584 0.059757
0 0.606880 0.411298 0.030987 0.062558
0 0.514706 0.498599 0.028361 0.061625
0 0.551733 0.583567 0.032038 0.067227
0 0.671481 0.139589 0.027836 0.056956
0 0.623162 0.178338 0.030987 0.056022
0 0.633403 0.214286 0.029412 0.055089
0 0.306723 0.588702 0.040966 0.040149
0 0.325630 0.554155 0.037815 0.047619
0 0.333508 0.514472 0.038866 0.044818
0 0.252363 0.557890 0.039391 0.047619
0 0.279937 0.528945 0.037815 0.042017
0 0.285977 0.481793 0.039391 0.046685
0 0.212185 0.526144 0.034664 0.040149
0 0.231355 0.498133 0.040441 0.045752
0 0.240021 0.451914 0.034664 0.039216
0 0.164128 0.507003 0.041492 0.044818
0 0.182773 0.467320 0.040966 0.049486
0 0.199317 0.430439 0.038340 0.044818
0 0.716912 0.671335 0.040966 0.044818
0 0.718225 0.629318 0.036239 0.046685
0 0.725053 0.580299 0.036239 0.040149
0 0.743697 0.549953 0.040966 0.044818
0 0.753151 0.700280 0.034664 0.037348
0 0.774422 0.662465 0.040441 0.047619
0 0.777311 0.612979 0.042017 0.047619
0 0.802521 0.584500 0.043067 0.048553
0 0.791754 0.720822 0.039391 0.044818
0 0.838235 0.651727 0.040966 0.044818
0 0.839548 0.751634 0.040441 0.044818
0 0.880777 0.774977 0.043067 0.046685
0 0.926733 0.798786 0.040441 0.047619
1 0.579569 0.417367 0.043592 0.104575
1 0.463761 0.790383 0.031513 0.077498
0 0.574580 0.293651 0.030462 0.060691
0 0.149947 0.404295 0.040441 0.044818
0 0.136555 0.440243 0.040966 0.043884
0 0.106355 0.476190 0.041492 0.048553
0 0.102416 0.379085 0.040966 0.039216
0 0.064338 0.442110 0.041492 0.049486
0 0.097952 0.279645 0.038340 0.043884
0 0.153361 0.308590 0.044118 0.049486
0 0.055672 0.289916 0.035714 0.049486
0 0.610032 0.291317 0.030987 0.067227
1 0.507090 0.776844 0.053046 0.123249
3 0.601366 0.134454 0.010504 0.026144
2 0.118172 0.215686 0.090336 0.084034
0 0.972426 0.824930 0.048845 0.049486
0 0.037290 0.401494 0.025210 0.067227
0 0.010767 0.409430 0.022584 0.043884
