0 0.752976 0.484127 0.025298 0.042328
0 0.853051 0.710979 0.023065 0.025132
0 0.837426 0.679894 0.024554 0.031746
0 0.872024 0.593915 0.019345 0.044974
0 0.887277 0.657407 0.020089 0.044974
0 0.123512 0.598545 0.026786 0.035714
0 0.198661 0.491402 0.026786 0.035714
0 0.011905 0.619048 0.023810 0.050265
0 0.853423 0.177249 0.026786 0.031746
1 0.960565 0.117725 0.031250 0.037037
1 0.712054 0.150132 0.020833 0.041005
0 0.738839 0.231481 0.025298 0.023810
0 0.297991 0.229497 0.020089 0.056878
0 0.258929 0.208995 0.020833 0.050265
0 0.248884 0.155423 0.020089 0.054233
0 0.283110 0.151455 0.018601 0.043651
0 0.329613 0.179233 0.023810 0.051587
0 0.069940 0.708333 0.028274 0.038360
0 0.133557 0.664683 0.029018 0.041005
2 0.742932 0.294312 0.064732 0.033069
0 0.596354 0.171958 0.026042 0.042328
3 0.667411 0.296296 0.010417 0.018519
3 0.321429 0.281746 0.014881 0.039683
3 0.804688 0.211640 0.011161 0.021164
3 0.537574 0.848545 0.011161 0.033069
3 0.239955 0.660053 0.011161 0.015873
3 0.325893 0.160053 0.011905 0.034392
3 0.345982 0.202381 0.008929 0.021164
3 0.729911 0.317460 0.016369 0.018519
3 0.966518 0.234788 0.017857 0.019841
0 0.324405 0.496693 0.025298 0.038360
0 0.394717 0.470238 0.024554 0.030423
0 0.335938 0.324735 0.015625 0.046296
0 0.325521 0.244048 0.021577 0.043651
0 0.008929 0.771164 0.017857 0.037037
0 0.207217 0.616402 0.031994 0.037037
0 0.302827 0.588624 0.028274 0.031746
1 0.364583 0.590608 0.029762 0.030423
1 0.425967 0.663360 0.026042 0.038360
0 0.452753 0.406746 0.029018 0.038360
0 0.483631 0.425926 0.023810 0.023810
0 0.547619 0.400794 0.028274 0.029101
3 0.518973 0.371693 0.012649 0.018519
0 0.730283 0.361772 0.029018 0.025132
0 0.646205 0.641534 0.027530 0.039683
0 0.654018 0.679894 0.026786 0.044974
0 0.671131 0.602513 0.025298 0.041005
0 0.682664 0.633598 0.027530 0.044974
0 0.698661 0.560847 0.023810 0.039683
0 0.851562 0.387566 0.026042 0.037037
0 0.774926 0.511905 0.026042 0.044974
0 0.038318 0.217593 0.026042 0.038360
