0 0.737351 0.506614 0.025298 0.042328
0 0.853051 0.710317 0.023065 0.026455
0 0.837426 0.679894 0.024554 0.031746
0 0.871652 0.592593 0.021577 0.044974
0 0.888765 0.653439 0.021577 0.044974
0 0.125000 0.598545 0.026786 0.038360
0 0.198661 0.491402 0.026786 0.035714
0 0.011905 0.618386 0.023810 0.048942
0 0.853423 0.177249 0.026786 0.031746
1 0.960565 0.117725 0.031250 0.037037
1 0.712054 0.150132 0.020833 0.041005
0 0.738839 0.231481 0.025298 0.023810
0 0.297991 0.229497 0.020089 0.056878
0 0.258929 0.208995 0.020833 0.050265
0 0.248884 0.155423 0.020089 0.054233
0 0.283110 0.151455 0.018601 0.043651
0 0.329985 0.178571 0.023065 0.050265
0 0.102307 0.687169 0.033482 0.038360
0 0.160714 0.644841 0.032738 0.038360
2 0.743304 0.295635 0.063988 0.030423
0 0.596354 0.171958 0.026042 0.042328
3 0.651786 0.285714 0.010417 0.015873
3 0.321429 0.281746 0.014881 0.039683
3 0.806548 0.216931 0.011905 0.021164
3 0.533110 0.916667 0.011161 0.031746
3 0.219122 0.671958 0.011161 0.015873
3 0.322917 0.144180 0.011905 0.034392
3 0.349702 0.232143 0.008929 0.019841
3 0.707217 0.314153 0.015625 0.019841
3 0.950149 0.246693 0.017857 0.019841
0 0.263021 0.539021 0.026042 0.035714
0 0.344122 0.496693 0.024554 0.030423
0 0.338914 0.362434 0.014137 0.047619
0 0.333705 0.283730 0.020089 0.043651
0 0.061012 0.742063 0.026786 0.034392
0 0.221354 0.607143 0.031994 0.037037
0 0.332961 0.578704 0.031994 0.030423
1 0.398065 0.615079 0.029762 0.039683
1 0.459449 0.704365 0.026042 0.038360
0 0.409226 0.440476 0.031250 0.037037
0 0.451637 0.444444 0.023810 0.023810
0 0.511905 0.416667 0.028274 0.029101
3 0.475074 0.393519 0.012649 0.019841
0 0.660714 0.371693 0.026786 0.026455
0 0.646205 0.642857 0.027530 0.039683
0 0.654390 0.679894 0.027530 0.044974
0 0.671875 0.605820 0.025298 0.039683
0 0.683408 0.633598 0.027530 0.044974
0 0.699777 0.560847 0.024554 0.039683
0 0.809524 0.432540 0.025298 0.039683
0 0.804688 0.473545 0.027530 0.044974
0 0.038318 0.217593 0.026042 0.038360
