0 0.029149 0.305322 0.037290 0.063492
0 0.031513 0.245098 0.040966 0.060691
0 0.658088 0.316527 0.028361 0.061625
0 0.623950 0.787582 0.043067 0.043884
0 0.550945 0.586368 0.034664 0.072829
0 0.548582 0.798786 0.040441 0.051354
0 0.470851 0.793651 0.027836 0.061625
0 0.549107 0.477591 0.030987 0.066293
2 0.596376 0.261438 0.076155 0.175537
1 0.498162 0.800187 0.034139 0.074697
0 0.894695 0.599440 0.035189 0.044818
0 0.428834 0.930906 0.030987 0.070962
0 0.649947 0.125117 0.028887 0.061625
3 0.183824 0.201681 0.016807 0.018674
0 0.308561 0.588702 0.040441 0.040149
0 0.326943 0.554622 0.038340 0.046685
0 0.335609 0.515873 0.038866 0.045752
0 0.253939 0.557423 0.039391 0.046685
0 0.281775 0.528945 0.038340 0.042017
0 0.288603 0.481793 0.039391 0.046685
0 0.213498 0.525677 0.036239 0.039216
0 0.231880 0.497199 0.040441 0.045752
0 0.240021 0.450980 0.034664 0.039216
0 0.166754 0.504202 0.041492 0.044818
0 0.183298 0.468721 0.039916 0.048553
0 0.199842 0.429972 0.038340 0.045752
0 0.716912 0.674136 0.040966 0.044818
0 0.718225 0.633053 0.036239 0.046685
0 0.721901 0.583100 0.036239 0.040149
0 0.743172 0.554622 0.040966 0.044818
0 0.751050 0.700280 0.034664 0.037348
0 0.769695 0.661531 0.040441 0.047619
0 0.787290 0.624183 0.042017 0.047619
0 0.798582 0.588702 0.040441 0.047619
0 0.789391 0.723623 0.038866 0.044818
0 0.837447 0.753501 0.040441 0.044818
0 0.881303 0.778711 0.043067 0.046685
0 0.925158 0.800654 0.040441 0.047619
1 0.661765 0.169935 0.046218 0.100840
0 0.150998 0.405229 0.040441 0.044818
0 0.110032 0.420168 0.040441 0.056022
0 0.108981 0.475257 0.041492 0.048553
0 0.033088 0.351074 0.045168 0.035481
0 0.065914 0.442110 0.041492 0.049486
0 0.102941 0.281513 0.038866 0.043884
0 0.165966 0.314659 0.044118 0.050420
0 0.064601 0.282913 0.039916 0.044818
2 0.422006 0.449580 0.074055 0.124183
1 0.699580 0.142390 0.029412 0.062558
0 0.867122 0.866013 0.042017 0.049486
0 0.743435 0.792250 0.036239 0.049486
2 0.299370 0.310924 0.087185 0.089636
0 0.504202 0.596172 0.028361 0.066293
0 0.490284 0.566760 0.030987 0.057890
0 0.972426 0.828665 0.048845 0.049486
0 0.039391 0.401961 0.025210 0.066293
0 0.013393 0.409430 0.027836 0.043884
