0 0.406250 0.491597 0.029937 0.070028
0 0.549370 0.795518 0.044118 0.076564
0 0.608193 0.843137 0.044118 0.041083
0 0.638655 0.640523 0.031513 0.074697
0 0.454044 0.658730 0.032038 0.071895
0 0.489496 0.641457 0.028361 0.070962
0 0.445903 0.349206 0.040966 0.048553
0 0.332983 0.614846 0.044118 0.051354
0 0.356880 0.571895 0.039391 0.045752
0 0.368960 0.530812 0.041492 0.047619
0 0.226628 0.552288 0.045693 0.051354
0 0.265231 0.521942 0.040966 0.046685
0 0.259454 0.462652 0.043067 0.053221
0 0.171481 0.514006 0.038340 0.043884
0 0.196429 0.480859 0.044118 0.048553
0 0.204044 0.427638 0.036239 0.044818
0 0.116597 0.491130 0.046218 0.046685
0 0.141807 0.451447 0.043067 0.042017
0 0.157826 0.406162 0.041492 0.046685
0 0.751838 0.681139 0.042542 0.047619
0 0.732668 0.619048 0.040966 0.044818
0 0.724265 0.552288 0.037815 0.042017
0 0.765494 0.530345 0.041492 0.044818
0 0.793855 0.707750 0.033088 0.039216
0 0.814338 0.665266 0.042542 0.047619
0 0.814863 0.609244 0.042542 0.049486
0 0.841387 0.569561 0.045168 0.050420
0 0.838761 0.734360 0.040966 0.047619
0 0.876838 0.642857 0.042542 0.042017
0 0.894170 0.768441 0.044643 0.050420
0 0.938550 0.677404 0.045168 0.047619
0 0.944065 0.792717 0.045693 0.050420
0 0.987395 0.816993 0.023109 0.054155
1 0.684611 0.711018 0.065651 0.075630
0 0.335872 0.371148 0.039391 0.064426
1 0.216649 0.258170 0.042542 0.056956
0 0.071429 0.189542 0.042017 0.048553
0 0.101366 0.377218 0.045168 0.050420
0 0.085609 0.415500 0.040966 0.052288
0 0.056723 0.459384 0.043067 0.048553
0 0.045956 0.350140 0.040441 0.044818
0 0.012605 0.420168 0.026261 0.054155
0 0.008929 0.210084 0.018908 0.033613
0 0.060399 0.242764 0.045168 0.050420
0 0.951155 0.636788 0.046218 0.054155
0 0.453782 0.751634 0.034664 0.082166
0 0.567227 0.296452 0.040966 0.071895
0 0.651786 0.198880 0.026261 0.069094
0 0.680672 0.129785 0.030462 0.067227
0 0.654412 0.090570 0.032563 0.070962
0 0.706408 0.045752 0.031513 0.067227
3 0.566439 0.215686 0.009979 0.022409
3 0.547006 0.242764 0.014181 0.022409
