0 0.025735 0.328665 0.027311 0.069094
0 0.023372 0.261905 0.035189 0.066293
0 0.803834 0.864146 0.041492 0.051354
0 0.680672 0.224090 0.031513 0.065359
0 0.721901 0.770775 0.040441 0.043884
0 0.580620 0.481793 0.027836 0.056022
0 0.483718 0.657796 0.031513 0.068161
2 0.512605 0.499066 0.075630 0.178338
1 0.638655 0.389356 0.030462 0.067227
0 0.722689 0.495331 0.036765 0.045752
0 0.531775 0.630719 0.030987 0.071895
0 0.569328 0.344538 0.028361 0.061625
0 0.476103 0.789449 0.032038 0.068161
0 0.673582 0.108310 0.025735 0.052288
0 0.307511 0.588702 0.040441 0.040149
0 0.326155 0.554622 0.037815 0.046685
0 0.334559 0.515406 0.038866 0.044818
0 0.252889 0.557890 0.039391 0.047619
0 0.280725 0.528945 0.038340 0.042017
0 0.287027 0.481793 0.039391 0.046685
0 0.212710 0.526144 0.034664 0.038282
0 0.231355 0.498133 0.040441 0.045752
0 0.240021 0.451914 0.034664 0.039216
0 0.165179 0.507003 0.041492 0.044818
0 0.183036 0.467787 0.040441 0.048553
0 0.199317 0.430439 0.038340 0.044818
0 0.716912 0.672269 0.040966 0.044818
0 0.718225 0.631186 0.036239 0.046685
0 0.724002 0.581232 0.036239 0.040149
0 0.742647 0.552754 0.040966 0.044818
0 0.752626 0.700280 0.034664 0.037348
0 0.772847 0.661531 0.040441 0.047619
0 0.774685 0.613912 0.042017 0.047619
0 0.800945 0.586368 0.042017 0.048553
0 0.790179 0.720822 0.039391 0.044818
0 0.889443 0.681606 0.040441 0.044818
0 0.838498 0.751634 0.040441 0.044818
0 0.880777 0.776844 0.043067 0.046685
0 0.926208 0.800654 0.040441 0.047619
1 0.602679 0.343137 0.046744 0.105509
0 0.630777 0.173669 0.027311 0.061625
0 0.150998 0.405229 0.040441 0.044818
0 0.137080 0.440243 0.040966 0.043884
0 0.107405 0.476190 0.041492 0.048553
0 0.098214 0.378151 0.040966 0.039216
0 0.064863 0.442110 0.041492 0.049486
0 0.101628 0.282446 0.038340 0.043884
0 0.163340 0.313725 0.044118 0.050420
0 0.059611 0.287115 0.037290 0.047619
0 0.647059 0.195612 0.030462 0.062558
2 0.251313 0.298786 0.086660 0.093371
2 0.068277 0.181139 0.089286 0.087768
0 0.386292 0.947246 0.032038 0.068161
0 0.370798 0.915500 0.030462 0.070028
0 0.972426 0.826797 0.048845 0.049486
0 0.038340 0.401494 0.025210 0.067227
0 0.013130 0.409430 0.027311 0.043884
