0 0.413340 0.507937 0.028361 0.069094
0 0.540966 0.802521 0.044118 0.070028
0 0.598477 0.840803 0.042542 0.040149
0 0.634191 0.632120 0.029937 0.074697
0 0.460084 0.639589 0.031513 0.070962
0 0.494748 0.623716 0.027311 0.070962
0 0.458771 0.354809 0.040441 0.048553
0 0.327994 0.612045 0.043592 0.051354
0 0.347689 0.565826 0.039916 0.044818
0 0.360557 0.524743 0.041492 0.048553
0 0.224002 0.549486 0.045693 0.051354
0 0.264181 0.521942 0.039916 0.046685
0 0.260767 0.463585 0.042542 0.051354
0 0.173582 0.514939 0.038340 0.043884
0 0.196691 0.481793 0.044643 0.048553
0 0.205357 0.427638 0.035714 0.044818
0 0.118435 0.492530 0.044643 0.045752
0 0.143382 0.451447 0.043067 0.042017
0 0.159401 0.407096 0.041492 0.046685
0 0.751313 0.681139 0.042542 0.047619
0 0.736345 0.621849 0.040966 0.044818
0 0.729779 0.556956 0.038340 0.042017
0 0.767595 0.533147 0.041492 0.044818
0 0.793330 0.707750 0.033088 0.039216
0 0.815389 0.667134 0.042542 0.047619
0 0.815914 0.610177 0.042542 0.049486
0 0.842962 0.572362 0.045168 0.050420
0 0.837185 0.734360 0.040966 0.047619
0 0.875788 0.642857 0.042542 0.042017
0 0.892332 0.767507 0.044118 0.050420
0 0.937763 0.678338 0.044643 0.047619
0 0.943015 0.791783 0.045693 0.050420
0 0.986345 0.816993 0.025210 0.054155
0 0.970851 0.969655 0.040441 0.058824
1 0.674895 0.703548 0.064076 0.075630
0 0.347952 0.385154 0.039391 0.064426
1 0.232931 0.269374 0.042542 0.056956
0 0.090336 0.202614 0.042017 0.048553
0 0.101366 0.370682 0.045168 0.050420
0 0.089286 0.418301 0.040966 0.052288
0 0.059349 0.461251 0.043067 0.048553
0 0.048319 0.352941 0.039916 0.044818
0 0.014443 0.422035 0.029937 0.054155
0 0.010504 0.211018 0.022059 0.033613
0 0.063025 0.244631 0.045168 0.050420
0 0.955357 0.639589 0.046218 0.054155
0 0.459296 0.735761 0.034139 0.080299
0 0.574317 0.287115 0.039391 0.073763
0 0.651261 0.199813 0.026261 0.069094
0 0.679622 0.131653 0.030462 0.067227
0 0.657038 0.083100 0.032563 0.070962
0 0.706408 0.045752 0.031513 0.067227
3 0.563813 0.222222 0.009979 0.022409
3 0.548319 0.236695 0.014706 0.021475
