0 0.451681 0.662465 0.024160 0.070028
0 0.470851 0.909430 0.036239 0.069094
0 0.528361 0.860411 0.040966 0.062558
0 0.603992 0.534547 0.024160 0.070028
0 0.491334 0.544351 0.030987 0.072829
0 0.527048 0.503268 0.027836 0.063492
0 0.542542 0.331933 0.036765 0.062558
0 0.306985 0.595705 0.047794 0.052288
0 0.316702 0.547619 0.037815 0.047619
0 0.328519 0.507003 0.039391 0.044818
0 0.236082 0.555089 0.040441 0.047619
0 0.267595 0.521008 0.039391 0.042951
0 0.270746 0.469655 0.044643 0.048553
0 0.189076 0.520542 0.039916 0.043884
0 0.209559 0.487395 0.044118 0.048553
0 0.220588 0.440710 0.034664 0.039216
0 0.136817 0.497199 0.043592 0.047619
0 0.156513 0.456116 0.044118 0.049486
0 0.175158 0.415966 0.040441 0.045752
0 0.738445 0.678338 0.043067 0.049486
0 0.736607 0.628385 0.039391 0.046685
0 0.739758 0.574697 0.038340 0.040149
0 0.762868 0.544818 0.042542 0.043884
0 0.775473 0.704482 0.034139 0.038282
0 0.795693 0.662465 0.042017 0.047619
0 0.799370 0.613912 0.043067 0.047619
0 0.829307 0.577965 0.046218 0.052288
0 0.816176 0.728291 0.039916 0.044818
0 0.856355 0.645658 0.041492 0.043884
0 0.870011 0.760037 0.044643 0.050420
0 0.913603 0.675070 0.045693 0.050420
0 0.917542 0.786181 0.045168 0.054155
0 0.967174 0.814192 0.043592 0.052288
0 0.787815 0.868814 0.045168 0.049486
1 0.601366 0.640990 0.058824 0.099907
0 0.425420 0.528478 0.031513 0.067227
1 0.358981 0.378618 0.040441 0.056956
0 0.244485 0.302988 0.038340 0.045752
0 0.122899 0.390756 0.040966 0.045752
0 0.105830 0.425303 0.043592 0.049486
0 0.078519 0.464986 0.044643 0.050420
0 0.069065 0.361811 0.040441 0.040149
0 0.033088 0.433707 0.043067 0.055089
0 0.023372 0.229692 0.040441 0.039216
0 0.080882 0.256303 0.048319 0.053221
0 0.019695 0.261438 0.035189 0.050420
0 0.499212 0.604575 0.033088 0.073763
0 0.620798 0.194211 0.031513 0.069094
0 0.645746 0.207750 0.028887 0.062558
0 0.676471 0.133987 0.029412 0.066293
0 0.704569 0.038749 0.032038 0.071895
1 0.702731 0.183940 0.056723 0.123249
3 0.538603 0.282913 0.012080 0.026144
3 0.561712 0.226424 0.012080 0.025210
0 0.006303 0.384687 0.013655 0.067227
