0 0.010242 0.323063 0.020483 0.072829
0 0.011292 0.260971 0.023634 0.066293
2 0.350840 0.983193 0.035714 0.029879
0 0.758666 0.050420 0.025735 0.056022
0 0.397847 0.844071 0.030987 0.076564
0 0.691702 0.173669 0.031513 0.063492
0 0.450893 0.836134 0.027836 0.066293
0 0.467700 0.936975 0.035189 0.070028
0 0.604517 0.373950 0.028361 0.066293
0 0.520746 0.447712 0.030987 0.070028
0 0.560924 0.396825 0.028361 0.059757
0 0.598214 0.245565 0.031513 0.063492
0 0.302258 0.588235 0.044643 0.046685
0 0.321429 0.549486 0.037815 0.047619
0 0.330095 0.512605 0.039391 0.044818
0 0.246061 0.558824 0.039391 0.047619
0 0.275735 0.525210 0.037815 0.042017
0 0.279412 0.476657 0.042017 0.047619
0 0.202468 0.522876 0.037290 0.039216
0 0.220851 0.491597 0.040441 0.045752
0 0.231618 0.447246 0.034664 0.039216
0 0.151523 0.499066 0.043592 0.047619
0 0.170956 0.462185 0.042542 0.048553
0 0.188288 0.426237 0.038340 0.045752
0 0.725315 0.675070 0.040966 0.044818
0 0.726366 0.627918 0.037815 0.047619
0 0.730830 0.578431 0.036239 0.040149
0 0.752626 0.550887 0.040966 0.044818
0 0.762080 0.700280 0.034664 0.037348
0 0.780725 0.663399 0.040441 0.047619
0 0.784139 0.612979 0.042017 0.047619
0 0.812763 0.580766 0.044643 0.050420
0 0.802258 0.722689 0.039391 0.044818
0 0.839811 0.643324 0.040966 0.044818
0 0.850315 0.753035 0.042017 0.047619
0 0.892857 0.672736 0.043067 0.047619
0 0.896534 0.778245 0.044118 0.049486
0 0.944065 0.802521 0.042542 0.047619
0 0.636029 0.809991 0.040966 0.049486
1 0.565389 0.560224 0.037290 0.112045
0 0.460609 0.677404 0.023109 0.068161
1 0.455095 0.507937 0.036239 0.067227
0 0.383403 0.384687 0.037815 0.039216
0 0.137342 0.395892 0.040441 0.044818
0 0.122637 0.433707 0.040441 0.045752
0 0.097952 0.472923 0.041492 0.049486
0 0.086660 0.370682 0.040966 0.039216
0 0.051733 0.438375 0.041492 0.049486
0 0.047269 0.246032 0.040966 0.040149
0 0.107668 0.278711 0.047269 0.051354
0 0.039391 0.279645 0.040966 0.049486
0 0.537290 0.489262 0.031513 0.067227
0 0.656513 0.096639 0.032563 0.068161
0 0.654674 0.175537 0.028887 0.061625
0 0.687500 0.101774 0.028361 0.061625
1 0.638655 0.374416 0.054622 0.121382
0 0.983981 0.830532 0.028887 0.049486
0 0.019433 0.393091 0.025210 0.067227
