0 0.936187 0.214753 0.063550 0.063492
0 0.887342 0.304388 0.068803 0.057890
0 0.981092 0.563959 0.035714 0.085901
0 0.951681 0.167134 0.061975 0.078431
0 0.880777 0.471522 0.054622 0.093371
0 0.794380 0.247899 0.053046 0.083100
0 0.855042 0.376751 0.054622 0.084967
0 0.805672 0.444444 0.050420 0.089636
0 0.967437 0.656396 0.063025 0.072829
0 0.978466 0.708217 0.040966 0.066293
0 0.964548 0.771709 0.064601 0.066293
0 0.913866 0.692810 0.054622 0.093371
0 0.889706 0.762372 0.065126 0.062558
0 0.824317 0.843604 0.055147 0.099907
0 0.720063 0.416433 0.031513 0.095238
0 0.692489 0.472456 0.053046 0.089636
0 0.648897 0.513072 0.037290 0.099907
0 0.609769 0.472456 0.046218 0.104575
0 0.547794 0.412698 0.053571 0.089636
0 0.489758 0.281979 0.054097 0.091503
0 0.792542 0.986928 0.072479 0.024276
0 0.527836 0.974790 0.059874 0.044818
0 0.513130 0.557423 0.048319 0.113912
0 0.441439 0.475724 0.062500 0.056956
0 0.434349 0.428105 0.059874 0.064426
0 0.494748 0.194678 0.049370 0.094304
0 0.434349 0.112045 0.044118 0.084034
1 0.320378 0.059757 0.063025 0.112045
0 0.343487 0.209617 0.050420 0.066293
0 0.495536 0.660131 0.057248 0.072829
0 0.531513 0.831466 0.058824 0.099907
0 0.445378 0.957983 0.063025 0.080299
3 0.652311 0.774977 0.025210 0.046685
3 0.935399 0.555089 0.022059 0.040149
3 0.759979 0.899160 0.017857 0.056022
