0 0.591649 0.858543 0.062500 0.111111
0 0.904674 0.325864 0.050945 0.084034
0 0.418592 0.664799 0.066176 0.117647
0 0.664916 0.904762 0.066176 0.061625
0 0.706933 0.817927 0.059874 0.104575
0 0.762868 0.728291 0.056197 0.117647
0 0.821166 0.612045 0.054097 0.105509
0 0.926733 0.520542 0.059349 0.056956
0 0.877889 0.488329 0.057248 0.095238
0 0.945378 0.476190 0.063025 0.056022
0 0.930147 0.393091 0.047269 0.078431
0 0.645483 0.478058 0.044118 0.100840
0 0.547269 0.671802 0.056723 0.099907
0 0.743960 0.322129 0.053046 0.093371
0 0.783088 0.239963 0.059874 0.061625
0 0.715599 0.209617 0.060399 0.060691
0 0.841124 0.318394 0.053046 0.089636
0 0.437763 0.795985 0.068803 0.070028
0 0.839023 0.156396 0.049895 0.088702
0 0.878151 0.088702 0.050420 0.082166
0 0.914916 0.033147 0.049370 0.068161
3 0.682773 0.775910 0.018908 0.033613
3 0.956933 0.261905 0.022059 0.040149
3 0.764706 0.400093 0.022059 0.038282
3 0.825105 0.267507 0.018908 0.040149
3 0.689338 0.397759 0.028887 0.041083
3 0.592700 0.638655 0.014181 0.037348
3 0.943803 0.076097 0.018908 0.036415
3 0.827468 0.236228 0.023634 0.037348
