0 0.026261 0.319795 0.030462 0.066293
0 0.026523 0.255369 0.039391 0.062558
0 0.736082 0.089636 0.027836 0.056022
0 0.739233 0.824930 0.042542 0.045752
0 0.641282 0.336134 0.033613 0.065359
0 0.657300 0.765173 0.040441 0.043884
0 0.547006 0.574697 0.027836 0.058824
0 0.508666 0.586835 0.030987 0.066293
2 0.538866 0.423436 0.075630 0.178338
1 0.595063 0.522876 0.033613 0.072829
0 0.762342 0.521008 0.036239 0.044818
0 0.494485 0.735294 0.030987 0.071895
0 0.595588 0.272642 0.028361 0.061625
0 0.444065 0.880486 0.032038 0.069094
3 0.015756 0.130719 0.016807 0.018674
0 0.693015 0.058824 0.025735 0.052288
0 0.307773 0.588702 0.040966 0.040149
0 0.326155 0.554622 0.037815 0.046685
0 0.334821 0.515406 0.039391 0.044818
0 0.253414 0.557423 0.039391 0.046685
0 0.280987 0.528945 0.037815 0.042017
0 0.287553 0.481793 0.039391 0.046685
0 0.212973 0.525677 0.035189 0.039216
0 0.231355 0.498133 0.040441 0.045752
0 0.240021 0.451914 0.034664 0.039216
0 0.165704 0.507003 0.041492 0.044818
0 0.183036 0.467787 0.040441 0.048553
0 0.199842 0.430439 0.038340 0.044818
0 0.716912 0.673203 0.040966 0.044818
0 0.718225 0.631186 0.036239 0.046685
0 0.723477 0.581232 0.036239 0.040149
0 0.742647 0.555556 0.040966 0.044818
0 0.752101 0.700280 0.034664 0.037348
0 0.771796 0.661531 0.040441 0.047619
0 0.775735 0.616713 0.042017 0.047619
0 0.800158 0.586835 0.041492 0.047619
0 0.789653 0.721755 0.039391 0.044818
0 0.925683 0.702148 0.040441 0.044818
0 0.837973 0.752568 0.040441 0.044818
0 0.880777 0.777778 0.043067 0.046685
0 0.926208 0.800654 0.040441 0.047619
1 0.619223 0.298319 0.047269 0.099907
0 0.650210 0.119514 0.027311 0.061625
0 0.151523 0.406162 0.040441 0.044818
0 0.136029 0.440243 0.040966 0.043884
0 0.107931 0.476190 0.041492 0.048553
0 0.082458 0.368814 0.040966 0.039216
0 0.065389 0.442110 0.041492 0.049486
0 0.102153 0.282446 0.038340 0.043884
0 0.164391 0.313725 0.044118 0.050420
0 0.060924 0.285714 0.037815 0.046685
0 0.667017 0.146125 0.030462 0.062558
2 0.310137 0.341737 0.085609 0.098973
0 0.934349 0.906629 0.037815 0.050420
2 0.139706 0.216620 0.088235 0.089636
0 0.431460 0.816993 0.032038 0.072829
0 0.411239 0.790850 0.030462 0.061625
0 0.972426 0.827731 0.048845 0.049486
0 0.038866 0.402428 0.025210 0.067227
0 0.013130 0.409430 0.027311 0.043884
