0 0.347426 0.391223 0.037290 0.048553
0 0.623424 0.764706 0.044118 0.042951
0 0.691702 0.849673 0.044118 0.037348
0 0.683036 0.708217 0.039391 0.062558
0 0.401261 0.818861 0.034664 0.080299
0 0.445116 0.784314 0.029937 0.070962
0 0.344800 0.298786 0.043592 0.048553
0 0.386817 0.644258 0.044643 0.050420
0 0.434349 0.618114 0.038866 0.046685
0 0.466387 0.591036 0.042017 0.046685
0 0.275998 0.573296 0.047794 0.048553
0 0.324055 0.554622 0.044118 0.048553
0 0.274160 0.466387 0.044118 0.053221
0 0.170168 0.509337 0.037815 0.043884
0 0.222689 0.493464 0.046218 0.045752
0 0.204044 0.427638 0.037290 0.044818
0 0.113445 0.485061 0.046218 0.047619
0 0.139706 0.449113 0.043067 0.041083
0 0.157038 0.401494 0.040966 0.046685
0 0.754989 0.681139 0.042542 0.047619
0 0.685399 0.590103 0.040966 0.044818
0 0.657826 0.513072 0.039391 0.042017
0 0.724265 0.502334 0.040966 0.044818
0 0.796481 0.707750 0.033088 0.039216
0 0.797006 0.653128 0.042542 0.047619
0 0.782300 0.586368 0.042542 0.050420
0 0.816176 0.551354 0.048319 0.049486
0 0.841912 0.729692 0.040966 0.047619
0 0.863445 0.632120 0.044118 0.044818
0 0.897584 0.766573 0.046218 0.050420
0 0.944853 0.675537 0.046218 0.047619
0 0.947742 0.792717 0.045693 0.050420
0 0.989496 0.818394 0.018908 0.053221
1 0.764706 0.753501 0.066176 0.070962
0 0.236870 0.283380 0.044118 0.053221
1 0.094800 0.184407 0.046744 0.056956
0 0.098214 0.374416 0.045168 0.050420
0 0.083508 0.413632 0.040966 0.052288
0 0.053046 0.456583 0.043067 0.048553
0 0.042542 0.344538 0.040966 0.044818
0 0.053571 0.231559 0.046218 0.050420
0 0.911239 0.612512 0.046218 0.054155
0 0.400735 0.905696 0.034664 0.082166
0 0.501576 0.343137 0.049370 0.060691
0 0.654937 0.193277 0.026261 0.069094
0 0.683298 0.126050 0.030462 0.067227
0 0.636029 0.140056 0.032563 0.070962
0 0.709034 0.042017 0.031513 0.067227
0 0.675158 0.045752 0.033088 0.072829
0 0.975578 0.748833 0.043592 0.050420
3 0.526786 0.279645 0.012605 0.025210
