0 0.853423 0.715608 0.023810 0.023810
0 0.836682 0.684524 0.024554 0.027778
0 0.871652 0.599868 0.018601 0.046296
0 0.879836 0.700397 0.014137 0.046296
0 0.126116 0.597222 0.027530 0.033069
0 0.199405 0.488757 0.026786 0.035714
0 0.013393 0.615079 0.023810 0.050265
0 0.854911 0.181217 0.026786 0.031746
1 0.960565 0.121693 0.031250 0.037037
1 0.714286 0.155423 0.020833 0.041005
0 0.739583 0.234127 0.025298 0.023810
0 0.299107 0.229497 0.019345 0.056878
0 0.260417 0.208333 0.019345 0.048942
0 0.249628 0.156746 0.018601 0.054233
0 0.284226 0.152116 0.017857 0.044974
0 0.322173 0.131614 0.020833 0.056878
2 0.744420 0.302249 0.063244 0.033069
0 0.596354 0.173280 0.026042 0.042328
0 0.243304 0.568783 0.028274 0.034392
0 0.354167 0.597222 0.028274 0.043651
0 0.306548 0.476190 0.022321 0.047619
3 0.947173 0.271825 0.011905 0.019841
3 0.321429 0.281746 0.014881 0.039683
3 0.119048 0.636243 0.014881 0.021164
3 0.802455 0.212963 0.011161 0.021164
3 0.604911 0.671296 0.014881 0.019841
3 0.404390 0.730820 0.011161 0.025132
3 0.331473 0.185185 0.011161 0.034392
0 0.599702 0.346561 0.028274 0.029101
0 0.574405 0.392857 0.025298 0.026455
0 0.207589 0.646164 0.031250 0.038360
1 0.238467 0.623677 0.029018 0.027778
1 0.269717 0.611772 0.031994 0.035714
0 0.675595 0.339286 0.031250 0.027778
0 0.603423 0.381614 0.025298 0.022487
0 0.642485 0.380952 0.029018 0.026455
3 0.991815 0.279762 0.013393 0.019841
0 0.647693 0.645503 0.027530 0.039683
0 0.654018 0.683862 0.026786 0.042328
0 0.673363 0.605820 0.026786 0.042328
0 0.686756 0.628307 0.028274 0.044974
0 0.725818 0.528439 0.026042 0.038360
0 0.518601 0.733466 0.026786 0.043651
0 0.040923 0.216270 0.025298 0.035714
