0 0.428309 0.050420 0.049895 0.089636
0 0.578782 0.107843 0.031513 0.083100
0 0.342700 0.115313 0.030987 0.088702
0 0.432248 0.136321 0.028361 0.089636
0 0.430672 0.234827 0.028361 0.090570
0 0.611345 0.188609 0.049370 0.087768
0 0.636292 0.195612 0.056197 0.071895
0 0.644958 0.265173 0.055672 0.078431
0 0.595588 0.272642 0.028361 0.095238
0 0.612132 0.346872 0.049895 0.088702
0 0.598739 0.472456 0.031513 0.100840
0 0.393382 0.304855 0.051471 0.088702
0 0.382878 0.390756 0.055672 0.058824
0 0.372374 0.468254 0.059874 0.088702
0 0.322742 0.494398 0.042542 0.111111
0 0.249212 0.544818 0.068803 0.056956
0 0.139968 0.533147 0.066702 0.056022
0 0.656775 0.616713 0.065651 0.066293
0 0.452206 0.673203 0.050420 0.104575
0 0.292805 0.689542 0.073004 0.075630
0 0.199842 0.732493 0.063550 0.112979
0 0.166229 0.711951 0.058298 0.109244
0 0.106092 0.457516 0.067227 0.067227
0 0.609244 0.785714 0.035714 0.122316
0 0.323529 0.781046 0.047269 0.105509
0 0.419118 0.845938 0.035714 0.117647
0 0.711660 0.965453 0.044118 0.065359
3 0.501576 0.333333 0.015756 0.044818
3 0.547794 0.287115 0.015756 0.045752
3 0.478729 0.843137 0.016282 0.054155
3 0.557773 0.724090 0.015756 0.055089
3 0.577731 0.389356 0.017857 0.056022
