0 0.722164 0.135387 0.059874 0.072829
0 0.918592 0.168067 0.054622 0.065359
0 0.925945 0.043884 0.040966 0.078431
0 0.946429 0.211485 0.057773 0.071895
0 0.847426 0.308590 0.038340 0.094304
0 0.629202 0.120448 0.043067 0.087768
0 0.703782 0.209150 0.040966 0.089636
0 0.674895 0.298319 0.039916 0.088702
0 0.846376 0.404295 0.061450 0.072829
0 0.876576 0.440243 0.064076 0.071895
0 0.866859 0.513539 0.067752 0.067227
0 0.805935 0.464519 0.043592 0.094304
0 0.798845 0.544351 0.060924 0.067227
0 0.758403 0.659664 0.043067 0.099907
0 0.589548 0.315126 0.039391 0.094304
0 0.574580 0.385621 0.055672 0.080299
0 0.543855 0.446312 0.047794 0.100840
0 0.501050 0.426704 0.031513 0.108310
0 0.431985 0.409430 0.057248 0.081232
0 0.352679 0.309524 0.058298 0.077498
0 0.764443 0.844538 0.070903 0.083100
0 0.561450 0.781513 0.036765 0.119514
0 0.424107 0.562092 0.061450 0.100840
0 0.340074 0.525210 0.062500 0.077498
0 0.322742 0.478525 0.059349 0.079365
0 0.337973 0.224090 0.056197 0.078431
0 0.266019 0.174603 0.054097 0.074697
1 0.142595 0.183940 0.081408 0.095238
0 0.196166 0.315593 0.050945 0.078431
0 0.666492 0.937908 0.054622 0.107376
0 0.428571 0.670868 0.049370 0.088702
0 0.490546 0.810458 0.050420 0.115780
3 0.648109 0.529879 0.019958 0.055089
3 0.827206 0.236228 0.017857 0.044818
3 0.714548 0.605042 0.015231 0.048553
3 0.735819 0.630252 0.017857 0.056022
