0 0.030725 0.301587 0.037290 0.061625
0 0.032563 0.240896 0.040966 0.056022
0 0.973739 0.964052 0.040966 0.049486
0 0.626050 0.412698 0.028361 0.061625
0 0.586660 0.790383 0.043067 0.045752
0 0.515231 0.675070 0.034664 0.072829
0 0.509716 0.841737 0.034139 0.058824
0 0.447216 0.864146 0.027836 0.060691
0 0.566439 0.431839 0.030987 0.066293
2 0.616071 0.208683 0.073529 0.174603
1 0.463498 0.900093 0.034139 0.074697
0 0.665179 0.080299 0.028887 0.061625
3 0.250000 0.231092 0.016807 0.019608
0 0.308561 0.588702 0.040441 0.040149
0 0.327206 0.555556 0.037815 0.046685
0 0.336134 0.516340 0.038866 0.044818
0 0.254202 0.557423 0.039916 0.046685
0 0.282300 0.528945 0.038340 0.042017
0 0.289128 0.481793 0.039391 0.046685
0 0.213761 0.525677 0.036765 0.039216
0 0.231880 0.497199 0.040441 0.045752
0 0.240021 0.450980 0.034664 0.039216
0 0.167279 0.503268 0.041492 0.044818
0 0.183824 0.468721 0.039916 0.048553
0 0.199842 0.429972 0.038340 0.045752
0 0.716912 0.675070 0.040966 0.044818
0 0.718225 0.633987 0.036239 0.046685
0 0.721376 0.583100 0.036239 0.040149
0 0.743435 0.553688 0.040441 0.044818
0 0.750525 0.700280 0.034664 0.037348
0 0.770746 0.662465 0.040441 0.047619
0 0.791492 0.627918 0.042017 0.047619
0 0.799370 0.589636 0.040966 0.047619
0 0.789391 0.725490 0.038866 0.044818
0 0.836922 0.754435 0.040441 0.044818
0 0.881303 0.778711 0.043067 0.046685
0 0.925158 0.800654 0.040441 0.047619
1 0.682511 0.113912 0.044643 0.100840
0 0.148897 0.402428 0.040441 0.044818
0 0.091649 0.400093 0.040441 0.056956
0 0.108981 0.475257 0.041492 0.048553
0 0.066439 0.442110 0.041492 0.049486
0 0.103204 0.280579 0.038340 0.043884
0 0.166492 0.314659 0.044118 0.050420
0 0.065914 0.281513 0.040441 0.043884
2 0.452468 0.500467 0.067752 0.138189
1 0.674895 0.212418 0.029412 0.062558
0 0.795693 0.825864 0.042017 0.049486
0 0.683036 0.753968 0.036239 0.049486
2 0.360032 0.342670 0.086660 0.080299
0 0.521534 0.549486 0.028361 0.068161
0 0.514181 0.500934 0.028361 0.058824
0 0.972426 0.829599 0.048845 0.049486
0 0.039391 0.401494 0.025210 0.067227
0 0.013655 0.409430 0.028361 0.043884
