0 0.391019 0.252568 0.053046 0.062558
0 0.399160 0.352007 0.049370 0.084034
0 0.564076 0.239496 0.040966 0.066293
0 0.533613 0.146125 0.025210 0.062558
0 0.595851 0.251634 0.037290 0.071895
0 0.549895 0.393091 0.030462 0.078431
0 0.381565 0.207750 0.056197 0.055089
0 0.406250 0.143791 0.024685 0.072829
0 0.408088 0.024743 0.021008 0.051354
3 0.493435 0.192344 0.012080 0.050420
0 0.314863 0.418768 0.030987 0.088702
0 0.405987 0.429505 0.031513 0.089636
0 0.404937 0.521942 0.028361 0.091503
0 0.576681 0.465920 0.043067 0.084034
0 0.613445 0.469188 0.055672 0.071895
0 0.622899 0.535014 0.054622 0.084034
0 0.568540 0.550887 0.028887 0.095238
0 0.584559 0.619048 0.050420 0.095238
0 0.584559 0.749300 0.032563 0.111111
0 0.338761 0.613445 0.055672 0.085901
0 0.344275 0.690009 0.059349 0.065359
0 0.334034 0.775444 0.065126 0.088702
0 0.288866 0.803922 0.047269 0.123249
0 0.208246 0.859477 0.073004 0.062558
0 0.089286 0.858543 0.077731 0.066293
0 0.654412 0.892157 0.070378 0.079365
0 0.051996 0.787582 0.077731 0.071895
3 0.502889 0.510738 0.015231 0.044818
3 0.539391 0.798319 0.019958 0.057890
3 0.546744 0.592904 0.017857 0.056022
