0 0.025735 0.328198 0.027311 0.068161
0 0.023372 0.260971 0.035189 0.066293
0 0.764968 0.016340 0.027836 0.034547
0 0.798582 0.861345 0.041492 0.051354
0 0.678571 0.231559 0.031513 0.065359
0 0.717174 0.769841 0.040441 0.043884
0 0.577994 0.487395 0.027836 0.056022
0 0.485557 0.652194 0.030987 0.068161
2 0.514181 0.494398 0.075630 0.178338
1 0.635504 0.398693 0.030462 0.067227
0 0.725053 0.498599 0.037290 0.044818
0 0.529149 0.637255 0.030987 0.071895
0 0.570903 0.339869 0.028361 0.061625
0 0.474002 0.795518 0.032038 0.069094
0 0.675158 0.105509 0.025735 0.052288
0 0.307511 0.588702 0.040441 0.040149
0 0.326155 0.554622 0.037815 0.046685
0 0.334559 0.515406 0.038866 0.044818
0 0.252889 0.557890 0.039391 0.047619
0 0.280725 0.528945 0.038340 0.042017
0 0.287027 0.481793 0.039391 0.046685
0 0.212710 0.525677 0.034664 0.039216
0 0.231355 0.498133 0.040441 0.045752
0 0.240021 0.451914 0.034664 0.039216
0 0.165179 0.507003 0.041492 0.044818
0 0.183036 0.467787 0.040441 0.048553
0 0.199317 0.430439 0.038340 0.044818
0 0.716912 0.672269 0.040966 0.044818
0 0.718225 0.631186 0.036239 0.046685
0 0.724002 0.581232 0.036239 0.040149
0 0.742647 0.552754 0.040966 0.044818
0 0.752101 0.700280 0.034664 0.037348
0 0.772847 0.661531 0.040441 0.047619
0 0.774685 0.614846 0.042017 0.047619
0 0.800683 0.586368 0.041492 0.048553
0 0.790179 0.720822 0.039391 0.044818
0 0.891544 0.682540 0.040441 0.044818
0 0.838498 0.751634 0.040441 0.044818
0 0.880777 0.776844 0.043067 0.046685
0 0.926208 0.800654 0.040441 0.047619
1 0.603729 0.340336 0.046744 0.105509
0 0.631828 0.169935 0.027311 0.061625
0 0.150998 0.405229 0.040441 0.044818
0 0.137080 0.440243 0.040966 0.043884
0 0.107405 0.476190 0.041492 0.048553
0 0.098214 0.378151 0.040966 0.039216
0 0.064863 0.442110 0.041492 0.049486
0 0.101628 0.282446 0.038340 0.043884
0 0.163340 0.313725 0.044118 0.050420
0 0.059611 0.287115 0.037290 0.047619
0 0.648109 0.191877 0.030462 0.062558
2 0.255515 0.301120 0.086660 0.094304
2 0.072216 0.183473 0.091912 0.088702
0 0.389443 0.938375 0.032038 0.069094
0 0.373424 0.907096 0.030462 0.070028
0 0.972426 0.826797 0.048845 0.049486
0 0.038340 0.401494 0.025210 0.067227
0 0.013130 0.409430 0.027311 0.043884
