0 0.024422 0.337068 0.027836 0.072829
0 0.022321 0.268441 0.035189 0.066293
0 0.945641 0.947246 0.041492 0.051354
0 0.741859 0.047152 0.028887 0.055089
0 0.849790 0.818394 0.040966 0.043884
0 0.640231 0.310924 0.028361 0.056022
0 0.432773 0.808590 0.031513 0.072829
2 0.467174 0.629785 0.075105 0.180205
1 0.709034 0.176471 0.030462 0.067227
0 0.682511 0.420168 0.025735 0.057890
0 0.592700 0.455182 0.030987 0.062558
0 0.524685 0.469655 0.028361 0.061625
0 0.537553 0.622316 0.032038 0.068161
0 0.678834 0.120915 0.027836 0.056956
0 0.632616 0.157330 0.030987 0.056956
0 0.639706 0.194678 0.029412 0.055089
0 0.306985 0.588702 0.040441 0.040149
0 0.325630 0.554155 0.037815 0.047619
0 0.333771 0.514939 0.039391 0.045752
0 0.252363 0.557890 0.039391 0.047619
0 0.279937 0.528945 0.037815 0.042017
0 0.286502 0.481793 0.039391 0.046685
0 0.212185 0.526144 0.034664 0.040149
0 0.231355 0.498133 0.040441 0.045752
0 0.240021 0.451914 0.034664 0.039216
0 0.164128 0.507003 0.041492 0.044818
0 0.182773 0.467320 0.040966 0.049486
0 0.199317 0.430439 0.038340 0.044818
0 0.716912 0.671335 0.040966 0.044818
0 0.718225 0.629318 0.036239 0.046685
0 0.725053 0.580299 0.036239 0.040149
0 0.743172 0.549953 0.040966 0.044818
0 0.753151 0.700280 0.034664 0.037348
0 0.774422 0.662465 0.040441 0.047619
0 0.776786 0.612979 0.042017 0.047619
0 0.802258 0.584967 0.042542 0.049486
0 0.791229 0.720822 0.039391 0.044818
0 0.844538 0.655462 0.040966 0.044818
0 0.839548 0.751634 0.040441 0.044818
0 0.880777 0.774977 0.043067 0.046685
0 0.926733 0.798786 0.040441 0.047619
1 0.582721 0.406162 0.044643 0.104575
1 0.456145 0.818861 0.032038 0.078431
0 0.586397 0.269374 0.029937 0.060691
0 0.149947 0.404295 0.040441 0.044818
0 0.137080 0.440243 0.040966 0.043884
0 0.106355 0.476190 0.041492 0.048553
0 0.102416 0.378151 0.040966 0.039216
0 0.064338 0.442110 0.041492 0.049486
0 0.100053 0.281513 0.038340 0.043884
0 0.155987 0.309991 0.044118 0.050420
0 0.056723 0.289916 0.035714 0.049486
0 0.616859 0.274510 0.030987 0.067227
1 0.495798 0.812792 0.054622 0.126050
2 0.144958 0.230626 0.088235 0.084034
0 0.972426 0.825864 0.048845 0.049486
0 0.037815 0.401494 0.025210 0.067227
0 0.011292 0.409430 0.023634 0.043884
