0 0.859769 0.378618 0.053571 0.088702
0 0.411239 0.652661 0.066176 0.117647
0 0.666492 0.883287 0.066176 0.061625
0 0.706933 0.795518 0.059874 0.104575
0 0.763918 0.705882 0.056197 0.117647
0 0.821166 0.593838 0.054097 0.104575
0 0.470588 0.942577 0.060924 0.098039
0 0.926996 0.498133 0.058824 0.056956
0 0.878939 0.466853 0.056197 0.095238
0 0.947479 0.452848 0.063025 0.056022
0 0.932248 0.374416 0.047269 0.078431
0 0.645483 0.445378 0.044118 0.100840
0 0.548845 0.639589 0.056723 0.098973
0 0.745011 0.300654 0.053046 0.093371
0 0.783613 0.227824 0.059874 0.061625
0 0.718225 0.193744 0.060399 0.060691
0 0.892069 0.210551 0.050945 0.084967
0 0.440389 0.771242 0.068803 0.067227
0 0.840599 0.138655 0.049895 0.088702
0 0.879202 0.071895 0.050420 0.082166
3 0.637605 0.828665 0.019958 0.043884
3 0.929622 0.291317 0.022059 0.041083
3 0.803571 0.312325 0.022059 0.043884
3 0.855830 0.205882 0.019433 0.040149
3 0.690126 0.381886 0.026261 0.041083
3 0.603204 0.573296 0.014181 0.037348
3 0.829044 0.218487 0.024685 0.044818
