0 0.026523 0.312792 0.037290 0.067227
0 0.028361 0.251634 0.040966 0.060691
0 0.710609 0.158730 0.027311 0.056022
0 0.698529 0.807656 0.043067 0.044818
0 0.611870 0.418301 0.034664 0.069094
0 0.617910 0.770775 0.040441 0.043884
0 0.521796 0.646125 0.027836 0.061625
0 0.522847 0.546685 0.030987 0.066293
2 0.557511 0.372082 0.075105 0.178338
1 0.562763 0.617647 0.034139 0.073763
0 0.794905 0.540616 0.035189 0.044818
0 0.469800 0.809991 0.030987 0.071895
0 0.615021 0.219421 0.028361 0.061625
3 0.071954 0.154995 0.016807 0.018674
0 0.308036 0.588702 0.040441 0.040149
0 0.326418 0.554622 0.038340 0.046685
0 0.335084 0.515873 0.038866 0.045752
0 0.253414 0.557423 0.039391 0.046685
0 0.281250 0.528945 0.038340 0.042017
0 0.287553 0.481793 0.039391 0.046685
0 0.213235 0.525677 0.035714 0.039216
0 0.231880 0.497199 0.040441 0.045752
0 0.240021 0.451914 0.034664 0.039216
0 0.165704 0.507003 0.041492 0.044818
0 0.183036 0.467787 0.040441 0.048553
0 0.199842 0.430439 0.038340 0.044818
0 0.716912 0.673203 0.040966 0.044818
0 0.718225 0.632120 0.036239 0.046685
0 0.722952 0.582166 0.036239 0.040149
0 0.743172 0.556489 0.040966 0.044818
0 0.751576 0.700280 0.034664 0.037348
0 0.771271 0.661531 0.040441 0.047619
0 0.778887 0.618581 0.042017 0.047619
0 0.799370 0.587302 0.040966 0.048553
0 0.789653 0.721755 0.039391 0.044818
0 0.956670 0.721755 0.040441 0.044818
0 0.837973 0.752568 0.040441 0.044818
0 0.880777 0.777778 0.043067 0.046685
0 0.925683 0.800654 0.040441 0.047619
1 0.632616 0.258170 0.046744 0.099907
0 0.152048 0.407096 0.040441 0.044818
0 0.132353 0.438375 0.040966 0.047619
0 0.107931 0.476190 0.041492 0.048553
0 0.066964 0.360411 0.042542 0.037348
0 0.065389 0.442110 0.041492 0.049486
0 0.102416 0.281513 0.038866 0.043884
0 0.164916 0.313725 0.044118 0.050420
0 0.062237 0.284781 0.038340 0.046685
3 0.631303 0.035948 0.011555 0.027077
2 0.352416 0.374883 0.085084 0.103641
1 0.740546 0.027077 0.029412 0.052288
0 0.984769 0.930439 0.027311 0.049486
0 0.868960 0.867880 0.036239 0.049486
2 0.193015 0.245565 0.086660 0.089636
0 0.460347 0.729692 0.030987 0.064426
0 0.440126 0.706816 0.030462 0.061625
0 0.972426 0.827731 0.048845 0.049486
0 0.039391 0.402428 0.025210 0.067227
0 0.013130 0.409430 0.027311 0.043884
