0 0.398897 0.043884 0.049895 0.084034
0 0.554622 0.084500 0.031513 0.083100
0 0.313813 0.113445 0.030987 0.088702
0 0.407563 0.124183 0.028361 0.089636
0 0.407563 0.227358 0.028361 0.090570
0 0.580357 0.161998 0.045168 0.088702
0 0.616859 0.169468 0.056197 0.071895
0 0.625000 0.243697 0.054622 0.084034
0 0.566702 0.250233 0.028361 0.085901
0 0.583771 0.318861 0.049895 0.088702
0 0.582721 0.449113 0.032038 0.104575
0 0.353204 0.311858 0.055147 0.084034
0 0.352941 0.395425 0.058824 0.055089
0 0.345063 0.481326 0.059874 0.088702
0 0.301471 0.504202 0.046218 0.110177
0 0.228204 0.558824 0.068803 0.056956
0 0.116859 0.556956 0.070903 0.060691
0 0.643645 0.590103 0.066702 0.074697
0 0.423582 0.658263 0.044643 0.113912
0 0.273897 0.707283 0.075105 0.071895
0 0.180410 0.765173 0.063550 0.112979
0 0.146796 0.767507 0.057248 0.117647
0 0.076418 0.485528 0.074055 0.070962
0 0.600578 0.785247 0.035189 0.121382
0 0.311450 0.797852 0.043067 0.111111
0 0.415441 0.842204 0.035714 0.117647
0 0.708508 0.933707 0.044118 0.128852
3 0.487920 0.270775 0.015756 0.044818
3 0.533876 0.361811 0.016282 0.045752
3 0.475053 0.757236 0.016282 0.054155
3 0.551996 0.821195 0.015756 0.055089
3 0.545693 0.331933 0.015756 0.051354
