0 0.806197 0.476190 0.053571 0.091503
0 0.404674 0.668067 0.064601 0.118581
0 0.667542 0.882353 0.066176 0.061625
0 0.709034 0.799253 0.059874 0.104575
0 0.765494 0.707750 0.056197 0.117647
0 0.825368 0.596639 0.054097 0.104575
0 0.542542 0.824930 0.060924 0.111111
0 0.931197 0.502801 0.058824 0.060691
0 0.880252 0.459851 0.056723 0.098039
0 0.951155 0.459384 0.063025 0.056022
0 0.937237 0.373483 0.046744 0.078431
0 0.648634 0.448179 0.044118 0.100840
0 0.552521 0.639589 0.056723 0.098973
0 0.749737 0.301587 0.053046 0.093371
0 0.789391 0.227358 0.059874 0.062558
0 0.722426 0.194678 0.060399 0.060691
0 0.942752 0.126517 0.051471 0.084967
0 0.443015 0.774043 0.068803 0.065359
0 0.846376 0.143324 0.049895 0.088702
0 0.885504 0.075630 0.050420 0.082166
3 0.588235 0.924837 0.019958 0.043884
3 0.897321 0.361345 0.018382 0.050420
3 0.847164 0.253501 0.022059 0.043884
3 0.889968 0.152661 0.019433 0.040149
3 0.694853 0.379552 0.025210 0.040149
3 0.835872 0.220822 0.020483 0.043884
