0 0.398634 0.040616 0.050420 0.081232
0 0.553571 0.078898 0.031513 0.083100
0 0.313813 0.111578 0.030987 0.088702
0 0.406513 0.118581 0.028361 0.089636
0 0.407563 0.221755 0.028361 0.090570
0 0.580620 0.156396 0.044643 0.088702
0 0.616334 0.163866 0.056197 0.071895
0 0.626050 0.243697 0.054622 0.084034
0 0.567752 0.246499 0.028361 0.084034
0 0.584296 0.314192 0.049895 0.088702
0 0.582721 0.445845 0.032038 0.105509
0 0.343225 0.314192 0.056197 0.083100
0 0.351103 0.393557 0.059349 0.055089
0 0.345326 0.479458 0.060399 0.088702
0 0.299895 0.499533 0.047269 0.110177
0 0.227153 0.557890 0.068803 0.056956
0 0.114233 0.553688 0.071954 0.061625
0 0.645746 0.590570 0.067752 0.075630
0 0.421481 0.652661 0.042542 0.117647
0 0.272321 0.705415 0.075105 0.071895
0 0.178309 0.778245 0.063550 0.112979
0 0.144170 0.773109 0.057248 0.117647
0 0.074842 0.480859 0.075105 0.072829
0 0.601103 0.792717 0.035189 0.121382
0 0.311450 0.797852 0.045168 0.111111
0 0.414916 0.841737 0.035714 0.118581
0 0.709559 0.931839 0.044118 0.132586
3 0.491597 0.253968 0.015756 0.044818
3 0.533613 0.384687 0.016807 0.048553
3 0.475053 0.735761 0.016282 0.054155
3 0.553309 0.856676 0.016282 0.055089
3 0.545693 0.319328 0.013655 0.046685
