0 0.798582 0.200747 0.065651 0.063492
0 0.987658 0.287582 0.023634 0.059757
0 0.914128 0.414099 0.043592 0.092437
0 0.869223 0.224090 0.045168 0.091503
0 0.705357 0.167600 0.047269 0.086835
0 0.774685 0.273109 0.047269 0.086835
0 0.734769 0.352941 0.044118 0.089636
0 0.905462 0.511671 0.067227 0.072829
0 0.934611 0.559757 0.067752 0.066293
0 0.916492 0.623249 0.071429 0.066293
0 0.858718 0.560691 0.047269 0.094304
0 0.843487 0.634921 0.065126 0.059757
0 0.789916 0.736228 0.047269 0.099907
0 0.650210 0.350140 0.031513 0.095238
0 0.630252 0.415966 0.055672 0.081232
0 0.596639 0.469188 0.047269 0.099907
0 0.552258 0.438375 0.038340 0.105509
0 0.485557 0.403828 0.056197 0.084967
0 0.414391 0.287115 0.056723 0.084967
0 0.784139 0.931373 0.072479 0.094304
0 0.562763 0.885154 0.045693 0.123249
0 0.463235 0.554155 0.054622 0.107376
0 0.386292 0.499533 0.062500 0.072829
0 0.372111 0.450514 0.059349 0.077498
0 0.410977 0.199346 0.053046 0.094304
0 0.340599 0.135387 0.047794 0.080299
1 0.224265 0.112045 0.070378 0.106443
0 0.261817 0.258170 0.050945 0.075630
0 0.678046 0.969188 0.056723 0.059757
0 0.456670 0.662932 0.053046 0.080299
0 0.508666 0.819795 0.055147 0.104575
0 0.439076 0.960784 0.055672 0.070962
3 0.659139 0.636788 0.025210 0.056022
3 0.947479 0.235761 0.018908 0.043884
3 0.804359 0.571895 0.019433 0.043884
3 0.757878 0.748833 0.017857 0.056022
