0 0.839286 0.414099 0.053571 0.088702
0 0.408613 0.657330 0.066176 0.117647
0 0.667017 0.883287 0.066176 0.061625
0 0.707983 0.796452 0.059874 0.104575
0 0.764443 0.707750 0.056197 0.117647
0 0.821166 0.591970 0.054097 0.104575
0 0.498950 0.899627 0.060924 0.111111
0 0.928046 0.497199 0.058824 0.060691
0 0.879464 0.459384 0.056197 0.095238
0 0.948004 0.456583 0.063025 0.056022
0 0.933824 0.372549 0.047269 0.078431
0 0.647584 0.449113 0.044118 0.100840
0 0.550420 0.639589 0.056723 0.098973
0 0.746586 0.301587 0.053046 0.093371
0 0.785714 0.226424 0.059874 0.062558
0 0.719275 0.193744 0.060399 0.060691
0 0.911765 0.176937 0.051471 0.084967
0 0.440914 0.772176 0.068803 0.067227
0 0.842700 0.142390 0.049895 0.088702
0 0.881303 0.073763 0.050420 0.082166
3 0.613971 0.872549 0.019958 0.043884
3 0.917542 0.309991 0.022059 0.041083
3 0.819328 0.288982 0.022059 0.043884
3 0.867910 0.184407 0.019433 0.040149
3 0.691176 0.379085 0.025210 0.041083
3 0.605830 0.560224 0.014181 0.037348
3 0.829569 0.220355 0.024685 0.044818
