0 0.568824 0.795635 0.021577 0.043651
0 0.563988 0.879630 0.023810 0.047619
0 0.853423 0.708333 0.022321 0.027778
0 0.837426 0.675265 0.027530 0.033069
0 0.870536 0.592593 0.019345 0.047619
0 0.888765 0.657407 0.021577 0.047619
0 0.742560 0.601190 0.023810 0.043651
0 0.710565 0.670635 0.023810 0.044974
0 0.123140 0.605159 0.031994 0.038360
0 0.196429 0.494709 0.025298 0.037037
0 0.009301 0.622354 0.020089 0.048942
0 0.853051 0.174603 0.027530 0.037037
1 0.959449 0.113757 0.031994 0.042328
0 0.713542 0.148810 0.025298 0.043651
0 0.738839 0.229497 0.031250 0.030423
0 0.296875 0.231481 0.019345 0.055556
0 0.255952 0.208995 0.017857 0.047619
0 0.248884 0.156085 0.018601 0.052910
0 0.280506 0.151455 0.019345 0.046296
0 0.328497 0.182540 0.021577 0.050265
0 0.313616 0.125000 0.020089 0.046296
0 0.297991 0.039021 0.021577 0.051587
0 0.379092 0.431878 0.024554 0.048942
0 0.387277 0.300926 0.015625 0.048942
0 0.353795 0.218915 0.012649 0.035714
2 0.743304 0.296296 0.063988 0.031746
0 0.593750 0.169974 0.026786 0.041005
3 0.341146 0.254630 0.011161 0.030423
0 0.361979 0.159392 0.021577 0.048942
0 0.509673 0.982143 0.016369 0.033069
0 0.552455 0.974206 0.017113 0.041005
0 0.035342 0.222222 0.027530 0.034392
