0 0.419905 0.540149 0.035189 0.107376
0 0.538078 0.979458 0.037290 0.037348
0 0.521796 0.895425 0.043592 0.126984
0 0.497899 0.692344 0.044118 0.111111
0 0.479517 0.587768 0.038866 0.111111
0 0.467174 0.465920 0.046744 0.100840
0 0.441439 0.323996 0.041492 0.093371
0 0.378676 0.581232 0.038866 0.112979
0 0.444328 0.142857 0.040966 0.076564
0 0.407300 0.189076 0.034139 0.099907
0 0.433824 0.106909 0.045168 0.086835
0 0.389706 0.065826 0.033613 0.079365
0 0.286765 0.490663 0.047269 0.094304
0 0.332458 0.746965 0.045168 0.119514
0 0.263655 0.261905 0.035714 0.094304
0 0.248424 0.178338 0.039916 0.098973
0 0.195903 0.245565 0.053571 0.091503
0 0.234244 0.049020 0.037815 0.090570
3 0.385504 0.246965 0.018908 0.047619
3 0.275210 0.385621 0.014706 0.052288
