0 0.546744 0.919234 0.063025 0.111111
0 0.874212 0.352941 0.053046 0.085901
0 0.413340 0.650794 0.066176 0.117647
0 0.666492 0.883287 0.066176 0.061625
0 0.706408 0.793651 0.059874 0.104575
0 0.762342 0.704949 0.056197 0.117647
0 0.821166 0.595238 0.054097 0.105509
0 0.446429 0.967787 0.059874 0.062558
0 0.926208 0.499066 0.059349 0.053221
0 0.878676 0.473389 0.056723 0.095238
0 0.945378 0.452848 0.063025 0.056022
0 0.931197 0.379085 0.047269 0.078431
0 0.645483 0.455649 0.044118 0.100840
0 0.547794 0.639589 0.056723 0.098973
0 0.743960 0.298786 0.053046 0.093371
0 0.783613 0.230626 0.059874 0.061625
0 0.717174 0.194678 0.060399 0.060691
0 0.876838 0.238562 0.050945 0.084967
0 0.439863 0.771242 0.068803 0.067227
0 0.839548 0.139589 0.049895 0.088702
0 0.877626 0.072829 0.050420 0.082166
3 0.652048 0.808123 0.019433 0.043884
3 0.936975 0.276377 0.022059 0.041083
3 0.790966 0.332400 0.022059 0.042951
3 0.845851 0.221755 0.019433 0.040149
3 0.689863 0.387488 0.026786 0.041083
3 0.600578 0.586368 0.014181 0.037348
3 0.829569 0.218954 0.024685 0.043884
