0 0.853423 0.716931 0.023810 0.023810
0 0.836682 0.685847 0.024554 0.027778
0 0.872768 0.600529 0.019345 0.044974
0 0.881324 0.698413 0.012649 0.047619
0 0.126488 0.597222 0.028274 0.033069
0 0.200149 0.487434 0.026786 0.035714
0 0.013393 0.612434 0.023810 0.050265
0 0.854911 0.182540 0.026786 0.031746
1 0.960565 0.123016 0.031250 0.037037
1 0.715030 0.155423 0.020833 0.041005
0 0.739955 0.234127 0.026042 0.023810
0 0.299851 0.229497 0.019345 0.056878
0 0.260417 0.208333 0.019345 0.048942
0 0.250372 0.156746 0.018601 0.054233
0 0.284226 0.151455 0.017857 0.046296
0 0.315848 0.091270 0.021577 0.047619
2 0.744420 0.302249 0.063244 0.033069
0 0.597098 0.173280 0.026042 0.042328
0 0.334449 0.019841 0.014137 0.034392
0 0.317708 0.550926 0.029762 0.033069
0 0.398438 0.641534 0.027530 0.047619
0 0.336682 0.396825 0.015625 0.047619
3 0.322173 0.281746 0.014881 0.039683
3 0.165923 0.609788 0.014881 0.021164
3 0.804315 0.216931 0.011905 0.021164
3 0.609375 0.667328 0.014881 0.019841
3 0.422991 0.770503 0.011161 0.025132
3 0.322917 0.141534 0.011905 0.034392
0 0.627976 0.341931 0.028274 0.027778
0 0.575149 0.392857 0.025298 0.026455
0 0.207589 0.646164 0.031250 0.038360
1 0.238467 0.623016 0.029018 0.029101
1 0.269717 0.611111 0.031994 0.037037
0 0.718378 0.345238 0.031994 0.026455
0 0.604539 0.382275 0.024554 0.023810
0 0.643973 0.380952 0.029018 0.026455
0 0.646949 0.645503 0.027530 0.039683
0 0.654018 0.683862 0.026786 0.042328
0 0.673735 0.607143 0.027530 0.039683
0 0.687872 0.628307 0.026042 0.044974
0 0.753720 0.495370 0.025298 0.038360
0 0.486235 0.696429 0.024554 0.048942
0 0.040923 0.215608 0.025298 0.034392
