0 0.726935 0.517196 0.026786 0.039683
0 0.853423 0.708333 0.022321 0.027778
0 0.837426 0.674603 0.027530 0.034392
0 0.871652 0.592593 0.020089 0.047619
0 0.889137 0.642196 0.022321 0.043651
0 0.124628 0.599206 0.029018 0.037037
0 0.198289 0.491402 0.026042 0.035714
0 0.011161 0.619048 0.022321 0.047619
0 0.852679 0.171958 0.025298 0.034392
1 0.959449 0.113757 0.031994 0.042328
0 0.712426 0.149471 0.023065 0.042328
0 0.739211 0.230159 0.030506 0.029101
0 0.296875 0.228836 0.019345 0.055556
0 0.257812 0.208333 0.020089 0.048942
0 0.249256 0.155423 0.019345 0.054233
0 0.282366 0.150794 0.018601 0.044974
0 0.332961 0.177910 0.024554 0.048942
0 0.158110 0.648148 0.029018 0.039683
0 0.193452 0.625000 0.029762 0.033069
2 0.743676 0.296296 0.063244 0.031746
0 0.593750 0.169974 0.026786 0.041005
3 0.340774 0.242725 0.010417 0.030423
0 0.110491 0.644841 0.023065 0.038360
0 0.296875 0.488757 0.023810 0.043651
0 0.326265 0.423280 0.020089 0.042328
0 0.307292 0.638889 0.028274 0.026455
0 0.248884 0.590608 0.030506 0.035714
0 0.492560 0.702381 0.028274 0.042328
1 0.568824 0.740741 0.031994 0.037037
1 0.633929 0.753307 0.023810 0.033069
0 0.197917 0.585979 0.028274 0.042328
0 0.292039 0.536376 0.023065 0.027778
0 0.350446 0.503307 0.026786 0.038360
3 0.330357 0.484127 0.011905 0.021164
0 0.407738 0.471561 0.028274 0.038360
0 0.640997 0.650132 0.026042 0.041005
0 0.654762 0.680556 0.026786 0.041005
0 0.668899 0.606481 0.023810 0.041005
0 0.681176 0.634921 0.024554 0.042328
0 0.698289 0.561508 0.026042 0.038360
0 0.713170 0.588624 0.024554 0.037037
0 0.038318 0.218254 0.029018 0.039683
