0 0.328782 0.371148 0.037815 0.047619
0 0.647584 0.764239 0.044118 0.043884
0 0.721113 0.858543 0.044118 0.040149
0 0.705095 0.727824 0.041492 0.062558
0 0.381303 0.876284 0.035714 0.081232
0 0.429097 0.833800 0.030462 0.070962
0 0.311450 0.277311 0.044118 0.048553
0 0.409926 0.655462 0.044643 0.050420
0 0.461660 0.633053 0.038866 0.046685
0 0.503414 0.616713 0.041492 0.047619
0 0.299895 0.587768 0.047269 0.051354
0 0.355567 0.568627 0.044118 0.048553
0 0.291229 0.473389 0.043592 0.056022
0 0.172532 0.508403 0.038340 0.043884
0 0.239496 0.501401 0.046218 0.046685
0 0.211660 0.429505 0.036765 0.044818
0 0.115284 0.484594 0.045693 0.046685
0 0.141807 0.448179 0.043067 0.041083
0 0.158088 0.401494 0.040966 0.046685
0 0.754989 0.681139 0.042542 0.047619
0 0.663866 0.576564 0.040966 0.045752
0 0.629989 0.496265 0.039391 0.042017
0 0.704307 0.488329 0.040966 0.044818
0 0.796481 0.707750 0.033088 0.039216
0 0.783351 0.644725 0.042542 0.047619
0 0.766019 0.576097 0.042542 0.050420
0 0.807773 0.544351 0.048319 0.050420
0 0.842437 0.729692 0.040966 0.047619
0 0.854517 0.625117 0.044118 0.045752
0 0.897584 0.766573 0.046218 0.050420
0 0.944853 0.675537 0.046218 0.047619
0 0.947742 0.792717 0.045693 0.050420
0 0.989496 0.818394 0.018908 0.053221
1 0.788866 0.763772 0.066176 0.070962
0 0.205882 0.260504 0.044118 0.052288
1 0.057773 0.163866 0.046218 0.055089
0 0.098739 0.371615 0.045168 0.050420
0 0.083508 0.413632 0.040966 0.052288
0 0.053571 0.455649 0.043067 0.048553
0 0.042017 0.341737 0.040966 0.044818
0 0.054097 0.231559 0.045168 0.050420
0 0.896008 0.600373 0.046218 0.054155
0 0.383403 0.953782 0.034664 0.077498
0 0.477416 0.348739 0.049370 0.055089
0 0.655462 0.192344 0.026261 0.069094
0 0.683298 0.126050 0.030462 0.067227
0 0.632878 0.151261 0.032563 0.070962
0 0.709034 0.042017 0.031513 0.067227
0 0.669905 0.060691 0.033088 0.072829
0 0.961397 0.738562 0.043592 0.050420
3 0.518382 0.288049 0.012605 0.025210
