0 0.853423 0.717593 0.023810 0.025132
0 0.836682 0.687169 0.024554 0.027778
0 0.872768 0.602513 0.019345 0.046296
0 0.882068 0.684524 0.012649 0.046296
0 0.126488 0.597884 0.028274 0.034392
0 0.200149 0.487434 0.026786 0.035714
0 0.013393 0.612434 0.023810 0.050265
0 0.855655 0.183862 0.026786 0.031746
1 0.961310 0.124339 0.031250 0.037037
1 0.715774 0.156746 0.020833 0.041005
0 0.740699 0.235450 0.026042 0.023810
0 0.299851 0.229497 0.019345 0.056878
0 0.260417 0.207672 0.019345 0.047619
0 0.251116 0.156746 0.018601 0.054233
0 0.284598 0.151455 0.017113 0.046296
0 0.300967 0.024471 0.017113 0.051587
2 0.746280 0.303571 0.063988 0.030423
0 0.597470 0.174603 0.025298 0.042328
0 0.334821 0.019180 0.019345 0.038360
0 0.354911 0.113757 0.014881 0.039683
0 0.058408 0.671296 0.026042 0.033069
0 0.378348 0.594577 0.027530 0.043651
0 0.437128 0.707672 0.024554 0.050265
0 0.340030 0.294312 0.022321 0.051587
3 0.322173 0.281746 0.014881 0.039683
3 0.215402 0.579365 0.014137 0.021164
3 0.806548 0.220899 0.011905 0.021164
3 0.613095 0.664683 0.014881 0.019841
3 0.438616 0.815476 0.011161 0.025132
0 0.678199 0.345238 0.029018 0.026455
0 0.575149 0.394180 0.025298 0.026455
0 0.207589 0.644841 0.031250 0.038360
1 0.238467 0.623016 0.029018 0.029101
1 0.269717 0.609127 0.031994 0.038360
0 0.769717 0.350529 0.031994 0.026455
0 0.604539 0.383598 0.024554 0.023810
0 0.644717 0.380952 0.029018 0.026455
0 0.646949 0.645503 0.027530 0.039683
0 0.654390 0.685185 0.027530 0.042328
0 0.673735 0.607143 0.027530 0.039683
0 0.689732 0.629630 0.026786 0.042328
0 0.795015 0.453042 0.026042 0.038360
0 0.454985 0.642196 0.024554 0.048942
0 0.041667 0.214286 0.025298 0.034392
