0 0.681920 0.587963 0.024554 0.041005
0 0.704241 0.603175 0.027530 0.042328
0 0.853423 0.708333 0.022321 0.027778
0 0.837426 0.675265 0.027530 0.033069
0 0.870908 0.592593 0.020089 0.047619
0 0.889137 0.655423 0.020833 0.046296
0 0.120536 0.603836 0.031250 0.038360
0 0.196057 0.490079 0.026042 0.035714
0 0.009301 0.622354 0.020089 0.046296
0 0.853051 0.174603 0.027530 0.037037
1 0.959449 0.113757 0.031994 0.042328
0 0.713542 0.148810 0.025298 0.043651
0 0.738839 0.228175 0.031250 0.030423
0 0.293899 0.231481 0.019345 0.055556
0 0.255952 0.208333 0.017857 0.048942
0 0.248884 0.156085 0.018601 0.052910
0 0.281622 0.150794 0.018601 0.044974
0 0.327009 0.181217 0.021577 0.058201
0 0.193080 0.630952 0.031994 0.039683
0 0.259673 0.585317 0.031250 0.035714
0 0.343750 0.171958 0.013393 0.031746
2 0.743304 0.296296 0.063988 0.031746
0 0.593750 0.169974 0.026786 0.041005
3 0.339286 0.240079 0.010417 0.030423
0 0.059896 0.666005 0.027530 0.038360
0 0.171131 0.602513 0.023810 0.041005
0 0.331845 0.521164 0.031250 0.042328
0 0.846726 0.445767 0.028274 0.039683
1 0.943824 0.348545 0.033482 0.043651
3 0.126488 0.625000 0.011905 0.019841
0 0.090402 0.668651 0.027530 0.038360
0 0.543527 0.851852 0.023065 0.044974
0 0.575149 0.765212 0.023810 0.041005
0 0.613095 0.752646 0.023810 0.044974
0 0.633557 0.666005 0.024554 0.041005
0 0.655134 0.687169 0.023065 0.041005
0 0.034598 0.220899 0.029018 0.037037
