0 0.711682 0.538360 0.024554 0.042328
0 0.815848 0.431217 0.031994 0.042328
0 0.853423 0.708333 0.022321 0.027778
0 0.837426 0.674603 0.027530 0.034392
0 0.871280 0.592593 0.019345 0.047619
0 0.890625 0.657407 0.020833 0.047619
0 0.123512 0.603836 0.031250 0.038360
0 0.196801 0.489418 0.026042 0.034392
0 0.009301 0.623016 0.020089 0.047619
0 0.853051 0.173280 0.027530 0.037037
1 0.959449 0.113757 0.031994 0.042328
0 0.713542 0.148810 0.025298 0.043651
0 0.738839 0.228175 0.031250 0.030423
0 0.293899 0.231481 0.019345 0.055556
0 0.256324 0.208333 0.018601 0.048942
0 0.248884 0.156085 0.018601 0.052910
0 0.281622 0.150794 0.018601 0.044974
0 0.327753 0.179894 0.021577 0.055556
0 0.160342 0.649471 0.029018 0.039683
0 0.199777 0.623677 0.031994 0.038360
0 0.314732 0.023148 0.013393 0.033069
2 0.743304 0.296296 0.063988 0.031746
0 0.593750 0.169974 0.026786 0.041005
3 0.339286 0.241402 0.010417 0.030423
0 0.153274 0.603836 0.028274 0.038360
0 0.230655 0.550265 0.023810 0.034392
0 0.256696 0.587963 0.031250 0.038360
0 0.737351 0.598545 0.025298 0.043651
1 0.793155 0.503968 0.025298 0.042328
1 0.925967 0.373016 0.024554 0.039683
0 0.013021 0.714947 0.024554 0.035714
0 0.088170 0.663360 0.031994 0.041005
3 0.185268 0.580688 0.013393 0.021164
0 0.178943 0.607143 0.026042 0.037037
0 0.611607 0.700397 0.023810 0.041005
0 0.629092 0.740079 0.024554 0.048942
0 0.645089 0.642857 0.023810 0.042328
0 0.672619 0.649471 0.025298 0.042328
0 0.675223 0.595899 0.026042 0.038360
0 0.702009 0.605820 0.024554 0.039683
0 0.034598 0.219577 0.029018 0.037037
