0 0.726935 0.517196 0.026786 0.039683
0 0.852679 0.709656 0.022321 0.027778
0 0.838170 0.677910 0.026042 0.033069
0 0.870536 0.593915 0.019345 0.050265
0 0.887277 0.647487 0.020089 0.046296
0 0.124628 0.598545 0.027530 0.038360
0 0.198661 0.492063 0.026786 0.037037
0 0.011905 0.618386 0.022321 0.048942
0 0.852307 0.175926 0.026042 0.034392
1 0.959821 0.115741 0.031250 0.038360
0 0.712054 0.149471 0.022321 0.042328
0 0.739211 0.230159 0.027530 0.026455
0 0.297619 0.228836 0.019345 0.055556
0 0.258185 0.208333 0.020833 0.048942
0 0.249256 0.155423 0.019345 0.054233
0 0.282366 0.150794 0.018601 0.044974
0 0.330729 0.179894 0.021577 0.052910
0 0.151042 0.654101 0.029762 0.041005
0 0.190104 0.625661 0.030506 0.034392
2 0.742932 0.296296 0.064732 0.031746
0 0.595238 0.171296 0.026786 0.041005
3 0.341518 0.242725 0.010417 0.030423
0 0.114211 0.640212 0.029018 0.037037
0 0.220610 0.574074 0.024554 0.031746
0 0.321429 0.442460 0.020833 0.048942
0 0.341146 0.363095 0.012649 0.046296
0 0.199033 0.665344 0.027530 0.031746
0 0.243304 0.593915 0.029762 0.034392
0 0.411830 0.621693 0.029018 0.039683
1 0.488467 0.696429 0.031994 0.046296
1 0.547991 0.765212 0.024554 0.030423
0 0.299479 0.520503 0.029018 0.041005
0 0.370536 0.490741 0.022321 0.026455
0 0.423363 0.464286 0.029762 0.034392
3 0.391369 0.448413 0.011905 0.018519
0 0.496652 0.423280 0.027530 0.031746
0 0.643601 0.646164 0.026786 0.041005
0 0.654390 0.681217 0.027530 0.042328
0 0.670387 0.605159 0.023810 0.041005
0 0.681548 0.634921 0.025298 0.042328
0 0.697917 0.562169 0.025298 0.039683
0 0.740327 0.551587 0.025298 0.037037
0 0.886533 0.374339 0.030506 0.039683
0 0.038690 0.218254 0.028274 0.039683
