0 0.666667 0.609788 0.025298 0.039683
0 0.674479 0.650794 0.027530 0.042328
0 0.853423 0.708333 0.022321 0.027778
0 0.837426 0.675265 0.027530 0.033069
0 0.870908 0.592593 0.020089 0.047619
0 0.889509 0.655423 0.021577 0.046296
0 0.641369 0.941138 0.020833 0.048942
0 0.120536 0.605820 0.031250 0.037037
0 0.196057 0.490079 0.026042 0.035714
0 0.009301 0.621693 0.020089 0.044974
0 0.853051 0.174603 0.027530 0.037037
1 0.959449 0.113757 0.031994 0.042328
0 0.713542 0.148810 0.025298 0.043651
0 0.738839 0.228175 0.031250 0.030423
0 0.293899 0.231481 0.019345 0.055556
0 0.255580 0.208333 0.017113 0.048942
0 0.248884 0.156085 0.018601 0.052910
0 0.281622 0.150794 0.018601 0.044974
0 0.327009 0.182540 0.021577 0.058201
0 0.220982 0.609127 0.028274 0.038360
0 0.291667 0.561508 0.031250 0.035714
0 0.348958 0.199735 0.013393 0.029101
2 0.743304 0.296296 0.063988 0.031746
0 0.593750 0.169974 0.026786 0.041005
3 0.338542 0.240079 0.010417 0.030423
0 0.026414 0.689153 0.029018 0.039683
0 0.149926 0.620370 0.026042 0.039683
0 0.356399 0.473545 0.025298 0.047619
0 0.890625 0.398810 0.026786 0.038360
3 0.101190 0.640873 0.013393 0.019841
0 0.041667 0.710979 0.026786 0.041005
0 0.523810 0.929233 0.020833 0.043651
0 0.549479 0.828704 0.023065 0.043651
0 0.594866 0.809524 0.023065 0.044974
0 0.606399 0.710979 0.023810 0.041005
0 0.634301 0.726852 0.023065 0.041005
0 0.034970 0.221561 0.028274 0.035714
