0 0.851935 0.725529 0.020833 0.027778
0 0.836682 0.693122 0.024554 0.034392
0 0.872024 0.609788 0.016369 0.047619
0 0.880580 0.679233 0.014137 0.043651
0 0.124628 0.593254 0.027530 0.033069
0 0.199777 0.484788 0.026042 0.035714
0 0.011161 0.607143 0.022321 0.052910
0 0.856399 0.189153 0.026786 0.031746
1 0.963542 0.133598 0.031250 0.037037
1 0.717262 0.162037 0.020833 0.041005
0 0.740699 0.242063 0.026042 0.023810
0 0.300967 0.228175 0.018601 0.054233
0 0.260417 0.205688 0.019345 0.043651
0 0.252604 0.153439 0.017113 0.052910
0 0.286086 0.147487 0.017113 0.046296
2 0.752232 0.308862 0.065476 0.030423
0 0.597842 0.179894 0.024554 0.039683
0 0.376860 0.200397 0.018601 0.046296
0 0.397693 0.324074 0.018601 0.039683
0 0.419271 0.413360 0.018601 0.046296
0 0.441220 0.535053 0.014881 0.038360
0 0.210193 0.549603 0.027530 0.033069
0 0.463914 0.756614 0.023065 0.052910
0 0.497396 0.898810 0.018601 0.051587
0 0.449405 0.871032 0.016369 0.041005
3 0.351190 0.061508 0.013393 0.027778
3 0.357887 0.107143 0.010417 0.023810
3 0.337054 0.339947 0.014881 0.039683
3 0.392485 0.598545 0.012649 0.022487
3 0.614583 0.663360 0.014881 0.019841
3 0.493304 0.973545 0.010417 0.021164
0 0.916295 0.314815 0.031994 0.029101
0 0.575149 0.398148 0.025298 0.026455
0 0.206473 0.643519 0.030506 0.038360
1 0.236979 0.623016 0.029018 0.029101
1 0.268601 0.607143 0.029762 0.031746
0 0.969494 0.303571 0.029762 0.033069
0 0.604539 0.386243 0.024554 0.023810
0 0.644717 0.386243 0.029018 0.026455
0 0.646205 0.650132 0.026042 0.038360
0 0.653274 0.690476 0.025298 0.039683
0 0.692708 0.582011 0.025298 0.037037
0 0.697917 0.619048 0.026786 0.042328
0 0.399554 0.438492 0.019345 0.054233
0 0.040551 0.209656 0.027530 0.033069
