0 0.326155 0.368347 0.037815 0.047619
0 0.651261 0.763772 0.044118 0.042951
0 0.725315 0.859944 0.044118 0.041083
0 0.708246 0.730626 0.040441 0.062558
0 0.378151 0.884687 0.035714 0.081232
0 0.426471 0.840336 0.030462 0.070962
0 0.306460 0.274510 0.043592 0.048553
0 0.413603 0.657330 0.044643 0.050420
0 0.465861 0.635854 0.038866 0.046685
0 0.508929 0.620915 0.042017 0.048553
0 0.303309 0.590103 0.046744 0.052288
0 0.359769 0.570962 0.044118 0.047619
0 0.293855 0.475257 0.043592 0.056022
0 0.173057 0.507937 0.038340 0.042951
0 0.242122 0.503268 0.046218 0.046685
0 0.212710 0.429505 0.036765 0.044818
0 0.115546 0.484594 0.045168 0.046685
0 0.142332 0.448179 0.043067 0.041083
0 0.158351 0.401494 0.040441 0.046685
0 0.754989 0.681139 0.042542 0.047619
0 0.660714 0.574230 0.040966 0.044818
0 0.625263 0.493464 0.039391 0.042017
0 0.701155 0.485528 0.040966 0.044818
0 0.796481 0.707750 0.033088 0.039216
0 0.780725 0.642857 0.042542 0.047619
0 0.763393 0.574230 0.042542 0.050420
0 0.806197 0.543417 0.048319 0.050420
0 0.842437 0.729692 0.040966 0.047619
0 0.852941 0.623249 0.044118 0.045752
0 0.897584 0.766573 0.046218 0.050420
0 0.944853 0.675537 0.046218 0.047619
0 0.947742 0.792717 0.045693 0.050420
0 0.989496 0.818394 0.018908 0.053221
1 0.792542 0.764706 0.066176 0.070962
0 0.201155 0.257236 0.044118 0.053221
1 0.052521 0.161064 0.046218 0.055089
0 0.098739 0.371615 0.045168 0.050420
0 0.083508 0.413632 0.040966 0.052288
0 0.053571 0.455649 0.043067 0.048553
0 0.042017 0.341737 0.040966 0.044818
0 0.054097 0.231559 0.045168 0.050420
0 0.893908 0.599440 0.046218 0.054155
0 0.380777 0.958450 0.034664 0.071895
0 0.474265 0.350140 0.049370 0.054155
0 0.655462 0.192344 0.026261 0.069094
0 0.683298 0.126050 0.030462 0.067227
0 0.632353 0.152194 0.032563 0.070962
0 0.709034 0.042017 0.031513 0.067227
0 0.668855 0.062558 0.033088 0.072829
0 0.959559 0.736695 0.044118 0.050420
3 0.517332 0.288982 0.012605 0.025210
