0 0.028099 0.308590 0.037290 0.064426
0 0.030462 0.247899 0.040966 0.060691
0 0.678571 0.254902 0.028361 0.059757
0 0.649160 0.789916 0.043067 0.044818
0 0.574580 0.521008 0.034664 0.072829
0 0.574580 0.785714 0.040966 0.047619
0 0.489758 0.737628 0.027836 0.061625
0 0.539128 0.502801 0.030987 0.066293
2 0.581408 0.302988 0.077731 0.178338
1 0.521796 0.732960 0.034139 0.074697
0 0.851103 0.575163 0.035189 0.044818
0 0.443540 0.888422 0.030987 0.071895
0 0.638393 0.155929 0.028887 0.061625
3 0.139706 0.182073 0.016807 0.018674
0 0.308298 0.588702 0.040966 0.040149
0 0.326681 0.554622 0.037815 0.046685
0 0.335609 0.515873 0.038866 0.045752
0 0.253939 0.557423 0.039391 0.046685
0 0.281513 0.528945 0.037815 0.042017
0 0.288078 0.481793 0.039391 0.046685
0 0.213498 0.525677 0.036239 0.039216
0 0.231880 0.497199 0.040441 0.045752
0 0.240021 0.450980 0.034664 0.039216
0 0.166229 0.505135 0.041492 0.044818
0 0.183036 0.467787 0.040441 0.048553
0 0.199842 0.429972 0.038340 0.045752
0 0.716912 0.674136 0.040966 0.044818
0 0.718225 0.633053 0.036239 0.046685
0 0.722426 0.582166 0.036239 0.040149
0 0.743172 0.555556 0.040966 0.044818
0 0.751050 0.700280 0.034664 0.037348
0 0.770221 0.661531 0.040441 0.047619
0 0.785189 0.622316 0.042017 0.047619
0 0.798582 0.587768 0.040441 0.047619
0 0.789391 0.723623 0.038866 0.044818
0 0.837447 0.753501 0.040441 0.044818
0 0.881303 0.778711 0.043067 0.046685
0 0.925683 0.800654 0.040441 0.047619
1 0.650210 0.204949 0.046218 0.099907
0 0.152574 0.408030 0.040441 0.044818
0 0.122111 0.430439 0.040441 0.056022
0 0.108456 0.476190 0.041492 0.048553
0 0.045693 0.352007 0.045168 0.035481
0 0.065914 0.442110 0.041492 0.049486
0 0.102679 0.281513 0.038340 0.043884
0 0.165441 0.314659 0.044118 0.050420
0 0.063813 0.283380 0.039391 0.045752
2 0.398372 0.416900 0.080357 0.111111
1 0.715336 0.095705 0.029412 0.062558
0 0.914391 0.893091 0.042017 0.049486
0 0.789653 0.819328 0.036239 0.049486
2 0.259454 0.283847 0.087185 0.089636
0 0.489496 0.640523 0.029412 0.065359
0 0.474002 0.614379 0.030987 0.057890
0 0.972426 0.828665 0.048845 0.049486
0 0.039391 0.402428 0.025210 0.067227
0 0.013393 0.409430 0.027836 0.043884
