0 0.035189 0.299253 0.032563 0.055089
0 0.039391 0.235761 0.039916 0.053221
0 0.466124 0.928571 0.034139 0.066293
3 0.514706 0.469188 0.014706 0.023343
3 0.342962 0.948179 0.012605 0.025210
3 0.415704 0.658263 0.009979 0.022409
3 0.570116 0.287582 0.014181 0.029879
0 0.310924 0.588702 0.039916 0.040149
0 0.329044 0.556022 0.038340 0.045752
0 0.339023 0.517740 0.038340 0.045752
0 0.256303 0.556956 0.039916 0.045752
0 0.284926 0.528945 0.038340 0.042017
0 0.290179 0.485528 0.039391 0.046685
0 0.215861 0.528478 0.037815 0.037348
0 0.234506 0.497199 0.040441 0.045752
0 0.243960 0.452381 0.034139 0.040149
0 0.168855 0.504669 0.041492 0.045752
0 0.186450 0.468721 0.039916 0.048553
0 0.153099 0.403828 0.038340 0.045752
0 0.716912 0.681606 0.040966 0.044818
0 0.780987 0.678805 0.040966 0.046685
0 0.721901 0.591503 0.036239 0.040149
0 0.742647 0.561158 0.040966 0.044818
0 0.750263 0.707750 0.034139 0.037348
0 0.908876 0.752101 0.040441 0.047619
0 0.934086 0.721289 0.043592 0.047619
0 0.802521 0.597572 0.040966 0.046685
0 0.789916 0.732026 0.038866 0.044818
0 0.836922 0.760037 0.040441 0.044818
0 0.881565 0.786181 0.042542 0.046685
0 0.925158 0.809057 0.040441 0.045752
0 0.016807 0.356209 0.034664 0.038282
0 0.112132 0.473389 0.041492 0.048553
0 0.069590 0.442110 0.039391 0.049486
0 0.119223 0.288982 0.038866 0.043884
0 0.171218 0.316527 0.044118 0.050420
0 0.076681 0.278245 0.039916 0.041083
2 0.455882 0.838002 0.064076 0.148459
0 0.540441 0.825397 0.037815 0.056022
0 0.669380 0.794585 0.035189 0.037348
1 0.534139 0.624183 0.029412 0.062558
1 0.482668 0.661531 0.084034 0.204482
0 0.374737 0.952848 0.030987 0.071895
0 0.440389 0.700747 0.030987 0.064426
0 0.643382 0.379552 0.028361 0.062558
0 0.590599 0.489729 0.024685 0.073763
0 0.614758 0.338936 0.026786 0.067227
2 0.615021 0.225490 0.059874 0.144725
0 0.714811 0.154062 0.032563 0.065359
0 0.746586 0.075630 0.030987 0.061625
0 0.684086 0.118581 0.029937 0.059757
0 0.656513 0.118114 0.029412 0.062558
0 0.972952 0.838002 0.048845 0.049486
0 0.041229 0.400093 0.025735 0.066293
0 0.014443 0.409430 0.029937 0.043884
