0 0.853423 0.722884 0.022321 0.027778
0 0.836682 0.689815 0.024554 0.027778
0 0.872768 0.607143 0.017857 0.047619
0 0.881696 0.672619 0.013393 0.043651
0 0.125372 0.597222 0.027530 0.033069
0 0.200893 0.487434 0.026786 0.035714
0 0.012277 0.612434 0.023065 0.050265
0 0.857143 0.187169 0.028274 0.030423
1 0.962798 0.130952 0.031250 0.037037
1 0.716518 0.160714 0.020833 0.041005
0 0.740699 0.239418 0.026042 0.023810
0 0.300967 0.229497 0.018601 0.056878
0 0.260417 0.206349 0.019345 0.044974
0 0.252976 0.156746 0.017857 0.054233
0 0.285342 0.151455 0.017113 0.046296
2 0.750744 0.306878 0.065476 0.031746
0 0.597098 0.179894 0.024554 0.039683
0 0.347098 0.059524 0.018601 0.050265
0 0.367560 0.172619 0.016369 0.038360
0 0.385789 0.262566 0.018601 0.046296
0 0.408482 0.380952 0.014881 0.037037
0 0.170387 0.587963 0.026786 0.035714
0 0.459449 0.740079 0.024554 0.051587
0 0.484003 0.833333 0.021577 0.052910
0 0.284598 0.017196 0.020089 0.037037
3 0.325149 0.289683 0.014881 0.039683
3 0.333705 0.554233 0.014137 0.021164
3 0.616071 0.663360 0.014881 0.019841
3 0.474702 0.919312 0.010417 0.021164
0 0.825893 0.346561 0.029762 0.031746
0 0.575149 0.396825 0.025298 0.026455
0 0.207589 0.643519 0.031250 0.038360
1 0.236979 0.623016 0.029018 0.029101
1 0.270089 0.606481 0.032738 0.030423
0 0.893973 0.327381 0.031994 0.030423
0 0.604539 0.384921 0.024554 0.023810
0 0.644717 0.384921 0.029018 0.026455
0 0.646949 0.648148 0.027530 0.039683
0 0.654390 0.688492 0.027530 0.041005
0 0.675223 0.608466 0.027530 0.039683
0 0.691220 0.629630 0.026786 0.042328
0 0.958333 0.318122 0.029762 0.035714
0 0.415551 0.517196 0.020089 0.052910
0 0.042411 0.212302 0.026786 0.033069
