0 0.502976 0.993386 0.022321 0.010582
0 0.853051 0.708995 0.023065 0.029101
0 0.837426 0.675926 0.027530 0.031746
0 0.870164 0.591931 0.020089 0.048942
0 0.887649 0.657407 0.020833 0.047619
0 0.835565 0.456349 0.026786 0.042328
0 0.802083 0.494709 0.025298 0.044974
0 0.123512 0.605159 0.031250 0.035714
0 0.196057 0.494709 0.027530 0.037037
0 0.009301 0.621693 0.020089 0.050265
0 0.852307 0.174603 0.029018 0.034392
1 0.957961 0.114418 0.033482 0.041005
0 0.712798 0.150132 0.025298 0.043651
0 0.738095 0.230820 0.031250 0.030423
0 0.296875 0.231481 0.019345 0.055556
0 0.255952 0.208333 0.017857 0.048942
0 0.247768 0.156746 0.019345 0.051587
0 0.279762 0.152116 0.019345 0.047619
0 0.328497 0.186508 0.021577 0.052910
0 0.314360 0.130952 0.020089 0.050265
0 0.302455 0.063492 0.021577 0.050265
0 0.367560 0.179894 0.020833 0.052910
0 0.334821 0.040344 0.020833 0.051587
0 0.353423 0.219577 0.013393 0.037037
2 0.742560 0.296296 0.065476 0.034392
0 0.592634 0.171296 0.027530 0.041005
3 0.353051 0.322090 0.011161 0.033069
3 0.044271 0.759259 0.017113 0.021164
3 0.382068 0.724868 0.011161 0.023810
3 0.533482 0.787037 0.010417 0.021164
0 0.594866 0.687169 0.014137 0.019841
0 0.484375 0.244048 0.014881 0.017196
0 0.035714 0.221561 0.028274 0.033069
