0 0.026523 0.313725 0.036239 0.067227
0 0.028361 0.251634 0.040966 0.060691
0 0.712710 0.152194 0.027311 0.056022
0 0.701681 0.808590 0.043067 0.044818
0 0.614758 0.410831 0.034139 0.069094
0 0.621586 0.769841 0.040441 0.043884
0 0.524422 0.639589 0.027836 0.061625
0 0.521796 0.549486 0.030987 0.066293
2 0.555672 0.376751 0.075630 0.178338
1 0.565389 0.609244 0.034139 0.073763
0 0.791492 0.538749 0.034664 0.044818
0 0.471901 0.804388 0.030987 0.071895
0 0.613183 0.224090 0.028887 0.061625
0 0.423057 0.936508 0.032038 0.069094
3 0.067227 0.153128 0.016807 0.018674
0 0.308036 0.588702 0.040441 0.040149
0 0.326418 0.554622 0.038340 0.046685
0 0.335084 0.515873 0.038866 0.045752
0 0.253414 0.557423 0.039391 0.046685
0 0.281250 0.528945 0.038340 0.042017
0 0.287553 0.481793 0.039391 0.046685
0 0.212973 0.525677 0.035189 0.039216
0 0.231880 0.497199 0.040441 0.045752
0 0.240021 0.451914 0.034664 0.039216
0 0.165704 0.507003 0.041492 0.044818
0 0.183036 0.467787 0.040441 0.048553
0 0.199842 0.430439 0.038340 0.044818
0 0.716912 0.673203 0.040966 0.044818
0 0.718225 0.632120 0.036239 0.046685
0 0.722952 0.582166 0.036239 0.040149
0 0.743172 0.556489 0.040966 0.044818
0 0.751576 0.700280 0.034664 0.037348
0 0.771271 0.661531 0.040441 0.047619
0 0.778361 0.618581 0.042017 0.047619
0 0.799370 0.587302 0.040966 0.048553
0 0.789653 0.721755 0.039391 0.044818
0 0.953519 0.720822 0.040441 0.044818
0 0.837973 0.752568 0.040441 0.044818
0 0.880777 0.777778 0.043067 0.046685
0 0.925683 0.800654 0.040441 0.047619
1 0.631565 0.261905 0.046744 0.099907
0 0.152048 0.407096 0.040441 0.044818
0 0.132878 0.438375 0.040966 0.047619
0 0.107931 0.476190 0.041492 0.048553
0 0.068540 0.361345 0.042542 0.037348
0 0.065389 0.442110 0.041492 0.049486
0 0.102416 0.281513 0.038866 0.043884
0 0.164916 0.313725 0.044118 0.050420
0 0.062237 0.284781 0.038340 0.046685
3 0.630515 0.037815 0.011029 0.027077
2 0.348739 0.372082 0.085084 0.103641
1 0.742647 0.023810 0.029412 0.047619
0 0.986870 0.931373 0.023109 0.049486
0 0.874737 0.870682 0.036239 0.049486
2 0.188288 0.242764 0.086660 0.089636
0 0.457983 0.736228 0.031513 0.064426
0 0.437500 0.714286 0.030462 0.061625
0 0.972426 0.827731 0.048845 0.049486
0 0.039391 0.402428 0.025210 0.067227
0 0.013130 0.409430 0.027311 0.043884
