0 0.972470 0.283069 0.026786 0.034392
0 0.851935 0.713624 0.023810 0.025132
0 0.837426 0.681217 0.024554 0.029101
0 0.870908 0.598545 0.018601 0.046296
0 0.879836 0.684524 0.017113 0.046296
0 0.123884 0.601190 0.027530 0.033069
0 0.198661 0.490079 0.026786 0.035714
0 0.012649 0.620370 0.023810 0.047619
0 0.853423 0.178571 0.026786 0.031746
1 0.960565 0.119048 0.031250 0.037037
1 0.712054 0.154101 0.020833 0.041005
0 0.738095 0.231481 0.025298 0.023810
0 0.297991 0.229497 0.020089 0.056878
0 0.259301 0.208995 0.020089 0.050265
0 0.248140 0.156746 0.018601 0.054233
0 0.283110 0.152116 0.018601 0.044974
0 0.329985 0.181878 0.023065 0.054233
2 0.741443 0.299603 0.063244 0.033069
0 0.595610 0.171958 0.026042 0.042328
0 0.049479 0.683862 0.029018 0.037037
0 0.223214 0.578042 0.028274 0.034392
0 0.138765 0.628968 0.026042 0.038360
3 0.823661 0.318122 0.011905 0.019841
3 0.319940 0.281746 0.014881 0.039683
3 0.802455 0.209656 0.011161 0.019841
3 0.591890 0.679894 0.014137 0.021164
3 0.349330 0.648148 0.011161 0.021164
3 0.341146 0.238095 0.011161 0.034392
3 0.900298 0.280423 0.017857 0.018519
0 0.555060 0.353175 0.029762 0.031746
0 0.566220 0.394180 0.025298 0.026455
0 0.293155 0.074074 0.019345 0.044974
0 0.042783 0.722884 0.033482 0.038360
0 0.206473 0.648148 0.030506 0.037037
1 0.238467 0.626984 0.027530 0.029101
1 0.278274 0.605159 0.029762 0.033069
0 0.607515 0.341931 0.030506 0.030423
0 0.595238 0.381614 0.026786 0.022487
0 0.636533 0.380952 0.029018 0.026455
3 0.762649 0.345238 0.014881 0.015873
0 0.647693 0.645503 0.027530 0.039683
0 0.654018 0.681217 0.026786 0.042328
0 0.671131 0.605820 0.026786 0.042328
0 0.683408 0.632937 0.027530 0.046296
0 0.700521 0.560185 0.026042 0.038360
0 0.620164 0.746032 0.026042 0.034392
0 0.038690 0.216931 0.025298 0.037037
