0 0.652902 0.635582 0.024554 0.041005
0 0.647321 0.695767 0.025298 0.042328
0 0.853423 0.708333 0.022321 0.027778
0 0.837426 0.675265 0.027530 0.033069
0 0.870536 0.592593 0.019345 0.047619
0 0.889509 0.656746 0.021577 0.048942
0 0.655878 0.853175 0.018601 0.042328
0 0.634673 0.966931 0.013393 0.047619
0 0.122768 0.603175 0.031250 0.037037
0 0.196057 0.490079 0.026042 0.035714
0 0.009301 0.621693 0.020089 0.044974
0 0.853051 0.174603 0.027530 0.037037
1 0.959449 0.113757 0.031994 0.042328
0 0.713542 0.148810 0.025298 0.043651
0 0.738839 0.229497 0.031250 0.030423
0 0.294643 0.231481 0.019345 0.055556
0 0.255580 0.208333 0.017113 0.048942
0 0.248884 0.156085 0.018601 0.052910
0 0.281622 0.150794 0.018601 0.044974
0 0.327381 0.181878 0.020833 0.056878
0 0.257440 0.586640 0.026786 0.038360
0 0.324405 0.527778 0.028274 0.039683
0 0.353423 0.214286 0.013393 0.031746
2 0.743304 0.296296 0.063988 0.031746
0 0.593750 0.169974 0.026786 0.041005
3 0.338542 0.240079 0.010417 0.030423
0 0.122024 0.641534 0.023810 0.037037
0 0.373884 0.413360 0.023065 0.048942
0 0.937500 0.361772 0.026786 0.038360
3 0.068452 0.664683 0.011905 0.019841
0 0.527158 0.896164 0.021577 0.043651
0 0.577753 0.861772 0.024554 0.046296
0 0.578125 0.761905 0.023810 0.042328
0 0.611979 0.776455 0.024554 0.042328
0 0.034970 0.221561 0.028274 0.035714
