0 0.024160 0.336134 0.027311 0.072829
0 0.022321 0.269374 0.035189 0.066293
0 0.964023 0.958450 0.038340 0.051354
0 0.748162 0.030812 0.028887 0.046685
0 0.867122 0.826797 0.040966 0.043884
0 0.647059 0.289449 0.028361 0.056022
0 0.426471 0.828198 0.031513 0.072829
2 0.461134 0.647059 0.075630 0.181139
1 0.716912 0.153128 0.030462 0.067227
0 0.679359 0.409430 0.023634 0.058824
0 0.599527 0.433707 0.030987 0.062558
0 0.519433 0.484594 0.028361 0.061625
0 0.544905 0.602708 0.032038 0.068161
0 0.674632 0.130252 0.027836 0.056956
0 0.627889 0.167600 0.030987 0.056956
0 0.636555 0.204015 0.029412 0.055089
0 0.306985 0.588702 0.040441 0.040149
0 0.325630 0.554155 0.037815 0.047619
0 0.333508 0.514939 0.038866 0.045752
0 0.252363 0.557890 0.039391 0.047619
0 0.279937 0.528945 0.037815 0.042017
0 0.285977 0.481793 0.039391 0.046685
0 0.212185 0.526144 0.034664 0.040149
0 0.231355 0.498133 0.040441 0.045752
0 0.240021 0.451914 0.034664 0.039216
0 0.164128 0.507003 0.041492 0.044818
0 0.182773 0.467320 0.040966 0.049486
0 0.199317 0.430439 0.038340 0.044818
0 0.716912 0.671335 0.040966 0.044818
0 0.718225 0.629318 0.036239 0.046685
0 0.725053 0.580299 0.036239 0.040149
0 0.743697 0.549953 0.040966 0.044818
0 0.753151 0.700280 0.034664 0.037348
0 0.774422 0.662465 0.040441 0.047619
0 0.776786 0.612979 0.042017 0.047619
0 0.802258 0.584967 0.042542 0.049486
0 0.791754 0.720822 0.039391 0.044818
0 0.841387 0.653595 0.040966 0.044818
0 0.839548 0.751634 0.040441 0.044818
0 0.880777 0.774977 0.043067 0.046685
0 0.926733 0.798786 0.040441 0.047619
1 0.580882 0.411765 0.044118 0.104575
1 0.460347 0.804855 0.032038 0.078431
0 0.580620 0.281513 0.029937 0.060691
0 0.149947 0.404295 0.040441 0.044818
0 0.136555 0.440243 0.040966 0.043884
0 0.106355 0.476190 0.041492 0.048553
0 0.102416 0.379085 0.040966 0.039216
0 0.064338 0.442110 0.041492 0.049486
0 0.099002 0.280579 0.038340 0.043884
0 0.154412 0.309524 0.044118 0.049486
0 0.056197 0.289916 0.035714 0.049486
0 0.613708 0.282913 0.030987 0.067227
1 0.501576 0.795051 0.053571 0.124183
2 0.131828 0.223156 0.089286 0.084034
0 0.972426 0.824930 0.048845 0.049486
0 0.037815 0.401494 0.025210 0.067227
0 0.011029 0.409430 0.023109 0.043884
