0 0.726935 0.517196 0.026786 0.039683
0 0.853423 0.708333 0.022321 0.027778
0 0.837426 0.674603 0.027530 0.034392
0 0.871652 0.592593 0.020089 0.047619
0 0.887277 0.644180 0.021577 0.050265
0 0.124628 0.599206 0.029018 0.037037
0 0.198289 0.490741 0.026042 0.034392
0 0.011161 0.619048 0.022321 0.047619
0 0.853051 0.171958 0.026042 0.034392
1 0.959449 0.113757 0.031994 0.042328
0 0.712798 0.148810 0.023810 0.043651
0 0.738839 0.229497 0.031250 0.030423
0 0.296131 0.228836 0.019345 0.055556
0 0.257812 0.208333 0.020089 0.048942
0 0.249256 0.155423 0.019345 0.054233
0 0.282366 0.150794 0.018601 0.044974
0 0.332217 0.177910 0.024554 0.048942
0 0.158110 0.648148 0.029018 0.039683
0 0.193452 0.625000 0.028274 0.033069
2 0.743304 0.296296 0.063988 0.031746
0 0.593750 0.169974 0.026786 0.041005
3 0.340774 0.242725 0.010417 0.030423
0 0.092262 0.654762 0.022321 0.034392
0 0.290179 0.496693 0.025298 0.041005
0 0.323289 0.430556 0.018601 0.043651
0 0.325893 0.644841 0.028274 0.033069
0 0.248884 0.589286 0.030506 0.035714
0 0.505580 0.712963 0.029018 0.039683
1 0.583705 0.738757 0.031994 0.033069
1 0.648065 0.741402 0.025298 0.038360
0 0.178199 0.594577 0.029018 0.035714
0 0.278274 0.544312 0.025298 0.027778
0 0.338170 0.510582 0.029018 0.037037
3 0.322173 0.488757 0.013393 0.019841
0 0.393973 0.481481 0.027530 0.037037
0 0.640253 0.650794 0.026042 0.042328
0 0.655506 0.680556 0.026786 0.041005
0 0.668899 0.606481 0.023810 0.041005
0 0.681176 0.634921 0.024554 0.042328
0 0.698289 0.561508 0.026042 0.038360
0 0.710938 0.591270 0.024554 0.037037
0 0.037574 0.218254 0.029018 0.039683
