0 0.981092 0.494865 0.035714 0.061625
0 0.845063 0.766573 0.065126 0.084034
0 0.909139 0.395425 0.064076 0.075630
0 0.952731 0.550420 0.059874 0.068161
0 0.892595 0.600840 0.059349 0.077498
0 0.968225 0.909897 0.054097 0.086835
0 0.936975 0.955182 0.069328 0.050420
0 0.806723 0.537815 0.034664 0.102708
0 0.768908 0.577965 0.047269 0.095238
0 0.722426 0.603641 0.035189 0.099907
0 0.687763 0.545752 0.055147 0.103641
0 0.633141 0.460784 0.048845 0.103641
0 0.592700 0.309524 0.045693 0.098039
0 0.580095 0.591036 0.040441 0.115780
0 0.519958 0.481326 0.061975 0.062558
0 0.517857 0.423903 0.059874 0.056022
0 0.607405 0.225023 0.043592 0.093371
0 0.560137 0.120448 0.040441 0.089636
1 0.459821 0.043884 0.057248 0.089636
0 0.461397 0.179272 0.049895 0.056022
0 0.549370 0.681606 0.056723 0.072829
0 0.561187 0.862278 0.064601 0.084967
0 0.459296 0.956116 0.066702 0.085901
3 0.616071 0.936508 0.025210 0.044818
