0 0.761817 0.163399 0.062500 0.069094
0 0.960609 0.227824 0.051471 0.063492
0 0.977416 0.102708 0.040966 0.078431
0 0.882353 0.359477 0.040966 0.093371
0 0.854254 0.129318 0.040441 0.088702
0 0.668067 0.140990 0.047269 0.087768
0 0.738445 0.239963 0.044118 0.087768
0 0.703519 0.322129 0.041492 0.089636
0 0.876313 0.457983 0.064601 0.071895
0 0.905462 0.499533 0.066176 0.069094
0 0.892069 0.566293 0.068803 0.066293
0 0.832721 0.512138 0.045693 0.094304
0 0.822216 0.588702 0.063550 0.062558
0 0.774160 0.697012 0.045168 0.099907
0 0.619748 0.332400 0.035714 0.095238
0 0.602941 0.399627 0.055672 0.080299
0 0.569853 0.457983 0.047269 0.099907
0 0.526523 0.430906 0.033088 0.105509
0 0.460084 0.404762 0.056723 0.083100
0 0.382353 0.296919 0.056723 0.080299
0 0.775473 0.887488 0.071954 0.090570
0 0.567227 0.836601 0.035714 0.123249
0 0.443540 0.556022 0.056197 0.105509
0 0.364233 0.513072 0.062500 0.077498
0 0.346901 0.464519 0.059349 0.077498
0 0.375000 0.210551 0.054622 0.086835
0 0.303046 0.153128 0.051471 0.078431
1 0.182773 0.144725 0.073529 0.102708
0 0.228204 0.286648 0.050945 0.078431
0 0.671744 0.953782 0.056723 0.086835
0 0.441176 0.668067 0.049370 0.088702
0 0.499475 0.815126 0.052521 0.110177
0 0.437237 0.963585 0.049895 0.065359
3 0.654937 0.583567 0.025210 0.056022
3 0.887080 0.234827 0.018908 0.043884
3 0.757353 0.583567 0.016807 0.042951
3 0.748424 0.687208 0.017857 0.056022
