0 0.024685 0.337068 0.027311 0.072829
0 0.022321 0.268441 0.035189 0.066293
0 0.933036 0.939776 0.041492 0.051354
0 0.737658 0.058357 0.028887 0.060691
0 0.838235 0.812792 0.040966 0.043884
0 0.635504 0.324930 0.028361 0.056022
0 0.437500 0.795518 0.031513 0.072829
2 0.471113 0.618114 0.075630 0.179272
1 0.703782 0.193277 0.030462 0.067227
0 0.684611 0.427638 0.026786 0.057890
0 0.587973 0.469188 0.030987 0.062558
0 0.528361 0.459384 0.028361 0.061625
0 0.532300 0.635387 0.032038 0.068161
0 0.681460 0.114379 0.027836 0.056956
0 0.635767 0.150794 0.030987 0.056956
0 0.641807 0.187208 0.029412 0.055089
0 0.306985 0.588702 0.040441 0.040149
0 0.325630 0.554155 0.037815 0.047619
0 0.333771 0.514939 0.039391 0.045752
0 0.252626 0.557890 0.039916 0.047619
0 0.279937 0.528945 0.037815 0.042017
0 0.286502 0.481793 0.039391 0.046685
0 0.212185 0.525677 0.034664 0.039216
0 0.231355 0.498133 0.040441 0.045752
0 0.240021 0.451914 0.034664 0.039216
0 0.164128 0.507003 0.041492 0.044818
0 0.182773 0.467320 0.040966 0.049486
0 0.199317 0.430439 0.038340 0.044818
0 0.716912 0.671335 0.040966 0.044818
0 0.718225 0.629318 0.036239 0.046685
0 0.725053 0.580299 0.036239 0.040149
0 0.742647 0.549953 0.040966 0.044818
0 0.753151 0.700280 0.034664 0.037348
0 0.773897 0.662465 0.040441 0.047619
0 0.776261 0.612979 0.042017 0.047619
0 0.801996 0.584967 0.043067 0.049486
0 0.791229 0.720822 0.039391 0.044818
0 0.847164 0.656396 0.040966 0.044818
0 0.839023 0.751634 0.040441 0.044818
0 0.880777 0.774977 0.043067 0.046685
0 0.926733 0.798786 0.040441 0.047619
1 0.584034 0.402428 0.045168 0.104575
1 0.454044 0.829132 0.032038 0.078431
0 0.590336 0.261438 0.029412 0.061625
0 0.149947 0.404295 0.040441 0.044818
0 0.137080 0.440243 0.040966 0.043884
0 0.106355 0.476190 0.041492 0.048553
0 0.102416 0.378151 0.040966 0.039216
0 0.064338 0.442110 0.041492 0.049486
0 0.100578 0.282446 0.038340 0.043884
0 0.156513 0.310458 0.044118 0.049486
0 0.057248 0.288982 0.035714 0.049486
0 0.618960 0.268908 0.030987 0.067227
1 0.492122 0.824463 0.055672 0.126984
2 0.153887 0.235294 0.087185 0.084034
0 0.972426 0.825864 0.048845 0.049486
0 0.037815 0.401494 0.025210 0.067227
0 0.011292 0.409430 0.023634 0.043884
