0 0.858631 0.363757 0.026786 0.039683
0 0.851562 0.712302 0.023065 0.025132
0 0.837426 0.680556 0.024554 0.030423
0 0.870908 0.596561 0.018601 0.044974
0 0.883185 0.669312 0.019345 0.044974
0 0.122396 0.602513 0.027530 0.033069
0 0.198661 0.491402 0.026786 0.035714
0 0.011905 0.619709 0.023810 0.048942
0 0.853423 0.177249 0.026786 0.031746
1 0.960565 0.117725 0.031250 0.037037
1 0.712054 0.152778 0.020833 0.041005
0 0.738095 0.231481 0.025298 0.023810
0 0.297991 0.229497 0.020089 0.056878
0 0.258929 0.208995 0.020833 0.050265
0 0.247768 0.156085 0.019345 0.055556
0 0.283110 0.152116 0.018601 0.044974
0 0.329985 0.178571 0.023065 0.047619
0 0.028274 0.732143 0.028274 0.035714
2 0.741443 0.298280 0.063244 0.033069
0 0.595610 0.171958 0.026042 0.042328
0 0.113467 0.642857 0.030506 0.034392
0 0.011533 0.708333 0.024554 0.038360
3 0.751488 0.336640 0.011905 0.019841
3 0.319196 0.281746 0.014881 0.039683
3 0.802455 0.207011 0.011161 0.019841
3 0.569196 0.707011 0.011905 0.027778
3 0.303943 0.636243 0.011161 0.015873
3 0.335565 0.211640 0.011905 0.034392
3 0.327381 0.065476 0.008929 0.022487
3 0.814732 0.314153 0.017857 0.019841
0 0.483631 0.387566 0.028274 0.037037
0 0.524926 0.412037 0.024554 0.027778
0 0.314732 0.197751 0.020833 0.048942
0 0.294271 0.096561 0.021577 0.042328
0 0.125744 0.666667 0.032738 0.037037
0 0.220238 0.639550 0.029762 0.033069
1 0.275670 0.605159 0.031994 0.033069
1 0.334077 0.596561 0.028274 0.021164
0 0.568080 0.349868 0.030506 0.027778
0 0.569568 0.390212 0.024554 0.023810
0 0.623884 0.380952 0.029018 0.026455
3 0.645089 0.342593 0.011905 0.015873
0 0.910342 0.305556 0.027530 0.037037
0 0.646949 0.644180 0.027530 0.039683
0 0.654018 0.681217 0.026786 0.042328
0 0.670387 0.605820 0.026786 0.042328
0 0.681176 0.634259 0.027530 0.046296
0 0.697917 0.562831 0.025298 0.041005
0 0.680432 0.678571 0.026042 0.042328
0 0.037946 0.217593 0.025298 0.038360
