0 0.306197 0.348273 0.037815 0.048553
0 0.678571 0.776844 0.046218 0.050420
0 0.754989 0.869281 0.044643 0.046685
0 0.735294 0.750700 0.040966 0.061625
0 0.356618 0.946312 0.035714 0.081232
0 0.408876 0.889823 0.029937 0.070962
0 0.271008 0.253035 0.044118 0.048553
0 0.438813 0.669468 0.044643 0.050420
0 0.495273 0.651727 0.038866 0.046685
0 0.547532 0.650327 0.041492 0.051354
0 0.328519 0.608777 0.046744 0.056022
0 0.391282 0.585434 0.044118 0.044818
0 0.312237 0.486461 0.043592 0.056022
0 0.175420 0.507003 0.038866 0.042951
0 0.261555 0.513539 0.046218 0.048553
0 0.220851 0.432306 0.036239 0.044818
0 0.117384 0.484594 0.044643 0.046685
0 0.144958 0.448179 0.043067 0.041083
0 0.159664 0.401494 0.039916 0.046685
0 0.754989 0.681139 0.042542 0.047619
0 0.635504 0.559290 0.040966 0.044818
0 0.597426 0.479458 0.039391 0.042017
0 0.679622 0.476190 0.040966 0.044818
0 0.796481 0.707750 0.033088 0.039216
0 0.774422 0.639122 0.042542 0.047619
0 0.745011 0.563959 0.042542 0.050420
0 0.796218 0.536881 0.048319 0.050420
0 0.842437 0.729692 0.040966 0.047619
0 0.840861 0.614379 0.044118 0.044818
0 0.897584 0.766573 0.046218 0.050420
0 0.944853 0.675537 0.046218 0.047619
0 0.947742 0.792717 0.045693 0.050420
0 0.989496 0.818394 0.018908 0.053221
1 0.818277 0.780579 0.066176 0.070962
0 0.170693 0.238095 0.044118 0.052288
1 0.016282 0.138189 0.033613 0.056022
0 0.099265 0.369748 0.045168 0.050420
0 0.083508 0.413632 0.040966 0.052288
0 0.054097 0.454715 0.043067 0.048553
0 0.041492 0.338936 0.040966 0.044818
0 0.054097 0.231559 0.045168 0.050420
0 0.881303 0.590103 0.046218 0.054155
0 0.362920 0.986928 0.034664 0.026144
0 0.451155 0.348273 0.049370 0.044818
0 0.655987 0.192344 0.026261 0.069094
0 0.683298 0.126050 0.030462 0.067227
0 0.631828 0.155929 0.032563 0.070962
0 0.709034 0.042017 0.031513 0.067227
0 0.664128 0.077498 0.033088 0.072829
0 0.945903 0.727358 0.044118 0.050420
3 0.506040 0.293651 0.015231 0.023343
