0 0.805432 0.420635 0.027530 0.039683
0 0.852307 0.710979 0.023065 0.025132
0 0.837426 0.680556 0.024554 0.030423
0 0.871652 0.595238 0.018601 0.044974
0 0.884673 0.664021 0.019345 0.044974
0 0.123512 0.600529 0.028274 0.031746
0 0.198661 0.491402 0.026786 0.035714
0 0.011905 0.619709 0.023810 0.048942
0 0.853423 0.177249 0.026786 0.031746
1 0.960565 0.117725 0.031250 0.037037
1 0.712054 0.151455 0.020833 0.041005
0 0.738095 0.231481 0.025298 0.023810
0 0.297991 0.229497 0.020089 0.056878
0 0.258929 0.208995 0.020833 0.050265
0 0.248140 0.156085 0.020089 0.055556
0 0.283110 0.152116 0.018601 0.044974
0 0.329613 0.177910 0.023810 0.051587
0 0.010789 0.750661 0.023065 0.038360
0 0.078497 0.696429 0.031994 0.035714
2 0.742188 0.298280 0.064732 0.033069
0 0.595610 0.171958 0.026042 0.042328
0 0.045015 0.682540 0.030506 0.037037
3 0.708333 0.328042 0.008929 0.018519
3 0.319940 0.281746 0.014881 0.039683
3 0.802455 0.205688 0.011161 0.019841
3 0.552455 0.750000 0.011161 0.031746
3 0.277158 0.640212 0.011161 0.015873
3 0.331845 0.190476 0.011905 0.034392
3 0.333333 0.134259 0.008929 0.022487
3 0.774926 0.320767 0.018601 0.019841
0 0.419643 0.427910 0.026786 0.038360
0 0.475818 0.430556 0.024554 0.030423
0 0.327753 0.257937 0.020089 0.050265
0 0.308408 0.165344 0.021577 0.042328
0 0.164807 0.640212 0.031994 0.037037
0 0.250744 0.618386 0.028274 0.033069
1 0.312872 0.587302 0.031994 0.031746
1 0.371280 0.607804 0.026786 0.033069
0 0.526786 0.365079 0.032738 0.037037
0 0.537574 0.400794 0.024554 0.023810
0 0.598586 0.383598 0.029018 0.026455
3 0.589658 0.348545 0.011161 0.019841
0 0.834449 0.335979 0.027530 0.026455
0 0.646205 0.642857 0.027530 0.039683
0 0.653646 0.680556 0.026042 0.043651
0 0.671131 0.603175 0.025298 0.042328
0 0.680432 0.634259 0.027530 0.046296
0 0.695685 0.560847 0.025298 0.039683
0 0.938244 0.314153 0.026786 0.033069
0 0.716518 0.615079 0.023810 0.047619
0 0.037946 0.217593 0.025298 0.038360
