0 0.756696 0.478836 0.025298 0.042328
0 0.853051 0.710979 0.023065 0.025132
0 0.837426 0.679894 0.024554 0.031746
0 0.872024 0.593915 0.019345 0.044974
0 0.886533 0.657407 0.020089 0.044974
0 0.123512 0.598545 0.026786 0.035714
0 0.198661 0.491402 0.026786 0.035714
0 0.011905 0.619048 0.023810 0.050265
0 0.853423 0.177249 0.026786 0.031746
1 0.960565 0.117725 0.031250 0.037037
1 0.712054 0.150132 0.020833 0.041005
0 0.738839 0.231481 0.025298 0.023810
0 0.297991 0.229497 0.020089 0.056878
0 0.258929 0.208995 0.020833 0.050265
0 0.248512 0.155423 0.019345 0.054233
0 0.283110 0.151455 0.018601 0.043651
0 0.329613 0.179233 0.023810 0.051587
0 0.065476 0.710317 0.028274 0.037037
0 0.129464 0.665344 0.028274 0.039683
2 0.742932 0.294312 0.064732 0.033069
0 0.596354 0.171958 0.026042 0.042328
3 0.670387 0.297619 0.010417 0.018519
3 0.320685 0.281746 0.014881 0.039683
3 0.804315 0.210979 0.011905 0.019841
3 0.538318 0.840608 0.011161 0.033069
3 0.242932 0.658730 0.011161 0.015873
3 0.326637 0.162698 0.011905 0.034392
3 0.345238 0.199074 0.008929 0.022487
3 0.733259 0.317460 0.017113 0.018519
3 0.968750 0.232804 0.017857 0.018519
0 0.332961 0.490741 0.026042 0.039683
0 0.401414 0.467593 0.024554 0.030423
0 0.336682 0.319444 0.017113 0.046296
0 0.324033 0.238095 0.021577 0.042328
0 0.204985 0.616402 0.031994 0.037037
0 0.298735 0.591270 0.027530 0.031746
1 0.360491 0.588624 0.030506 0.029101
1 0.421503 0.658069 0.026042 0.038360
0 0.457961 0.402778 0.029018 0.038360
0 0.488095 0.424603 0.023810 0.023810
0 0.552827 0.399471 0.028274 0.029101
3 0.524182 0.367725 0.012649 0.018519
0 0.738467 0.359788 0.027530 0.023810
0 0.646205 0.641534 0.027530 0.039683
0 0.654018 0.680556 0.026786 0.046296
0 0.671131 0.601190 0.025298 0.041005
0 0.682664 0.633598 0.027530 0.044974
0 0.697917 0.559524 0.023810 0.039683
0 0.857515 0.380291 0.026042 0.035714
0 0.768601 0.517196 0.026786 0.047619
0 0.038318 0.217593 0.026042 0.038360
