0 0.851366 0.392624 0.053571 0.088702
0 0.410189 0.654528 0.066176 0.117647
0 0.667017 0.883287 0.066176 0.061625
0 0.707458 0.795518 0.059874 0.104575
0 0.764443 0.707750 0.056197 0.117647
0 0.821166 0.592904 0.054097 0.104575
0 0.482143 0.926237 0.060924 0.104575
0 0.927521 0.497199 0.058824 0.058824
0 0.878939 0.464052 0.056197 0.095238
0 0.948004 0.453782 0.063025 0.056022
0 0.932773 0.372549 0.047269 0.078431
0 0.646534 0.449113 0.044118 0.100840
0 0.549370 0.639589 0.056723 0.098973
0 0.745536 0.301587 0.053046 0.093371
0 0.783613 0.225957 0.059874 0.061625
0 0.718750 0.193744 0.060399 0.060691
0 0.899685 0.196545 0.051471 0.084967
0 0.440389 0.771242 0.068803 0.067227
0 0.841649 0.140523 0.049895 0.088702
0 0.879727 0.072829 0.050420 0.082166
3 0.630252 0.841737 0.019958 0.043884
3 0.924895 0.298786 0.022059 0.041083
3 0.809874 0.302988 0.022059 0.043884
3 0.860557 0.197479 0.019433 0.040149
3 0.690389 0.380019 0.025735 0.041083
3 0.604254 0.567694 0.014181 0.037348
3 0.828519 0.219421 0.024685 0.044818
