0 0.361082 0.958450 0.030987 0.068161
0 0.730042 0.068627 0.031513 0.062558
0 0.459034 0.733894 0.022059 0.067227
0 0.500263 0.886088 0.037290 0.067227
0 0.596113 0.472456 0.023109 0.067227
0 0.503414 0.506069 0.030987 0.072829
0 0.542017 0.452848 0.028361 0.059757
0 0.570641 0.296919 0.034139 0.065359
0 0.302521 0.590103 0.047269 0.052288
0 0.317752 0.548553 0.037815 0.047619
0 0.327994 0.509804 0.039391 0.044818
0 0.240809 0.558824 0.039391 0.047619
0 0.271271 0.521475 0.038340 0.042017
0 0.273897 0.471989 0.044643 0.049486
0 0.195116 0.521008 0.038340 0.041083
0 0.214548 0.488796 0.042542 0.047619
0 0.225840 0.444444 0.034664 0.039216
0 0.143908 0.497666 0.044118 0.048553
0 0.163078 0.457049 0.044643 0.049486
0 0.182511 0.423436 0.038340 0.045752
0 0.732405 0.676471 0.042542 0.047619
0 0.731880 0.628852 0.039391 0.047619
0 0.736345 0.576564 0.036765 0.040149
0 0.758141 0.549020 0.040441 0.044818
0 0.768908 0.702148 0.034664 0.037348
0 0.788603 0.663399 0.040441 0.047619
0 0.792017 0.614379 0.042017 0.046685
0 0.821691 0.579832 0.045693 0.050420
0 0.809611 0.725490 0.039391 0.044818
0 0.848739 0.645191 0.040966 0.044818
0 0.859506 0.756303 0.043592 0.050420
0 0.902836 0.673203 0.044118 0.050420
0 0.907038 0.781046 0.045168 0.055089
0 0.956408 0.809057 0.043067 0.049486
0 0.713235 0.837068 0.040966 0.049486
1 0.581933 0.605042 0.048319 0.110177
0 0.445903 0.596639 0.026261 0.067227
1 0.408876 0.436041 0.040441 0.061625
0 0.309349 0.344071 0.037815 0.045752
0 0.129464 0.393091 0.040441 0.044818
0 0.113708 0.429038 0.042542 0.047619
0 0.086397 0.467787 0.042542 0.050420
0 0.077206 0.366013 0.040966 0.039216
0 0.042805 0.437442 0.042542 0.053221
0 0.032563 0.237628 0.040966 0.040149
0 0.091124 0.265173 0.047794 0.052288
0 0.027311 0.269374 0.039916 0.049486
0 0.515756 0.554622 0.031513 0.070962
0 0.637342 0.150794 0.032038 0.068161
0 0.648634 0.197946 0.028361 0.061625
0 0.680410 0.124183 0.028887 0.063492
1 0.672794 0.275444 0.056723 0.123249
0 0.990809 0.835201 0.015231 0.049486
0 0.011817 0.390289 0.024685 0.067227
