0 0.030200 0.302521 0.037290 0.061625
0 0.032563 0.241830 0.040966 0.057890
0 0.986870 0.974323 0.025210 0.049486
0 0.632878 0.392157 0.028361 0.061625
0 0.594013 0.787115 0.043067 0.044818
0 0.523109 0.655462 0.034664 0.072829
0 0.517595 0.831466 0.035189 0.056956
0 0.451418 0.851074 0.027836 0.060691
0 0.562763 0.442110 0.030987 0.066293
2 0.612658 0.218487 0.073004 0.173669
1 0.470326 0.879552 0.034139 0.074697
0 0.956145 0.634454 0.038340 0.045752
0 0.662553 0.088702 0.028887 0.061625
3 0.236345 0.225490 0.016807 0.019608
0 0.308561 0.588702 0.040441 0.040149
0 0.327206 0.555556 0.037815 0.046685
0 0.336134 0.516340 0.038866 0.044818
0 0.254202 0.557423 0.039916 0.046685
0 0.282038 0.528945 0.037815 0.042017
0 0.288603 0.481793 0.039391 0.046685
0 0.213761 0.525677 0.036765 0.039216
0 0.231880 0.497199 0.040441 0.045752
0 0.240021 0.450980 0.034664 0.039216
0 0.166754 0.503268 0.041492 0.044818
0 0.183824 0.468721 0.039916 0.048553
0 0.199842 0.429972 0.038340 0.045752
0 0.716912 0.674136 0.040966 0.044818
0 0.718225 0.633987 0.036239 0.046685
0 0.721376 0.583100 0.036239 0.040149
0 0.743435 0.553688 0.040441 0.044818
0 0.750525 0.700280 0.034664 0.037348
0 0.770221 0.661531 0.040441 0.047619
0 0.790441 0.626984 0.042017 0.047619
0 0.799370 0.589636 0.040966 0.047619
0 0.789391 0.724556 0.038866 0.044818
0 0.836922 0.754435 0.040441 0.044818
0 0.881303 0.778711 0.043067 0.046685
0 0.925158 0.800654 0.040441 0.047619
1 0.677784 0.126050 0.045693 0.102708
0 0.149947 0.403361 0.040441 0.044818
0 0.095326 0.405696 0.040441 0.056956
0 0.108981 0.475257 0.041492 0.048553
0 0.065914 0.442110 0.041492 0.049486
0 0.102941 0.280579 0.038866 0.043884
0 0.166492 0.314659 0.044118 0.050420
0 0.065914 0.281513 0.040441 0.043884
2 0.446429 0.489729 0.069328 0.135387
1 0.680147 0.196545 0.029412 0.062558
0 0.810924 0.834267 0.042017 0.049486
0 0.695641 0.762372 0.036239 0.049486
2 0.347164 0.336601 0.087185 0.083100
0 0.518120 0.557423 0.027836 0.067227
0 0.509454 0.513539 0.029412 0.057890
0 0.972426 0.829599 0.048845 0.049486
0 0.039391 0.401494 0.025210 0.067227
0 0.013655 0.409430 0.028361 0.043884
