0 0.853423 0.715608 0.023810 0.023810
0 0.836682 0.684524 0.024554 0.027778
0 0.871652 0.599868 0.018601 0.046296
0 0.880208 0.699735 0.014881 0.047619
0 0.126116 0.597222 0.027530 0.033069
0 0.199405 0.488757 0.026786 0.035714
0 0.013393 0.615079 0.023810 0.050265
0 0.854167 0.181217 0.026786 0.031746
1 0.960565 0.121693 0.031250 0.037037
1 0.714286 0.155423 0.020833 0.041005
0 0.739211 0.232804 0.026042 0.023810
0 0.299107 0.229497 0.019345 0.056878
0 0.260417 0.208333 0.019345 0.048942
0 0.249628 0.156746 0.018601 0.054233
0 0.283854 0.152116 0.018601 0.044974
0 0.324033 0.139550 0.020089 0.056878
2 0.743676 0.302249 0.063244 0.033069
0 0.596354 0.173280 0.026042 0.042328
0 0.224702 0.579365 0.028274 0.034392
0 0.343750 0.588624 0.028274 0.042328
0 0.297247 0.492725 0.023065 0.046296
3 0.935268 0.274471 0.014881 0.019841
3 0.321429 0.281746 0.014881 0.039683
3 0.107887 0.642857 0.014881 0.021164
3 0.802455 0.212963 0.011161 0.021164
3 0.604167 0.671296 0.014881 0.019841
3 0.399182 0.722222 0.011161 0.023810
3 0.332961 0.191799 0.011161 0.034392
0 0.593750 0.347884 0.028274 0.029101
0 0.574405 0.392857 0.025298 0.026455
0 0.207589 0.646164 0.031250 0.038360
1 0.237723 0.625000 0.029018 0.027778
1 0.269717 0.612434 0.031994 0.037037
0 0.666667 0.339286 0.031250 0.027778
0 0.602679 0.381614 0.025298 0.022487
0 0.642485 0.380952 0.029018 0.026455
3 0.973958 0.291005 0.014881 0.018519
0 0.647693 0.645503 0.027530 0.039683
0 0.654018 0.683862 0.026786 0.042328
0 0.673363 0.605820 0.026786 0.042328
0 0.686756 0.628307 0.028274 0.044974
0 0.721354 0.533730 0.026042 0.038360
0 0.525670 0.739418 0.027530 0.037037
0 0.040923 0.216270 0.025298 0.035714
