0 0.025735 0.323529 0.027311 0.066293
0 0.024947 0.258170 0.037290 0.064426
0 0.750263 0.047619 0.027836 0.056022
0 0.768382 0.843137 0.042017 0.048553
0 0.659664 0.283847 0.032563 0.065359
0 0.686712 0.766106 0.040441 0.043884
0 0.562763 0.530345 0.027836 0.056022
0 0.498162 0.616713 0.030987 0.066293
2 0.526786 0.458917 0.075630 0.178338
1 0.615021 0.460317 0.031513 0.069094
0 0.743435 0.509804 0.037290 0.044818
0 0.511817 0.686741 0.030987 0.071895
0 0.583508 0.306256 0.028361 0.061625
0 0.458771 0.839402 0.032038 0.069094
0 0.684611 0.083100 0.025735 0.052288
0 0.307511 0.588702 0.040441 0.040149
0 0.326155 0.554622 0.037815 0.046685
0 0.334559 0.515406 0.038866 0.044818
0 0.253151 0.557890 0.039916 0.047619
0 0.280987 0.528945 0.037815 0.042017
0 0.287027 0.481793 0.039391 0.046685
0 0.212710 0.525677 0.034664 0.039216
0 0.231355 0.498133 0.040441 0.045752
0 0.240021 0.451914 0.034664 0.039216
0 0.165179 0.507003 0.041492 0.044818
0 0.183036 0.467787 0.040441 0.048553
0 0.199842 0.430439 0.038340 0.044818
0 0.716912 0.672269 0.040966 0.044818
0 0.718225 0.631186 0.036239 0.046685
0 0.723477 0.581232 0.036239 0.040149
0 0.742647 0.554622 0.040966 0.044818
0 0.752101 0.700280 0.034664 0.037348
0 0.772321 0.661531 0.040441 0.047619
0 0.775210 0.615780 0.042017 0.047619
0 0.800158 0.586368 0.041492 0.048553
0 0.789653 0.720822 0.039391 0.044818
0 0.906775 0.691877 0.040441 0.044818
0 0.837973 0.752568 0.040441 0.044818
0 0.880777 0.776844 0.043067 0.046685
0 0.926208 0.800654 0.040441 0.047619
1 0.611345 0.319328 0.047269 0.102708
0 0.641807 0.145658 0.027311 0.061625
0 0.150998 0.406162 0.040441 0.044818
0 0.136555 0.440243 0.040966 0.043884
0 0.107405 0.476190 0.041492 0.048553
0 0.089811 0.373483 0.040966 0.039216
0 0.065389 0.442110 0.041492 0.049486
0 0.102153 0.282446 0.038340 0.043884
0 0.163866 0.313725 0.044118 0.050420
0 0.060399 0.286181 0.037815 0.047619
0 0.658088 0.170401 0.030462 0.062558
2 0.283351 0.320261 0.085609 0.095238
0 0.977153 0.931839 0.039391 0.052288
2 0.105567 0.199813 0.091387 0.089636
0 0.411502 0.876284 0.032038 0.075630
0 0.392332 0.849206 0.030462 0.066293
0 0.972426 0.826797 0.048845 0.049486
0 0.038866 0.402428 0.025210 0.067227
0 0.013130 0.409430 0.027311 0.043884
