0 0.838235 0.796919 0.066176 0.081232
0 0.922269 0.413632 0.065126 0.074697
0 0.963761 0.577965 0.058824 0.070962
0 0.902574 0.623249 0.060399 0.077498
0 0.971901 0.940243 0.050945 0.085901
0 0.816702 0.556489 0.036765 0.104575
0 0.778361 0.598506 0.046218 0.097106
0 0.730305 0.615780 0.035189 0.099907
0 0.696954 0.558824 0.056723 0.101774
0 0.643908 0.471522 0.048319 0.104575
0 0.605042 0.315126 0.045168 0.099907
0 0.587710 0.596172 0.039916 0.116713
0 0.529937 0.483660 0.061975 0.065359
0 0.528887 0.426704 0.059874 0.057890
0 0.622637 0.231559 0.043592 0.093371
0 0.575893 0.125117 0.039391 0.089636
1 0.477153 0.043884 0.056197 0.089636
0 0.476628 0.178338 0.049895 0.056022
0 0.555672 0.685808 0.057773 0.071895
0 0.564601 0.866947 0.065126 0.083100
0 0.461397 0.956116 0.066702 0.085901
3 0.608718 0.953315 0.025210 0.044818
