0 0.788690 0.441799 0.026786 0.042328
0 0.852307 0.710979 0.023065 0.025132
0 0.837426 0.680556 0.024554 0.030423
0 0.871652 0.595238 0.018601 0.044974
0 0.884673 0.662698 0.019345 0.044974
0 0.123512 0.597884 0.028274 0.031746
0 0.198661 0.491402 0.026786 0.035714
0 0.011905 0.619048 0.023810 0.050265
0 0.853423 0.177249 0.026786 0.031746
1 0.960565 0.117725 0.031250 0.037037
1 0.712054 0.151455 0.020833 0.041005
0 0.738095 0.231481 0.025298 0.023810
0 0.297991 0.229497 0.020089 0.056878
0 0.258929 0.208995 0.020833 0.050265
0 0.248140 0.156085 0.020089 0.055556
0 0.283110 0.152116 0.018601 0.044974
0 0.329613 0.179894 0.023810 0.055556
0 0.026042 0.735450 0.032738 0.042328
0 0.096726 0.686508 0.032738 0.039683
2 0.742188 0.295635 0.064732 0.033069
0 0.596354 0.171958 0.026042 0.042328
0 0.017485 0.696429 0.027530 0.035714
3 0.695312 0.318783 0.009673 0.018519
3 0.319940 0.281746 0.014881 0.039683
3 0.802455 0.205688 0.011161 0.019841
3 0.546503 0.775794 0.011161 0.033069
3 0.265997 0.646825 0.011161 0.015873
3 0.329985 0.181217 0.011161 0.034392
3 0.337798 0.156746 0.008929 0.022487
3 0.761905 0.319444 0.017857 0.019841
0 0.396577 0.445767 0.026786 0.039683
0 0.453497 0.439815 0.024554 0.030423
0 0.332217 0.279101 0.020089 0.052910
0 0.312128 0.187831 0.021577 0.042328
0 0.178199 0.632275 0.031994 0.037037
0 0.266369 0.609127 0.028274 0.033069
1 0.327381 0.583995 0.031250 0.027778
1 0.386905 0.621032 0.026786 0.033069
0 0.506324 0.373677 0.033482 0.038360
0 0.521577 0.408730 0.023810 0.023810
0 0.585938 0.386905 0.030506 0.025132
3 0.569196 0.350529 0.010417 0.018519
0 0.804688 0.344577 0.026042 0.025132
0 0.646205 0.641534 0.027530 0.039683
0 0.653646 0.679233 0.026042 0.043651
0 0.671131 0.602513 0.025298 0.041005
0 0.681176 0.634259 0.027530 0.046296
0 0.697173 0.560847 0.025298 0.039683
0 0.911086 0.332672 0.026042 0.025132
0 0.734003 0.583333 0.023065 0.047619
0 0.037946 0.217593 0.025298 0.038360
