0 0.450105 0.647059 0.027311 0.069094
0 0.477941 0.896359 0.036765 0.070962
0 0.535714 0.856209 0.042017 0.059757
0 0.607931 0.549020 0.025735 0.070962
0 0.488971 0.554622 0.030462 0.072829
0 0.523897 0.516807 0.027836 0.064426
0 0.534139 0.337535 0.037815 0.058824
0 0.307511 0.597106 0.046744 0.051354
0 0.319065 0.549020 0.038340 0.046685
0 0.331408 0.508870 0.039916 0.044818
0 0.234769 0.554622 0.040966 0.048553
0 0.266807 0.521008 0.039916 0.042951
0 0.269695 0.469655 0.043592 0.048553
0 0.188025 0.520542 0.039916 0.043884
0 0.207983 0.487395 0.044118 0.048553
0 0.219275 0.440243 0.035189 0.040149
0 0.133666 0.495798 0.042542 0.044818
0 0.154674 0.455182 0.043592 0.045752
0 0.172794 0.415966 0.039916 0.045752
0 0.740021 0.678805 0.043067 0.048553
0 0.739758 0.628385 0.039391 0.042951
0 0.742910 0.574230 0.038340 0.039216
0 0.765231 0.542017 0.040966 0.043884
0 0.778361 0.704482 0.033613 0.038282
0 0.797532 0.661064 0.041492 0.044818
0 0.802784 0.612979 0.042542 0.049486
0 0.832195 0.577498 0.045693 0.051354
0 0.819065 0.730159 0.040441 0.046685
0 0.859506 0.644725 0.041492 0.042017
0 0.873162 0.760971 0.042542 0.050420
0 0.916492 0.676004 0.044118 0.048553
0 0.919905 0.785714 0.045693 0.051354
0 0.972164 0.813725 0.044118 0.053221
0 0.806723 0.877684 0.045168 0.050420
1 0.607405 0.647526 0.058298 0.096172
0 0.420431 0.510738 0.030987 0.067227
1 0.346376 0.364146 0.040441 0.056022
0 0.227679 0.290850 0.040441 0.047619
0 0.121061 0.389356 0.043592 0.048553
0 0.104517 0.424837 0.042017 0.050420
0 0.076418 0.465453 0.043592 0.049486
0 0.066964 0.362278 0.039391 0.042951
0 0.030462 0.433240 0.043067 0.054155
0 0.021271 0.227824 0.039391 0.037348
0 0.076943 0.253968 0.046744 0.052288
0 0.017069 0.259104 0.032038 0.051354
0 0.495536 0.618581 0.033088 0.073763
0 0.616071 0.205415 0.031513 0.070962
0 0.646534 0.207283 0.028361 0.063492
0 0.676471 0.135854 0.029412 0.066293
0 0.704569 0.042017 0.032038 0.070962
1 0.709821 0.161531 0.055147 0.123249
3 0.541754 0.275910 0.012080 0.025210
3 0.560399 0.227824 0.012605 0.024276
0 0.004727 0.383754 0.010504 0.067227
