0 0.029412 0.304855 0.037815 0.062558
0 0.031513 0.244164 0.040966 0.058824
0 0.651261 0.338002 0.028361 0.061625
0 0.615546 0.786648 0.043067 0.043884
0 0.543067 0.605042 0.034664 0.072829
0 0.539916 0.807656 0.038866 0.052288
0 0.464548 0.811858 0.027836 0.060691
0 0.552784 0.468254 0.030987 0.066293
2 0.601366 0.248366 0.074580 0.175537
1 0.490284 0.822596 0.034139 0.074697
0 0.909926 0.608777 0.035189 0.044818
0 0.654149 0.113912 0.028887 0.061625
3 0.198529 0.208217 0.016807 0.018674
0 0.308561 0.588702 0.040441 0.040149
0 0.326943 0.554622 0.038340 0.046685
0 0.336134 0.516340 0.038866 0.044818
0 0.253939 0.557423 0.039391 0.046685
0 0.282038 0.528945 0.037815 0.042017
0 0.288603 0.481793 0.039391 0.046685
0 0.213761 0.525677 0.036765 0.039216
0 0.231880 0.497199 0.040441 0.045752
0 0.240021 0.450980 0.034664 0.039216
0 0.166754 0.504202 0.041492 0.044818
0 0.183298 0.468721 0.039916 0.048553
0 0.199842 0.429972 0.038340 0.045752
0 0.716912 0.674136 0.040966 0.044818
0 0.718225 0.633987 0.036239 0.046685
0 0.721901 0.583100 0.036239 0.040149
0 0.743172 0.554622 0.040966 0.044818
0 0.751050 0.700280 0.034664 0.037348
0 0.769695 0.661531 0.040441 0.047619
0 0.788340 0.625117 0.042017 0.047619
0 0.798845 0.588702 0.040966 0.047619
0 0.789391 0.724556 0.038866 0.044818
0 0.837447 0.753501 0.040441 0.044818
0 0.881303 0.778711 0.043067 0.046685
0 0.925158 0.800654 0.040441 0.047619
1 0.666229 0.157796 0.046744 0.102708
0 0.150998 0.405229 0.040441 0.044818
0 0.105830 0.416433 0.040441 0.056022
0 0.108981 0.475257 0.041492 0.048553
0 0.065914 0.442110 0.041492 0.049486
0 0.102941 0.280579 0.038866 0.043884
0 0.165966 0.314659 0.044118 0.050420
0 0.065126 0.281979 0.039916 0.044818
2 0.428571 0.460317 0.072479 0.126984
1 0.694853 0.158263 0.029412 0.062558
0 0.851366 0.856676 0.042017 0.049486
0 0.729254 0.783847 0.036239 0.049486
2 0.313025 0.320261 0.087185 0.089636
0 0.508929 0.581699 0.028361 0.067227
0 0.496061 0.550887 0.030987 0.057890
0 0.972426 0.828665 0.048845 0.049486
0 0.039391 0.401494 0.025210 0.067227
0 0.013393 0.409430 0.027836 0.043884
