0 0.755777 0.015873 0.031513 0.033613
0 0.454569 0.679272 0.022584 0.071895
0 0.464023 0.923903 0.035189 0.070028
0 0.521008 0.866013 0.039916 0.064426
0 0.600578 0.520075 0.023634 0.069094
0 0.493960 0.535014 0.030987 0.072829
0 0.530462 0.490196 0.028361 0.061625
0 0.551996 0.328665 0.036765 0.065359
0 0.305935 0.594771 0.047794 0.052288
0 0.316176 0.547619 0.037815 0.047619
0 0.327994 0.507003 0.039391 0.044818
0 0.237132 0.556022 0.040441 0.047619
0 0.268382 0.521475 0.038866 0.042017
0 0.271271 0.470121 0.044643 0.049486
0 0.190389 0.521008 0.039391 0.042951
0 0.210609 0.488329 0.044118 0.048553
0 0.222164 0.442577 0.034664 0.039216
0 0.139181 0.497666 0.044118 0.048553
0 0.158351 0.456583 0.044643 0.050420
0 0.176996 0.417367 0.039916 0.044818
0 0.736870 0.677404 0.043067 0.049486
0 0.735032 0.628852 0.039391 0.047619
0 0.738445 0.575163 0.037815 0.041083
0 0.761292 0.545752 0.042542 0.043884
0 0.773634 0.704949 0.034664 0.037348
0 0.794118 0.663399 0.042017 0.047619
0 0.797269 0.614379 0.043067 0.046685
0 0.826943 0.578898 0.046744 0.052288
0 0.814338 0.728291 0.039391 0.044818
0 0.854254 0.646125 0.041492 0.044818
0 0.867384 0.759104 0.044643 0.050420
0 0.911239 0.674136 0.046218 0.050420
0 0.914916 0.784781 0.045168 0.055089
0 0.963761 0.813725 0.043067 0.051354
0 0.768908 0.860411 0.044118 0.049486
1 0.596376 0.633053 0.057248 0.102708
0 0.431723 0.546218 0.030462 0.067227
1 0.371586 0.393091 0.040441 0.057890
0 0.262080 0.315126 0.037815 0.045752
0 0.124737 0.391223 0.040441 0.044818
0 0.108193 0.426704 0.044118 0.048553
0 0.080620 0.465453 0.044643 0.051354
0 0.071429 0.364146 0.040966 0.039216
0 0.036239 0.435574 0.043067 0.055089
0 0.025735 0.232026 0.040966 0.040149
0 0.084034 0.258637 0.048319 0.054155
0 0.021534 0.263772 0.036765 0.049486
0 0.503151 0.591036 0.032563 0.072829
0 0.625000 0.183473 0.031513 0.068161
0 0.645483 0.209150 0.028361 0.061625
0 0.677521 0.131653 0.029412 0.065359
0 0.704569 0.037348 0.032038 0.072829
1 0.695378 0.206349 0.056723 0.123249
3 0.563288 0.226424 0.011029 0.025210
0 0.994748 0.838002 0.007353 0.049486
0 0.007878 0.386555 0.016807 0.067227
