0 0.027311 0.309991 0.037815 0.065359
0 0.029412 0.248833 0.040966 0.060691
0 0.689863 0.220822 0.027836 0.058824
0 0.666492 0.795518 0.043067 0.044818
0 0.587710 0.484594 0.034664 0.072829
0 0.589286 0.779178 0.040966 0.045752
0 0.500788 0.705882 0.027836 0.061625
0 0.533351 0.516807 0.030987 0.066293
2 0.572742 0.328198 0.076155 0.178338
1 0.535977 0.693277 0.034139 0.073763
0 0.828519 0.562092 0.035189 0.044818
0 0.452994 0.860411 0.030987 0.071895
0 0.631040 0.176471 0.028887 0.061625
3 0.115546 0.172736 0.016807 0.018674
0 0.308036 0.588702 0.040441 0.040149
0 0.326681 0.554622 0.037815 0.046685
0 0.335609 0.515873 0.038866 0.045752
0 0.253676 0.557423 0.039916 0.046685
0 0.281513 0.528945 0.037815 0.042017
0 0.288078 0.481793 0.039391 0.046685
0 0.213235 0.525677 0.035714 0.039216
0 0.231880 0.497199 0.040441 0.045752
0 0.240021 0.451914 0.034664 0.039216
0 0.166229 0.506069 0.041492 0.044818
0 0.183036 0.467787 0.040441 0.048553
0 0.199842 0.429972 0.038340 0.045752
0 0.716912 0.673203 0.040966 0.044818
0 0.718225 0.633053 0.036239 0.046685
0 0.722426 0.582166 0.036239 0.040149
0 0.743172 0.555556 0.040966 0.044818
0 0.751576 0.700280 0.034664 0.037348
0 0.770746 0.661531 0.040441 0.047619
0 0.782563 0.620448 0.042017 0.047619
0 0.798845 0.587768 0.040966 0.047619
0 0.789653 0.722689 0.039391 0.044818
0 0.837447 0.753501 0.040441 0.044818
0 0.881303 0.778711 0.043067 0.046685
0 0.925683 0.800654 0.040441 0.047619
1 0.643908 0.224556 0.046218 0.099907
0 0.152048 0.407096 0.040441 0.044818
0 0.126838 0.435107 0.040441 0.054155
0 0.108456 0.476190 0.041492 0.048553
0 0.052784 0.352941 0.044643 0.035481
0 0.065914 0.442110 0.041492 0.049486
0 0.102679 0.281513 0.038340 0.043884
0 0.164916 0.313725 0.044118 0.050420
0 0.063025 0.283380 0.038866 0.045752
2 0.382616 0.401494 0.082458 0.108310
1 0.725315 0.070495 0.029412 0.062558
0 0.940651 0.908030 0.042017 0.049486
0 0.815914 0.835201 0.036239 0.049486
2 0.236345 0.269841 0.087185 0.089636
0 0.481618 0.665733 0.029412 0.065359
0 0.461660 0.647059 0.030462 0.059757
0 0.972426 0.828665 0.048845 0.049486
0 0.039391 0.402428 0.025210 0.067227
0 0.013393 0.409430 0.027836 0.043884
