0 0.944590 0.873950 0.051996 0.106443
0 0.281250 0.746499 0.059349 0.099907
0 0.781775 0.972923 0.062500 0.052288
0 0.793592 0.845938 0.050420 0.104575
0 0.827468 0.821195 0.043592 0.112979
0 0.926208 0.568627 0.049895 0.095238
0 0.712447 0.971989 0.057248 0.054155
0 0.521796 0.957049 0.068803 0.084034
0 0.460872 0.887021 0.059349 0.110177
0 0.376576 0.749767 0.036765 0.112045
0 0.325630 0.677871 0.056723 0.100840
0 0.277311 0.594304 0.064076 0.088702
0 0.208246 0.500000 0.059349 0.083100
0 0.203782 0.736695 0.058824 0.097106
0 0.147321 0.324463 0.034139 0.084967
0 0.125525 0.401494 0.057773 0.087768
0 0.122899 0.302988 0.030462 0.098039
0 0.073004 0.316993 0.049370 0.077498
0 0.113445 0.797386 0.066176 0.072829
3 0.147584 0.508403 0.025210 0.040149
3 0.069328 0.719421 0.023109 0.051354
