0 0.651414 0.638228 0.024554 0.041005
0 0.645461 0.698413 0.026042 0.042328
0 0.853423 0.708333 0.022321 0.027778
0 0.837426 0.675265 0.027530 0.033069
0 0.870536 0.592593 0.019345 0.047619
0 0.889509 0.656746 0.021577 0.048942
0 0.657366 0.847884 0.018601 0.044974
0 0.635789 0.960979 0.014137 0.046296
0 0.122768 0.603175 0.031250 0.037037
0 0.196057 0.490079 0.026042 0.035714
0 0.009301 0.621693 0.020089 0.044974
0 0.853051 0.174603 0.027530 0.037037
1 0.959449 0.113757 0.031994 0.042328
0 0.713542 0.148810 0.025298 0.043651
0 0.738839 0.229497 0.031250 0.030423
0 0.294643 0.231481 0.019345 0.055556
0 0.255580 0.208333 0.017113 0.048942
0 0.248884 0.156085 0.018601 0.052910
0 0.281622 0.150794 0.018601 0.044974
0 0.327381 0.181878 0.020833 0.056878
0 0.260417 0.585317 0.026786 0.038360
0 0.327381 0.525132 0.028274 0.039683
0 0.353423 0.214947 0.013393 0.033069
2 0.743304 0.296296 0.063988 0.031746
0 0.593750 0.169974 0.026786 0.041005
3 0.338542 0.240741 0.010417 0.031746
0 0.119792 0.642857 0.023810 0.037037
0 0.375372 0.408069 0.023065 0.051587
0 0.940104 0.359127 0.026042 0.038360
3 0.066964 0.664683 0.011905 0.019841
0 0.525670 0.902778 0.021577 0.043651
0 0.576637 0.865741 0.023810 0.046296
0 0.575893 0.765873 0.023810 0.042328
0 0.609375 0.780423 0.022321 0.042328
0 0.034970 0.221561 0.028274 0.035714
