0 0.956473 0.291005 0.027530 0.034392
0 0.851562 0.713624 0.023065 0.025132
0 0.837426 0.681217 0.024554 0.029101
0 0.870908 0.597884 0.018601 0.044974
0 0.880208 0.681878 0.017857 0.046296
0 0.123884 0.601190 0.027530 0.033069
0 0.198661 0.490079 0.026786 0.035714
0 0.011905 0.620370 0.023810 0.047619
0 0.853423 0.178571 0.026786 0.031746
1 0.960565 0.119048 0.031250 0.037037
1 0.712054 0.154101 0.020833 0.041005
0 0.738095 0.231481 0.025298 0.023810
0 0.297991 0.229497 0.020089 0.056878
0 0.258929 0.208995 0.020833 0.050265
0 0.247768 0.156746 0.019345 0.054233
0 0.283110 0.152116 0.018601 0.044974
0 0.329985 0.181217 0.023065 0.052910
2 0.741443 0.299603 0.063244 0.033069
0 0.595610 0.171958 0.026042 0.042328
0 0.035342 0.693122 0.029018 0.037037
0 0.209821 0.584656 0.029762 0.034392
0 0.119792 0.640873 0.025298 0.035714
3 0.813244 0.323413 0.011905 0.019841
3 0.319940 0.281746 0.014881 0.039683
3 0.802455 0.208995 0.011161 0.021164
3 0.589658 0.681878 0.014137 0.022487
3 0.343378 0.646164 0.011161 0.019841
3 0.341146 0.242063 0.011161 0.034392
3 0.887649 0.286376 0.017857 0.019841
0 0.550595 0.354497 0.029762 0.031746
0 0.563244 0.395503 0.025298 0.026455
0 0.295387 0.090608 0.020833 0.043651
0 0.055432 0.713624 0.033482 0.038360
0 0.206101 0.648148 0.031250 0.037037
1 0.240327 0.625000 0.028274 0.030423
1 0.282738 0.602513 0.029762 0.033069
0 0.603795 0.341931 0.030506 0.030423
0 0.594122 0.382275 0.026042 0.023810
0 0.635045 0.380952 0.029018 0.026455
3 0.744420 0.345238 0.014137 0.015873
0 0.647693 0.645503 0.027530 0.039683
0 0.654018 0.681217 0.026786 0.042328
0 0.671131 0.605820 0.026786 0.042328
0 0.683408 0.632937 0.027530 0.046296
0 0.699777 0.561508 0.026042 0.038360
0 0.629836 0.740741 0.026042 0.034392
0 0.037946 0.216931 0.025298 0.037037
