0 0.019170 0.332400 0.027836 0.072829
0 0.015494 0.266573 0.029937 0.066293
2 0.372637 0.916433 0.069853 0.163399
0 0.714023 0.191410 0.023634 0.056022
0 0.710872 0.103175 0.030987 0.062558
0 0.438550 0.720355 0.028361 0.068161
0 0.644958 0.312792 0.031513 0.063492
0 0.629464 0.271709 0.027836 0.061625
0 0.549370 0.368814 0.031513 0.063492
0 0.584559 0.332400 0.027311 0.059757
0 0.626313 0.180205 0.028887 0.061625
0 0.306197 0.588702 0.040966 0.040149
0 0.324055 0.552288 0.037815 0.047619
0 0.332195 0.514472 0.039391 0.044818
0 0.251838 0.557890 0.039391 0.047619
0 0.278887 0.528945 0.037815 0.042017
0 0.284926 0.481793 0.039391 0.046685
0 0.207983 0.525677 0.036765 0.039216
0 0.228729 0.497199 0.040441 0.045752
0 0.238971 0.450047 0.034664 0.039216
0 0.160977 0.504202 0.041492 0.044818
0 0.179359 0.467320 0.040441 0.049486
0 0.195116 0.429038 0.038340 0.045752
0 0.719800 0.673203 0.040441 0.044818
0 0.721376 0.627451 0.036239 0.046685
0 0.727153 0.579365 0.036239 0.040149
0 0.748950 0.551821 0.040966 0.044818
0 0.754202 0.700280 0.034664 0.037348
0 0.777048 0.662465 0.040441 0.047619
0 0.782038 0.612979 0.042017 0.047619
0 0.804884 0.582633 0.044643 0.050420
0 0.793855 0.720822 0.039391 0.044818
0 0.830357 0.645191 0.040966 0.044818
0 0.842700 0.751634 0.040441 0.044818
0 0.896796 0.677404 0.043592 0.045752
0 0.888130 0.776844 0.043067 0.046685
0 0.931460 0.797852 0.040441 0.047619
0 0.554622 0.827264 0.039916 0.054155
1 0.561975 0.507470 0.035714 0.105509
0 0.459559 0.771709 0.028361 0.070028
1 0.481618 0.603641 0.027311 0.071895
0 0.461660 0.411765 0.037815 0.039216
0 0.147321 0.401494 0.040441 0.044818
0 0.130777 0.438375 0.040966 0.043884
0 0.104779 0.476190 0.041492 0.048553
0 0.095063 0.378151 0.040966 0.039216
0 0.060662 0.442110 0.041492 0.049486
0 0.067227 0.256303 0.040966 0.045752
0 0.132878 0.299253 0.046218 0.049486
0 0.047794 0.287115 0.037815 0.049486
0 0.558824 0.417367 0.031513 0.067227
0 0.664128 0.143791 0.027836 0.061625
0 0.700105 0.058824 0.028361 0.061625
1 0.597426 0.507003 0.056197 0.112045
0 0.976628 0.824930 0.042542 0.049486
0 0.032563 0.399627 0.025210 0.067227
0 0.007353 0.409430 0.015756 0.043884
