0 0.702468 0.121849 0.058298 0.073763
0 0.904937 0.150794 0.053571 0.066293
0 0.902311 0.028945 0.037815 0.059757
0 0.932248 0.190943 0.056723 0.071895
0 0.832195 0.288515 0.037290 0.095238
0 0.609769 0.112045 0.040966 0.087768
0 0.690389 0.199813 0.039391 0.089636
0 0.661239 0.288049 0.039916 0.088702
0 0.832721 0.380952 0.060399 0.072829
0 0.863445 0.419701 0.063025 0.060691
0 0.852416 0.486928 0.063025 0.062558
0 0.795431 0.446779 0.042542 0.094304
0 0.791754 0.533147 0.059349 0.067227
0 0.750525 0.640990 0.042017 0.099907
0 0.574580 0.306723 0.040966 0.094304
0 0.562500 0.380952 0.055672 0.080299
0 0.533088 0.440710 0.048319 0.100840
0 0.487395 0.427171 0.031513 0.109244
0 0.418592 0.410831 0.058824 0.082166
0 0.339023 0.316993 0.059349 0.077498
0 0.759454 0.823529 0.070378 0.078431
0 0.557511 0.759570 0.038340 0.116713
0 0.416492 0.563959 0.061975 0.098973
0 0.332721 0.531746 0.062500 0.077498
0 0.314863 0.486461 0.059349 0.080299
0 0.324055 0.233427 0.057773 0.076564
0 0.250525 0.187675 0.055672 0.069094
1 0.129727 0.202614 0.081933 0.095238
0 0.186712 0.326797 0.050945 0.078431
0 0.665441 0.930439 0.052521 0.112979
0 0.422794 0.672736 0.049370 0.088702
0 0.485819 0.809524 0.049370 0.117647
3 0.646008 0.505602 0.018908 0.055089
3 0.802521 0.247432 0.015756 0.044818
3 0.695903 0.625584 0.015756 0.050420
3 0.729517 0.603175 0.017857 0.056022
