0 0.032563 0.301120 0.034664 0.060691
0 0.035714 0.238562 0.039916 0.055089
0 0.591387 0.819328 0.037815 0.042017
0 0.487395 0.837068 0.028361 0.062558
0 0.433036 0.915033 0.034139 0.072829
0 0.681197 0.127918 0.031513 0.061625
3 0.435924 0.687208 0.012605 0.022409
3 0.389181 0.787115 0.010504 0.022409
3 0.491859 0.356209 0.016282 0.023343
0 0.310137 0.588702 0.040441 0.040149
0 0.328256 0.556022 0.037815 0.045752
0 0.338235 0.517274 0.038866 0.044818
0 0.255515 0.556956 0.039391 0.045752
0 0.283876 0.528945 0.038340 0.042017
0 0.289653 0.483660 0.039391 0.046685
0 0.214811 0.528945 0.037815 0.038282
0 0.233456 0.497199 0.040441 0.045752
0 0.243960 0.453782 0.034139 0.042951
0 0.168330 0.504202 0.041492 0.044818
0 0.185399 0.468721 0.039916 0.048553
0 0.200368 0.429972 0.038340 0.045752
0 0.716912 0.678805 0.040966 0.044818
0 0.733981 0.646125 0.038340 0.046685
0 0.720851 0.586835 0.036239 0.040149
0 0.743172 0.557423 0.040966 0.044818
0 0.750263 0.704949 0.034139 0.037348
0 0.808824 0.691410 0.040966 0.047619
0 0.856880 0.673669 0.043592 0.047619
0 0.801471 0.596639 0.040966 0.046685
0 0.790966 0.728291 0.038866 0.044818
0 0.836922 0.758170 0.040441 0.044818
0 0.881565 0.782446 0.042542 0.046685
0 0.925158 0.806723 0.040441 0.046685
0 0.048845 0.356209 0.042017 0.040149
0 0.111082 0.474323 0.041492 0.048553
0 0.069065 0.442110 0.040441 0.049486
0 0.114496 0.287115 0.038866 0.043884
0 0.169643 0.315593 0.044118 0.050420
0 0.068277 0.281513 0.039916 0.042017
2 0.488445 0.733427 0.052521 0.148459
0 0.716387 0.820261 0.040966 0.043884
0 0.871324 0.873483 0.036765 0.040149
1 0.571954 0.501867 0.029412 0.062558
1 0.410714 0.869281 0.084034 0.212885
0 0.681460 0.213352 0.026786 0.062558
0 0.605830 0.647526 0.027836 0.071895
0 0.596376 0.537815 0.023634 0.069094
2 0.561975 0.322596 0.075630 0.124183
0 0.728466 0.114846 0.032563 0.065359
0 0.765494 0.028011 0.030987 0.048553
0 0.607143 0.321662 0.029412 0.062558
0 0.621849 0.219888 0.029412 0.062558
0 0.972952 0.834267 0.048845 0.049486
0 0.038866 0.401027 0.025210 0.066293
0 0.014181 0.409430 0.029412 0.043884
