0 0.715599 0.130719 0.059349 0.072829
0 0.910977 0.158263 0.054097 0.066293
0 0.918067 0.038749 0.039916 0.071895
0 0.939601 0.201214 0.056723 0.071895
0 0.841649 0.300187 0.038340 0.094304
0 0.622637 0.117647 0.042542 0.087768
0 0.699317 0.206349 0.040441 0.089636
0 0.670431 0.295518 0.040441 0.088702
0 0.841387 0.394958 0.060924 0.072829
0 0.870536 0.431373 0.063550 0.065359
0 0.862920 0.505135 0.067227 0.067227
0 0.801471 0.457049 0.043067 0.094304
0 0.796481 0.540616 0.060399 0.067227
0 0.755515 0.653128 0.042542 0.099907
0 0.584559 0.312325 0.039916 0.094304
0 0.570378 0.383754 0.055672 0.080299
0 0.540179 0.444444 0.047794 0.100840
0 0.496849 0.426704 0.031513 0.108310
0 0.427784 0.410831 0.057248 0.080299
0 0.348214 0.312325 0.058824 0.077498
0 0.762868 0.837068 0.070903 0.081232
0 0.560137 0.772642 0.037290 0.118581
0 0.420956 0.563492 0.062500 0.099907
0 0.336397 0.528011 0.062500 0.077498
0 0.320116 0.481326 0.059349 0.079365
0 0.331933 0.226891 0.056723 0.076564
0 0.261029 0.179272 0.054622 0.072829
1 0.138393 0.190476 0.081408 0.095238
0 0.193015 0.319328 0.050945 0.078431
0 0.665966 0.935107 0.053571 0.109244
0 0.426996 0.671802 0.049370 0.088702
0 0.488971 0.809991 0.050420 0.116713
3 0.647059 0.521475 0.018908 0.055089
3 0.818277 0.239029 0.016807 0.044818
3 0.707721 0.610177 0.015231 0.049486
3 0.733718 0.620915 0.017857 0.056022
