0 0.673735 0.601190 0.024554 0.041005
0 0.689732 0.627646 0.028274 0.041005
0 0.853423 0.708333 0.022321 0.027778
0 0.837426 0.675265 0.027530 0.033069
0 0.870908 0.592593 0.020089 0.047619
0 0.889137 0.655423 0.020833 0.046296
0 0.635417 0.980159 0.019345 0.037037
0 0.119792 0.606481 0.031250 0.038360
0 0.196057 0.490079 0.026042 0.035714
0 0.009301 0.621693 0.020089 0.044974
0 0.853051 0.174603 0.027530 0.037037
1 0.959449 0.113757 0.031994 0.042328
0 0.713542 0.148810 0.025298 0.043651
0 0.738839 0.228175 0.031250 0.030423
0 0.293899 0.231481 0.019345 0.055556
0 0.255952 0.208333 0.017857 0.048942
0 0.248884 0.156085 0.018601 0.052910
0 0.281622 0.150794 0.018601 0.044974
0 0.327009 0.181878 0.021577 0.056878
0 0.205729 0.622354 0.031994 0.041005
0 0.275298 0.577381 0.032738 0.038360
0 0.345982 0.183201 0.011905 0.027778
2 0.743304 0.296296 0.063988 0.031746
0 0.593750 0.169974 0.026786 0.041005
3 0.339286 0.240079 0.010417 0.030423
0 0.043155 0.677910 0.026786 0.041005
0 0.160714 0.610450 0.023810 0.041005
0 0.345982 0.498677 0.031250 0.042328
0 0.868676 0.421958 0.031994 0.039683
1 0.970238 0.326058 0.034226 0.043651
3 0.113839 0.631614 0.011905 0.019841
0 0.068824 0.688492 0.027530 0.038360
0 0.531994 0.890873 0.023810 0.043651
0 0.562500 0.795635 0.023810 0.041005
0 0.603423 0.779101 0.023810 0.044974
0 0.620164 0.687831 0.024554 0.042328
0 0.645461 0.707011 0.023065 0.041005
0 0.034598 0.220899 0.029018 0.037037
