0 0.450630 0.652194 0.026261 0.070028
0 0.475578 0.900560 0.036239 0.070028
0 0.533351 0.857610 0.041492 0.060691
0 0.606618 0.544351 0.025210 0.070962
0 0.489758 0.551354 0.030987 0.071895
0 0.524947 0.512605 0.027836 0.063492
0 0.537027 0.336134 0.037290 0.059757
0 0.307511 0.596639 0.046744 0.052288
0 0.318015 0.548553 0.038340 0.045752
0 0.330357 0.508403 0.039916 0.045752
0 0.235032 0.555089 0.040441 0.047619
0 0.266807 0.521008 0.039916 0.042951
0 0.269958 0.469655 0.044118 0.048553
0 0.188288 0.520542 0.039391 0.043884
0 0.208508 0.487395 0.044118 0.048553
0 0.219538 0.440243 0.034664 0.040149
0 0.134979 0.496265 0.043067 0.045752
0 0.155462 0.455649 0.044118 0.046685
0 0.173582 0.415966 0.040441 0.045752
0 0.739496 0.678805 0.043067 0.048553
0 0.738708 0.628385 0.039391 0.044818
0 0.741859 0.574230 0.038340 0.039216
0 0.764443 0.542951 0.041492 0.043884
0 0.777311 0.704482 0.033613 0.038282
0 0.797006 0.661531 0.041492 0.045752
0 0.801733 0.613445 0.042542 0.048553
0 0.831145 0.577498 0.045693 0.051354
0 0.818015 0.729692 0.040441 0.045752
0 0.858456 0.645191 0.041492 0.042951
0 0.872111 0.760971 0.043592 0.050420
0 0.915704 0.675537 0.044643 0.049486
0 0.919118 0.786181 0.045168 0.052288
0 0.970588 0.813725 0.044118 0.053221
0 0.800420 0.874883 0.045168 0.050420
1 0.605305 0.645191 0.058298 0.097106
0 0.422006 0.516340 0.030987 0.067227
1 0.350578 0.369281 0.040441 0.056956
0 0.233193 0.295051 0.039916 0.046685
0 0.121849 0.389823 0.043067 0.047619
0 0.104779 0.424837 0.042542 0.050420
0 0.077206 0.465453 0.044118 0.049486
0 0.067752 0.362745 0.039916 0.042017
0 0.031513 0.433707 0.043067 0.055089
0 0.021796 0.228291 0.039391 0.038282
0 0.078256 0.254435 0.047269 0.053221
0 0.017857 0.260037 0.033613 0.051354
0 0.496586 0.613912 0.033088 0.073763
0 0.617647 0.201681 0.031513 0.070962
0 0.646008 0.207283 0.028361 0.063492
0 0.676471 0.135387 0.029412 0.067227
0 0.704569 0.040616 0.032038 0.071895
1 0.707458 0.169001 0.055672 0.123249
3 0.540704 0.278245 0.012080 0.026144
3 0.560662 0.227358 0.012080 0.025210
0 0.005252 0.383754 0.011555 0.067227
