0 0.740327 0.506614 0.025298 0.042328
0 0.853051 0.710317 0.023065 0.026455
0 0.837426 0.679894 0.024554 0.031746
0 0.871652 0.592593 0.021577 0.044974
0 0.888765 0.654762 0.021577 0.044974
0 0.125000 0.598545 0.026786 0.038360
0 0.198661 0.491402 0.026786 0.035714
0 0.011905 0.618386 0.023810 0.048942
0 0.853423 0.177249 0.026786 0.031746
1 0.960565 0.117725 0.031250 0.037037
1 0.712054 0.150132 0.020833 0.041005
0 0.738839 0.231481 0.025298 0.023810
0 0.297991 0.229497 0.020089 0.056878
0 0.258929 0.208995 0.020833 0.050265
0 0.248884 0.155423 0.020089 0.054233
0 0.283110 0.151455 0.018601 0.043651
0 0.329985 0.178571 0.023065 0.050265
0 0.098586 0.689153 0.033482 0.037037
0 0.157738 0.645503 0.032738 0.037037
2 0.743304 0.294974 0.063988 0.031746
0 0.596354 0.171958 0.026042 0.042328
3 0.653274 0.287037 0.010417 0.015873
3 0.321429 0.281746 0.014881 0.039683
3 0.806548 0.216270 0.011905 0.019841
3 0.533854 0.907407 0.011161 0.031746
3 0.222098 0.670635 0.011161 0.015873
3 0.323661 0.146825 0.011905 0.034392
3 0.348958 0.228175 0.008929 0.019841
3 0.708705 0.316138 0.015625 0.018519
3 0.952381 0.244709 0.017857 0.018519
0 0.271577 0.534392 0.025298 0.037037
0 0.351562 0.494048 0.024554 0.030423
0 0.338914 0.357143 0.014137 0.047619
0 0.332961 0.279762 0.021577 0.043651
0 0.053199 0.747354 0.027530 0.039683
0 0.219866 0.608466 0.031994 0.037037
0 0.328497 0.579365 0.031994 0.029101
1 0.393601 0.611111 0.029762 0.039683
1 0.454985 0.700397 0.026042 0.038360
0 0.414062 0.437169 0.030506 0.038360
0 0.456101 0.441799 0.023810 0.023810
0 0.517113 0.414021 0.028274 0.029101
3 0.481771 0.390873 0.012649 0.019841
0 0.670387 0.374339 0.026786 0.026455
0 0.646205 0.642857 0.027530 0.039683
0 0.654762 0.679894 0.028274 0.044974
0 0.672619 0.606481 0.025298 0.041005
0 0.683408 0.633598 0.027530 0.044974
0 0.700893 0.560847 0.023810 0.039683
0 0.813988 0.424603 0.025298 0.039683
0 0.800967 0.477513 0.027530 0.044974
0 0.038318 0.217593 0.026042 0.038360
