0 0.842700 0.782913 0.065651 0.083100
0 0.915704 0.404295 0.064601 0.074697
0 0.958246 0.564426 0.059349 0.070028
0 0.897584 0.612045 0.059874 0.077498
0 0.970063 0.924837 0.052521 0.086835
0 0.939601 0.966853 0.069328 0.045752
0 0.811975 0.547152 0.035714 0.104575
0 0.773372 0.587768 0.046744 0.096172
0 0.726366 0.610177 0.035714 0.099907
0 0.692227 0.551821 0.055672 0.102708
0 0.638393 0.466387 0.048845 0.103641
0 0.598739 0.311858 0.045168 0.098973
0 0.583771 0.593838 0.040441 0.115780
0 0.524947 0.482260 0.062500 0.064426
0 0.523109 0.424837 0.059874 0.056022
0 0.614758 0.227824 0.043592 0.093371
0 0.567752 0.122316 0.039916 0.089636
1 0.468225 0.043884 0.057248 0.089636
0 0.468750 0.178338 0.049895 0.056022
0 0.552521 0.684407 0.056723 0.072829
0 0.563025 0.864613 0.065126 0.084034
0 0.460347 0.956116 0.066702 0.085901
3 0.612395 0.944911 0.025210 0.044818
