0 0.031250 0.301120 0.037290 0.060691
0 0.033613 0.239496 0.040966 0.055089
0 0.892857 0.915500 0.040966 0.049486
0 0.601366 0.488329 0.028361 0.061625
0 0.561187 0.803455 0.043592 0.051354
0 0.494223 0.735761 0.034664 0.072829
0 0.481618 0.891223 0.032563 0.066293
0 0.431460 0.909897 0.027836 0.060691
0 0.581670 0.391690 0.030987 0.066293
2 0.629989 0.174603 0.074055 0.175537
3 0.346113 0.966387 0.010504 0.026144
3 0.299895 0.254435 0.016807 0.021475
0 0.309086 0.588702 0.040441 0.040149
0 0.327468 0.555556 0.038340 0.046685
0 0.336660 0.516340 0.038866 0.044818
0 0.254464 0.557423 0.039391 0.046685
0 0.282563 0.528945 0.037815 0.042017
0 0.289128 0.481793 0.039391 0.046685
0 0.214023 0.525677 0.037290 0.039216
0 0.231880 0.497199 0.040441 0.045752
0 0.240284 0.450980 0.034139 0.039216
0 0.167279 0.503268 0.041492 0.044818
0 0.183824 0.468721 0.039916 0.048553
0 0.200368 0.429972 0.038340 0.045752
0 0.716912 0.675070 0.040966 0.044818
0 0.718225 0.634921 0.036239 0.046685
0 0.720851 0.583100 0.036239 0.040149
0 0.743435 0.552754 0.040441 0.044818
0 0.750525 0.700280 0.034664 0.037348
0 0.772847 0.664332 0.040441 0.047619
0 0.799895 0.632120 0.042017 0.046685
0 0.800158 0.589636 0.040441 0.047619
0 0.789391 0.725490 0.038866 0.044818
0 0.836922 0.754435 0.040441 0.044818
0 0.881303 0.779645 0.043067 0.046685
0 0.925158 0.800654 0.040441 0.047619
0 0.140494 0.396359 0.040441 0.043884
0 0.078519 0.379552 0.040441 0.056956
0 0.109506 0.475257 0.041492 0.048553
0 0.066964 0.442110 0.041492 0.049486
0 0.103466 0.280579 0.038866 0.043884
0 0.167017 0.314659 0.044118 0.050420
0 0.066439 0.281513 0.040441 0.043884
2 0.469538 0.542484 0.056723 0.145658
1 0.654937 0.269374 0.029412 0.062558
0 0.742384 0.792717 0.044643 0.050420
0 0.648897 0.722689 0.035189 0.059757
2 0.404937 0.361811 0.086134 0.070028
0 0.533613 0.519141 0.028361 0.069094
0 0.531513 0.454248 0.026261 0.060691
0 0.972426 0.829599 0.048845 0.049486
0 0.039916 0.401027 0.025210 0.066293
0 0.013655 0.409430 0.028361 0.043884
