0 0.034664 0.299720 0.032563 0.056022
0 0.037815 0.237162 0.038866 0.056022
0 0.481355 0.898226 0.034139 0.065359
3 0.499737 0.508403 0.014181 0.023343
3 0.332983 0.977124 0.012605 0.025210
3 0.410977 0.681606 0.009979 0.022409
3 0.560662 0.305322 0.014181 0.029879
0 0.310662 0.588702 0.040441 0.040149
0 0.329044 0.556022 0.038340 0.045752
0 0.339023 0.517740 0.038340 0.045752
0 0.256040 0.556956 0.039391 0.045752
0 0.284401 0.528945 0.038340 0.042017
0 0.290179 0.484594 0.039391 0.046685
0 0.215861 0.528478 0.037815 0.037348
0 0.233981 0.497199 0.040441 0.045752
0 0.243960 0.452848 0.034139 0.041083
0 0.168855 0.504669 0.041492 0.045752
0 0.186450 0.468721 0.039916 0.048553
0 0.167805 0.413165 0.038340 0.045752
0 0.716912 0.680672 0.040966 0.044818
0 0.769433 0.671802 0.040966 0.047619
0 0.721639 0.590570 0.036765 0.040149
0 0.742647 0.560224 0.040966 0.044818
0 0.750263 0.706816 0.034139 0.037348
0 0.885242 0.737162 0.040441 0.047619
0 0.916754 0.711018 0.043592 0.047619
0 0.802521 0.597572 0.040966 0.046685
0 0.790179 0.731559 0.038340 0.043884
0 0.836922 0.760037 0.040441 0.044818
0 0.881565 0.785247 0.042542 0.046685
0 0.925158 0.808590 0.040441 0.046685
0 0.018382 0.354809 0.037815 0.039216
0 0.111607 0.473389 0.041492 0.048553
0 0.069590 0.442110 0.039391 0.049486
0 0.118697 0.288982 0.038866 0.043884
0 0.170693 0.316527 0.044118 0.050420
0 0.075105 0.279178 0.039916 0.041083
2 0.462710 0.817927 0.063025 0.147526
0 0.564076 0.809524 0.037815 0.048553
0 0.701943 0.801120 0.035189 0.037348
1 0.542542 0.601774 0.029412 0.062558
1 0.469800 0.698880 0.083508 0.204482
0 0.362132 0.984127 0.030987 0.031746
0 0.418330 0.764239 0.030987 0.066293
0 0.651261 0.349673 0.026261 0.062558
0 0.589286 0.522876 0.024160 0.074697
0 0.606618 0.386555 0.024160 0.069094
2 0.607668 0.241363 0.059874 0.144725
0 0.715861 0.150327 0.032563 0.065359
0 0.748687 0.070028 0.030987 0.061625
0 0.670431 0.153595 0.027836 0.062558
0 0.650735 0.133987 0.029412 0.062558
0 0.972952 0.837068 0.048845 0.049486
0 0.040704 0.401027 0.025735 0.066293
0 0.014443 0.409430 0.029937 0.043884
