0 0.396534 0.470121 0.031513 0.070028
0 0.562237 0.784314 0.042542 0.061625
0 0.621324 0.843137 0.044118 0.041083
0 0.644433 0.651727 0.033613 0.074697
0 0.446429 0.683940 0.032563 0.073763
0 0.482405 0.664799 0.028887 0.070962
0 0.429097 0.342670 0.042017 0.048553
0 0.339548 0.618581 0.044643 0.051354
0 0.369748 0.580299 0.038866 0.047619
0 0.381040 0.540149 0.041492 0.045752
0 0.230567 0.556956 0.046218 0.051354
0 0.268382 0.523810 0.044118 0.050420
0 0.257616 0.460784 0.043592 0.055089
0 0.168855 0.513539 0.038340 0.044818
0 0.196429 0.480392 0.044118 0.047619
0 0.202468 0.428571 0.037290 0.044818
0 0.114496 0.489262 0.047269 0.048553
0 0.139706 0.450514 0.043067 0.042017
0 0.155725 0.404295 0.041492 0.046685
0 0.752363 0.681139 0.042542 0.047619
0 0.727941 0.616246 0.040966 0.044818
0 0.717437 0.547619 0.037815 0.042017
0 0.763130 0.528478 0.040966 0.044818
0 0.794380 0.707750 0.033088 0.039216
0 0.813288 0.664332 0.042542 0.047619
0 0.813813 0.608310 0.042542 0.049486
0 0.839286 0.567694 0.045168 0.050420
0 0.840861 0.736228 0.040966 0.047619
0 0.878414 0.642857 0.042542 0.042017
0 0.896796 0.770775 0.045693 0.051354
0 0.939601 0.677404 0.045168 0.047619
0 0.946166 0.794585 0.045693 0.050420
0 0.988971 0.816993 0.019958 0.054155
1 0.698267 0.721289 0.067752 0.075630
0 0.319328 0.353875 0.040966 0.063492
1 0.196166 0.245098 0.042542 0.056956
0 0.047794 0.177404 0.039916 0.048553
0 0.099790 0.376284 0.045168 0.050420
0 0.083508 0.413632 0.040966 0.052288
0 0.054622 0.458450 0.043067 0.048553
0 0.044118 0.348273 0.040966 0.044818
0 0.011555 0.420168 0.024160 0.054155
0 0.007090 0.209150 0.015231 0.033613
0 0.057248 0.240896 0.045168 0.050420
0 0.945378 0.633053 0.046218 0.054155
0 0.445378 0.775910 0.034664 0.082166
0 0.557248 0.308590 0.043067 0.068161
0 0.652836 0.197012 0.026261 0.069094
0 0.681723 0.127918 0.030462 0.067227
0 0.650735 0.100840 0.032563 0.070962
0 0.706933 0.044818 0.031513 0.067227
3 0.569590 0.206349 0.009979 0.022409
3 0.545168 0.251634 0.013655 0.023343
